0.01122879648 0.01212061093 0.01301242538 0.01390423983 0.01479605428 0.01568786873 0.01657968318 0.01768784142 0.01888871843 0.02008959544 0.02129047244 0.02249134945 0.02369222646 0.02492978842 0.02622237781 0.02751496719 0.02880755658 0.03010014597 0.03139273535 0.03265848963 0.0336827279 0.03470696618 0.03573120445 0.03675544273 0.03777968101 0.03880391928 0.0393224669 0.03971459185 0.0401067168 0.04048622094 0.04085892927 0.0412316376 0.04043488241 0.03958565773 0.03873643305 0.03808793844 0.03781222824 0.03753651804 0.03710859427 0.03607181625 0.03503503823 0.03399826021 0.03296148219 0.03192470417 0.03088792615 0.02998706018 0.02910129555 0.02821553091 0.02732976628 0.02644400164 0.02555823701 0.0246628258 0.02376098354 0.02285914128 0.02195729902 0.02105545676 0.02015361451 0.01926055457 0.01838798673 0.01751541888 0.01664285103 0.01577028319 0.01489771534 0.01402514749 
0.01369357494 0.01490622388 0.01579803833 0.01668985278 0.01758166723 0.01847348168 0.01936529613 0.02047345437 0.02167433138 0.02287520839 0.02407608539 0.0252769624 0.02659837158 0.02820768157 0.02966362554 0.03095621493 0.03224880431 0.0335413937 0.03483398309 0.03611060091 0.03722174754 0.03824598582 0.03927022409 0.04029446237 0.04131870064 0.04234293892 0.04286148653 0.04325361148 0.04361790297 0.04364227333 0.04401498166 0.04438768998 0.0432746785 0.04242545383 0.04157622915 0.0413216766 0.04102775058 0.04075204038 0.04032411662 0.0392873386 0.03825056058 0.03721378256 0.03617700454 0.03514022652 0.03429835184 0.03328676942 0.03240100478 0.03151524015 0.03062947551 0.02974371088 0.02885794625 0.02796253504 0.02706069278 0.02615885052 0.02525700826 0.024355166 0.02342845773 0.0224144722 0.02147411525 0.0206015474 0.01972897955 0.01885641171 0.01798384386 0.01711127601 
0.01615835339 0.01740665061 0.01858365128 0.01947546573 0.02036728018 0.02125909463 0.02215090908 0.02325906732 0.02445994433 0.02566082133 0.02686169834 0.02814293013 0.02974558106 0.03135489104 0.0329741896 0.03439746266 0.03569005205 0.03698264143 0.03827523082 0.03955184864 0.04068472237 0.04178500545 0.04280924373 0.04383348201 0.04485772028 0.04588195856 0.04640050617 0.04679263112 0.04703167202 0.04694150164 0.04717103404 0.04754374237 0.0461144746 0.04526524993 0.04459684398 0.04461917011 0.04424327293 0.04396756273 0.04353963896 0.04250286094 0.04146608292 0.0404293049 0.03939252688 0.03852628929 0.03773314045 0.03672155802 0.03570071402 0.03481494939 0.03392918475 0.03304342012 0.03215765548 0.03126224427 0.03036040202 0.02945855976 0.0285567175 0.02764244224 0.02661626992 0.02560228439 0.02461673469 0.02368767592 0.02281510807 0.02194254023 0.02106997238 0.02019740453 
0.01862313185 0.01987142907 0.02111972629 0.02226107868 0.02315289313 0.02404470758 0.02493652203 0.02604468027 0.02724555728 0.02844643428 0.02968748868 0.03129013961 0.03289279054 0.03450210052 0.03612139908 0.03774069764 0.03913129978 0.04042388917 0.04171647856 0.04299309638 0.0441259701 0.04525884382 0.04634826337 0.04737250164 0.04839673992 0.04942097819 0.04993952581 0.05033165076 0.05044544108 0.05035527069 0.05032708642 0.05069979475 0.0489542707 0.04810504602 0.04789433748 0.04791666361 0.04745879527 0.04718308507 0.04675516131 0.04571838329 0.04468160527 0.04364482725 0.04275422673 0.04196107789 0.04116792905 0.04015634663 0.03912049381 0.03811465863 0.03722889399 0.03634312936 0.03545736472 0.03456195351 0.03366011125 0.032758269 0.03185642674 0.03083025442 0.0298040821 0.02879009657 0.02780454688 0.02681899718 0.0259012366 0.02502866875 0.0241561009 0.02328353306 
0.0210879103 0.02233620752 0.02358450474 0.02483280196 0.02593850608 0.02683032053 0.02772213498 0.02883029322 0.03003117022 0.03123204723 0.03283469816 0.03443734909 0.03604000002 0.03764931 0.03926860856 0.04088790712 0.04250720568 0.0438651369 0.04515772629 0.04643434411 0.04756721783 0.04870009156 0.04983296528 0.05091152128 0.05193575956 0.05295999783 0.05347854545 0.05374541981 0.05385921013 0.05376903974 0.05356904436 0.05385584713 0.0517940668 0.05094484212 0.05119183099 0.05121415712 0.05075628878 0.05039860742 0.04997068365 0.04893390563 0.04789712761 0.04698216418 0.04618901534 0.0453958665 0.04460271765 0.04359113523 0.04255528241 0.04151942959 0.04052860323 0.03964283859 0.03875707396 0.03786166275 0.03695982049 0.03605797823 0.03504423892 0.03401806661 0.03299189429 0.03197790876 0.03099235906 0.03000680937 0.02902125967 0.02811479727 0.02724222942 0.02636966158 
0.02355268876 0.02480098598 0.0260492832 0.02729758042 0.02854587764 0.02961593347 0.03050774793 0.03161590617 0.03281678317 0.03437925671 0.03598190764 0.03758455857 0.03918720949 0.04079651948 0.04241581804 0.0440351166 0.04565441516 0.04727371372 0.04859897403 0.04987559185 0.05100846557 0.05214133929 0.05327421302 0.05440708674 0.05547477919 0.05649901747 0.05701756509 0.05715918886 0.05727297918 0.05718280879 0.05698281341 0.05701189952 0.0546338629 0.05420843212 0.0544893245 0.05451165062 0.05405378229 0.05361412976 0.05318620599 0.05214942798 0.05121010163 0.05041695279 0.04962380394 0.0488306551 0.04803750626 0.04702592384 0.04599007102 0.0449542182 0.04391836538 0.04294254783 0.0420567832 0.04116137199 0.04025952973 0.03925822343 0.03823205111 0.03720587879 0.03617970647 0.03516572094 0.03418017125 0.03319462155 0.03220907186 0.03122352216 0.03032835794 0.0294557901 
0.02601746721 0.02726576443 0.02851406165 0.02976235887 0.0310106561 0.03225895332 0.03329336087 0.03440151911 0.03592381526 0.03752646619 0.03912911712 0.04073176804 0.04233441897 0.04394372895 0.04556302752 0.04718232608 0.04880162464 0.0504209232 0.05204022176 0.05331683958 0.0544497133 0.05558258703 0.05671546075 0.05784833447 0.0589812082 0.06003803711 0.0604591676 0.06057295792 0.06068674823 0.06059657785 0.06039658247 0.06019658709 0.057473659 0.05750592562 0.057786818 0.05780914413 0.05735127579 0.05689340745 0.05640172834 0.05543803907 0.05464489023 0.05385174139 0.05305859255 0.05226544371 0.05147229486 0.05046071244 0.04942485962 0.0483890068 0.04735315398 0.04631730116 0.04535649244 0.04446108123 0.04347220793 0.04244603561 0.04141986329 0.04039369098 0.03936751866 0.03835353313 0.03736798343 0.03638243374 0.03539688404 0.03441133435 0.03342578465 0.03254191862 
0.02848224567 0.02973054289 0.03097884011 0.03222713733 0.03347543455 0.03472373177 0.03597202899 0.03746837381 0.03907102474 0.04067367566 0.04227632659 0.04387897752 0.04548162845 0.04709093843 0.04871023699 0.05032953555 0.05194883411 0.05356813268 0.05518743124 0.05675808731 0.05789096104 0.05902383476 0.06015670849 0.06128958221 0.06242245593 0.06355532966 0.06387293665 0.06398672697 0.06410051728 0.0640103469 0.06381035152 0.06361035614 0.06052252675 0.06080341913 0.06108431151 0.06110663764 0.0606487693 0.06019090096 0.05966597652 0.05887282768 0.05807967884 0.05728652999 0.05649338115 0.05570023231 0.05490708347 0.05389550105 0.05285964823 0.05182379541 0.05078794259 0.04975208977 0.04871623695 0.04768619243 0.04666002011 0.0456338478 0.04460767548 0.04358150316 0.04255533085 0.04154134532 0.04055579562 0.03957024592 0.03858469623 0.03759914653 0.03661359684 0.03562804714 
0.0289390468 0.03018734402 0.03143564124 0.03268393846 0.03393223568 0.0351805329 0.03640591913 0.03787661841 0.03947926934 0.04108192027 0.0426845712 0.04428722213 0.04588987305 0.04761623381 0.04925016372 0.05086946228 0.05248876084 0.0541080594 0.05572735796 0.05729801404 0.05843088776 0.05956376149 0.06069663521 0.06182950894 0.06296238266 0.06419555217 0.06477067899 0.06488446931 0.06499825962 0.06490808924 0.06470809386 0.06450809848 0.06160466537 0.06188555774 0.06216645012 0.0619635198 0.06150565146 0.06104778313 0.06046561107 0.05953350368 0.05874035484 0.05794720599 0.05715405715 0.05636090831 0.05556775947 0.05455617705 0.05352032423 0.05248447141 0.05144861859 0.05041276577 0.04937539053 0.04843283902 0.0474066667 0.04638049438 0.04535432206 0.04432814975 0.04330197743 0.0422879919 0.0413024422 0.04031689251 0.03933134281 0.03834579312 0.03736024342 0.03647609762 
0.02939584793 0.03064414515 0.03189244237 0.03314073959 0.03438903682 0.03563733404 0.03679398729 0.03827589571 0.03988751394 0.04149016487 0.0430928158 0.04469546673 0.04629811766 0.04802447842 0.04979009045 0.05140938901 0.05302868757 0.05464798613 0.05626728469 0.05783794077 0.05897081449 0.06010368822 0.06123656194 0.06236943566 0.06350230939 0.06491601132 0.06566842133 0.06578221165 0.06589600196 0.06580583157 0.0656058362 0.06540584082 0.06268680398 0.06296769636 0.06324858874 0.06282040197 0.06236253363 0.06190466529 0.06137641247 0.06019417968 0.05940103083 0.05860788199 0.05781473315 0.05702158431 0.05622843547 0.05521685305 0.05418100023 0.05314514741 0.05210929459 0.05107344177 0.05002236476 0.04911303737 0.04815331328 0.04712714097 0.04610096865 0.04507479633 0.04404862402 0.04303463848 0.04204908879 0.04106353909 0.0400779894 0.0390924397 0.03810689001 0.0373241481 
0.02985264907 0.03110094629 0.03234924351 0.03359754073 0.03484583795 0.03608649817 0.03718205544 0.03866396386 0.04029575855 0.04189840948 0.04350106041 0.04510371134 0.04670636226 0.04843272302 0.05033001717 0.05194931573 0.0535686143 0.05518791286 0.05680721142 0.05837786749 0.05951074122 0.06064361494 0.06177648867 0.06290936239 0.06410241359 0.06563647046 0.06656616367 0.06667995398 0.0667937443 0.06670357391 0.06650357853 0.06610517198 0.0637689426 0.06404983498 0.06433072736 0.06367728414 0.0632194158 0.06276154746 0.06228721387 0.06093823081 0.06006170683 0.05926855799 0.05847540915 0.05768226031 0.05688911147 0.05587752904 0.05484167623 0.05380582341 0.05276997059 0.05173411777 0.050669339 0.0497600116 0.04889995987 0.04787378755 0.04684761523 0.04582144292 0.0447952706 0.04378128507 0.04279573537 0.04181018568 0.04082463598 0.03983908629 0.03893240629 0.03817219858 
0.0303094502 0.03155774742 0.03280604464 0.03405434186 0.03530263908 0.03647456633 0.0375701236 0.03905203202 0.0406995195 0.04230665408 0.04390930501 0.04551195594 0.04711460687 0.04884096763 0.05075289312 0.05248924246 0.05410854102 0.05572783958 0.05734713814 0.05891779422 0.06005066795 0.06118354167 0.06231641539 0.06344928912 0.06482287273 0.06635692961 0.06738511348 0.06757769632 0.06769148664 0.06760131625 0.06740132087 0.06674781424 0.06485108121 0.06513197359 0.06523488557 0.0645341663 0.06407629797 0.06364239373 0.06319801526 0.06184903221 0.06072238283 0.05992923399 0.05913608515 0.05834293631 0.05754978747 0.05653820504 0.05550235222 0.05446649941 0.05343064659 0.05238261442 0.05131631323 0.05040698583 0.04960230763 0.04862043414 0.04759426182 0.0465680895 0.04554191719 0.04452793165 0.04354238196 0.04255683226 0.04157128257 0.04058573287 0.03978045677 0.03902024906 
0.03076625133 0.03201454855 0.03326284577 0.03451114299 0.03575944021 0.03686263448 0.03795819175 0.03944010017 0.04108758765 0.04271489869 0.04431754962 0.04592020054 0.04752285147 0.04924921223 0.05116113773 0.05302916919 0.05464846775 0.05626776631 0.05788706487 0.05945772095 0.06059059467 0.0617234684 0.06285634212 0.064009275 0.06554333188 0.06707738876 0.06810557262 0.06847543866 0.06858922898 0.06849905859 0.06829906321 0.0673904565 0.06593321983 0.06621411221 0.06609176773 0.06539104847 0.06493318013 0.06455319513 0.06410881666 0.0627598336 0.06141085054 0.06058990999 0.05979676115 0.05900361231 0.05821046347 0.05719888104 0.05616302822 0.0551271754 0.05409132259 0.05302958865 0.05196328746 0.05105396007 0.05024928186 0.04936708072 0.0483409084 0.04731473609 0.04628856377 0.04527457824 0.04428902854 0.04330347885 0.04231792915 0.04138871495 0.04062850724 0.03986829954 
0.03122305246 0.03247134968 0.0337196469 0.03496794412 0.03615514536 0.03725070264 0.03834625991 0.03982816833 0.04147565581 0.04312314329 0.04472579422 0.04632844515 0.04793109608 0.04965745683 0.05156938233 0.05348130783 0.05518839448 0.05680769304 0.0584269916 0.05999764768 0.0611305214 0.06226339512 0.06339626885 0.06472973415 0.06626379103 0.0677978479 0.06882603177 0.069373181 0.06948697132 0.06939680093 0.06919680555 0.06803309876 0.06701535844 0.06729625082 0.0669486499 0.06624793064 0.0657900623 0.06546399652 0.06501961806 0.063670635 0.06232165194 0.06125058599 0.06045743715 0.05966428831 0.05887113947 0.05785955704 0.05682370422 0.0557878514 0.05474286407 0.05367656288 0.0526102617 0.0517009343 0.0508962561 0.05009157789 0.04908755499 0.04806138267 0.04703521036 0.04602122482 0.04503567513 0.04405012543 0.04306457574 0.04223676543 0.04147655772 0.04071635002 
0.0316798536 0.03292815082 0.03417644804 0.03542474526 0.03654321352 0.03763877079 0.03873432806 0.04021623648 0.04186372396 0.04351121145 0.04513403882 0.04673668975 0.04833934068 0.05006570144 0.05197762694 0.05388955244 0.0557283212 0.05734761976 0.05896691832 0.0605375744 0.06167044813 0.06280332185 0.06393619557 0.06545019329 0.06698425017 0.06851830705 0.06954649092 0.07027092334 0.07038471365 0.07029454327 0.07000951453 0.06867574103 0.06809749706 0.06837838944 0.06780553207 0.0671048128 0.06664694447 0.06637479792 0.06593041945 0.0645814364 0.06323245334 0.06191126199 0.06111811315 0.06032496431 0.05953181546 0.05852023304 0.05748438022 0.0564485274 0.05538983831 0.05432353712 0.05325723593 0.05234790853 0.05154323033 0.05073855213 0.04983420157 0.04880802926 0.04778185694 0.04676787141 0.04578232171 0.04479677202 0.04384502362 0.04308481591 0.0423246082 0.04156440049 
0.03213665473 0.03338495195 0.03463324917 0.0358357244 0.03693128168 0.03802683895 0.03912239622 0.04060430464 0.04225179212 0.0438992796 0.04554228343 0.04714493436 0.04874758529 0.05047394604 0.05238587154 0.05429779704 0.05620972254 0.05788754649 0.05950684505 0.06107750113 0.06221037485 0.06334324858 0.06463659556 0.06617065244 0.06770470932 0.0692387662 0.07026695006 0.07116866568 0.07128245599 0.07119228561 0.07065215679 0.06931838329 0.06917963568 0.06946052805 0.06866241423 0.06796169497 0.06750382663 0.06728559932 0.06684122085 0.06549223779 0.06414325473 0.06279427168 0.06177878915 0.06098564031 0.06019249146 0.05918090904 0.05814505622 0.05710311373 0.05603681254 0.05497051135 0.05390421016 0.05299488277 0.05219020456 0.05138552636 0.05058084816 0.04955467584 0.04852850352 0.04751451799 0.0465289683 0.0455434186 0.0446930741 0.04393286639 0.04317265868 0.04241245097 
0.03259345586 0.03384175308 0.0350900503 0.03622379256 0.03731934983 0.0384149071 0.03951046437 0.04099237279 0.04263986028 0.04428734776 0.04593483524 0.04755317896 0.04915582989 0.05088219065 0.05279411615 0.05470604165 0.05661796715 0.05842747322 0.06004677178 0.06161742786 0.06275030158 0.0638831753 0.06535705471 0.06689111159 0.06842516846 0.06995922534 0.07098740921 0.07188912482 0.07218019833 0.07209002794 0.07129479905 0.06996102555 0.07026177429 0.07035078155 0.0695192964 0.06881857714 0.06841462803 0.06819640071 0.06775202225 0.06640303919 0.06505405613 0.06370507307 0.06243946515 0.06164631631 0.06085316746 0.05984158504 0.05880573222 0.05775008796 0.05668378677 0.05561748558 0.0545511844 0.053641857 0.0528371788 0.05203250059 0.05122782239 0.05030132243 0.04927515011 0.04826116458 0.04727561488 0.04630133229 0.04554112458 0.04478091687 0.04402070916 0.04326050145 
0.03305025699 0.03429855421 0.03551630344 0.03661186071 0.03770741799 0.03880297526 0.03989853253 0.04138044095 0.04302792843 0.04467541591 0.0463229034 0.04796142357 0.0495640745 0.05129043525 0.05320236075 0.05511428625 0.05702621175 0.05893813725 0.06058669851 0.06215735458 0.06329022831 0.06454345698 0.06607751385 0.06761157073 0.06914562761 0.07067968449 0.07170786836 0.07260958397 0.07307794067 0.07298777028 0.07193744131 0.07060366781 0.07134391291 0.07120766371 0.07037617857 0.0696754593 0.06932542943 0.06910720211 0.06866282364 0.06731384059 0.06596485753 0.06461587447 0.06326689141 0.0623069923 0.06151384346 0.06050226104 0.05946336338 0.0583970622 0.05733076101 0.05626445982 0.05519815863 0.05428883123 0.05348415303 0.05267947483 0.05187479663 0.05104796901 0.05002179669 0.04900781116 0.04802226147 0.04714938277 0.04638917506 0.04562896735 0.04486875964 0.04410855193 
0.03350705812 0.03475535534 0.0359043716 0.03699992887 0.03809548614 0.03919104341 0.04028660069 0.0417685091 0.04341599659 0.04506348407 0.04671097155 0.04835845903 0.0499723191 0.05169867986 0.05361060536 0.05552253086 0.05743445636 0.05934638185 0.06112662523 0.06269728131 0.06383015503 0.06526391612 0.066797973 0.06833202988 0.06986608676 0.07140014364 0.0724283275 0.07333004312 0.07397568301 0.07388551262 0.07258008357 0.07124631007 0.07242605152 0.07206454588 0.07123306073 0.07053234147 0.07023623082 0.07001800351 0.06957362504 0.06822464198 0.06687565893 0.06552667587 0.06417769281 0.0629676683 0.06217451946 0.06116293704 0.06011033762 0.05904403643 0.05797773524 0.05691143405 0.05584513286 0.05493580547 0.05413112726 0.05332644906 0.05252177086 0.05171709266 0.05076844328 0.04975445775 0.04876890805 0.04799743324 0.04723722554 0.04647701783 0.04571681012 0.04495660241 
0.03396385926 0.03519688248 0.03629243975 0.03738799703 0.0384835543 0.03957911157 0.04067466884 0.04215657726 0.04380406474 0.04545155222 0.04709903971 0.04874652719 0.0503805637 0.05210692446 0.05401884996 0.05593077546 0.05784270096 0.05975462646 0.06166655196 0.06323720804 0.06445031839 0.06598437527 0.06751843215 0.06905248903 0.0705865459 0.07212060278 0.07314878665 0.07405050226 0.07487342535 0.07455649934 0.07322272583 0.07188895233 0.07350819014 0.07292142805 0.0720899429 0.07138922364 0.07114703222 0.0709288049 0.07048442644 0.06913544338 0.06778646032 0.06643747726 0.06508849421 0.06373951115 0.06283519546 0.06182361304 0.06075731185 0.05969101066 0.05862470947 0.05755840828 0.0564921071 0.0555827797 0.0547781015 0.05397342329 0.05316874509 0.05236406689 0.05151508986 0.05050110433 0.04960569143 0.04884548372 0.04808527602 0.04732506831 0.0465648606 0.04580465289 
0.03442066039 0.03558495064 0.03668050791 0.03777606518 0.03887162245 0.03996717972 0.041062737 0.04254464541 0.0441921329 0.04583962038 0.04748710786 0.04913459534 0.05078208283 0.05251516907 0.05442709457 0.05633902007 0.05825094556 0.06016287106 0.06207479656 0.06377713476 0.06517077754 0.06670483442 0.06823889129 0.06977294817 0.07130700505 0.07284106193 0.0738692458 0.07477096141 0.07567267702 0.0751991416 0.07386536809 0.07253159459 0.07459032875 0.07377831021 0.07294682507 0.07227606093 0.07205783362 0.0718396063 0.07139522784 0.07004624478 0.06869726172 0.06734827866 0.0659992956 0.06465031254 0.06349587146 0.06247058727 0.06140428608 0.0603379849 0.05927168371 0.05820538252 0.05713908133 0.05622975393 0.05542507573 0.05462039753 0.05381571932 0.05301104112 0.05220636292 0.05124775092 0.05045374191 0.0496935342 0.04893332649 0.04817311879 0.04741291108 0.04665270337 
0.03487746152 0.03597301879 0.03706857606 0.03816413334 0.03925969061 0.04035524788 0.04145080515 0.04293271357 0.04458020105 0.04622768853 0.04787517602 0.0495226635 0.05117015098 0.05292341367 0.05483533917 0.05674726467 0.05865919017 0.06057111567 0.06248304117 0.06435717981 0.06589123668 0.06742529356 0.06895935044 0.07049340732 0.0720274642 0.07356152108 0.07458970494 0.07549142056 0.07639313617 0.07584178386 0.07450801035 0.07317423685 0.07546667753 0.07463519238 0.07380370724 0.07318686233 0.07296863501 0.0727504077 0.07230602923 0.07095704617 0.06960806312 0.06825908006 0.066910097 0.06556111394 0.06421213088 0.06311756151 0.06205126032 0.06098495913 0.05991865794 0.05885235675 0.05778605556 0.05687672816 0.05607204996 0.05526737176 0.05446269356 0.05365801536 0.05285333715 0.0520620001 0.05130179239 0.05054158468 0.04978137697 0.04902116927 0.04826096156 0.04750075385 
0.03498576301 0.03614248809 0.03723804536 0.03833360263 0.0394291599 0.04052471717 0.04162027444 0.04310218286 0.04474967035 0.04639715783 0.04804464531 0.04969213279 0.05143312449 0.05337339561 0.05528532111 0.05719724661 0.05910917211 0.06102109761 0.06293302311 0.06461230642 0.06482846476 0.06636252164 0.06789657852 0.0694306354 0.07096469228 0.07249874915 0.07352693302 0.07442864864 0.07515269851 0.07509432813 0.07376055462 0.07242678112 0.07360975458 0.07315751947 0.07232603432 0.07166099825 0.07142900202 0.07121077471 0.07076639624 0.06941741318 0.06806843013 0.06671944707 0.06537046401 0.06402148095 0.06337643023 0.06277887526 0.06171257407 0.06064627288 0.05957997169 0.0585136705 0.05744736931 0.05649194491 0.0556642182 0.05485954 0.0540548618 0.0532501836 0.05244550539 0.05165416834 0.05089396063 0.05013375292 0.04937354521 0.04861333751 0.0478531298 0.04719068975 
0.03509406451 0.036257586 0.03740751465 0.03850307192 0.03959862919 0.04069418646 0.04178974374 0.04327165216 0.04491913964 0.04656662712 0.0482141146 0.04992393823 0.05188310643 0.05382337755 0.05573530305 0.05764722855 0.05955915405 0.06147107955 0.06335288704 0.06503217036 0.06491885407 0.06529974972 0.0668338066 0.06836786348 0.06990192036 0.07143597723 0.0724641611 0.07336587671 0.07329043077 0.07372753239 0.0730130989 0.07167932539 0.07143391684 0.07167984656 0.07084836141 0.07018332533 0.06988936903 0.06967114172 0.06922676325 0.06787778019 0.06652879714 0.06517981408 0.06383083102 0.06309778875 0.06262872111 0.06203116614 0.06137388782 0.06030758663 0.05924128544 0.05817498425 0.05710868306 0.05615325866 0.05527175211 0.05445170824 0.05364703004 0.05284235184 0.05203767363 0.05124633658 0.05048612887 0.04972592116 0.04896571345 0.04820550575 0.04753220263 0.04688062565 
0.035202366 0.03636588749 0.03752940899 0.03867254121 0.03976809849 0.04086365576 0.04195921303 0.04344112145 0.04508860893 0.04673609641 0.04841475197 0.05037392017 0.05233308837 0.05427335949 0.05618528499 0.05809721049 0.06000913599 0.06189428993 0.06377275098 0.0654520343 0.065338718 0.06522540171 0.06577103468 0.06730509156 0.06883914844 0.07037320531 0.07140138918 0.07230310479 0.07142816302 0.07186526465 0.07226564317 0.07093186966 0.0692580791 0.07015045773 0.0693706885 0.06870565242 0.06834973604 0.06813150873 0.06768713026 0.0663381472 0.06498916415 0.06364018109 0.06281914728 0.06235007964 0.061881012 0.06128345703 0.06067162569 0.05996890038 0.05890259919 0.057836298 0.05676999681 0.05581457241 0.05493306586 0.05405155931 0.05323919828 0.05243452008 0.05162984187 0.05083850482 0.05007829711 0.0493180894 0.04855788169 0.0478737155 0.04722213853 0.04657056155 
0.03531066749 0.03647418898 0.03763771048 0.03880123197 0.03993756778 0.04103312505 0.04212868232 0.04361059074 0.04525807822 0.04690556571 0.04886473391 0.05082390211 0.05278307031 0.05472334143 0.05663526693 0.05854719243 0.06043569281 0.06231415387 0.06419261492 0.06587189824 0.06575858194 0.06564526564 0.06553194935 0.06624231964 0.06777637652 0.06931043339 0.07033861726 0.07044083705 0.06956589528 0.0700029969 0.07114658343 0.07018441394 0.06708224136 0.06797461999 0.06789301559 0.06722797951 0.06687206313 0.06659187574 0.06614749727 0.06479851421 0.06344953116 0.06254050581 0.06207143817 0.06160237052 0.06113330288 0.06053574791 0.05992391657 0.05931208523 0.05856391294 0.05749761175 0.05643131056 0.05547588616 0.05459437961 0.05371287306 0.05283136652 0.05202668832 0.05122201011 0.05043067306 0.04967046535 0.04891025764 0.04821522837 0.0475636514 0.04691207443 0.04626049745 
0.03541896898 0.03658249048 0.03774601197 0.03890953347 0.04007305496 0.04120259434 0.04229815161 0.04378006003 0.04542754752 0.04735554765 0.04931471585 0.05127388405 0.05323305225 0.05517332337 0.05708524887 0.0589770957 0.06085555675 0.0627340178 0.06461247886 0.06629176217 0.06617844588 0.06606512958 0.06595181328 0.06583849699 0.06671360459 0.06824766147 0.06927584534 0.06857856931 0.06770362754 0.06814072916 0.06928431569 0.06943695821 0.06490640362 0.06579878225 0.06641534268 0.0657503066 0.06539439022 0.06505224275 0.06460786428 0.06325888123 0.06226186433 0.06179279669 0.06132372905 0.06085466141 0.06038559377 0.0597880388 0.05917620746 0.05856437612 0.05795254478 0.0571589255 0.05609262431 0.05513719991 0.05425569336 0.05337418681 0.05249268027 0.05161885656 0.05081417835 0.0500228413 0.04926263359 0.04855674125 0.04790516428 0.0472535873 0.04660201033 0.04595043336 
0.03552727047 0.03669079197 0.03785431346 0.03901783496 0.04018135645 0.04134487795 0.04246762091 0.04394952933 0.04584636138 0.04780552958 0.04976469779 0.05172386599 0.05368303419 0.05562330531 0.05751849858 0.05939695964 0.06127542069 0.06315388174 0.06503234279 0.06671162611 0.06659830981 0.06648499352 0.06637167722 0.06625836092 0.06614504463 0.06718488955 0.06759124333 0.06671630156 0.06584135979 0.06627846142 0.06742204795 0.06856563448 0.06273056588 0.06362294451 0.06451532314 0.06427263369 0.06391671731 0.06356080093 0.06306823129 0.06198322286 0.06151415522 0.06104508758 0.06057601994 0.06010695229 0.05963788465 0.05904032968 0.05842849834 0.05781666701 0.05720483567 0.05659300433 0.05575393806 0.05479851366 0.05391700711 0.05303550056 0.05215399402 0.05127248747 0.05040634659 0.04961500954 0.04889825412 0.04824667715 0.04759510018 0.0469435232 0.04629194623 0.04564036926 
0.03563557197 0.03679909346 0.03796261496 0.03912613645 0.04028965794 0.04145317944 0.04261670093 0.04433717512 0.04629634332 0.04825551152 0.05021467973 0.05217384793 0.05413301613 0.05605990147 0.05793836252 0.05981682357 0.06169528463 0.06357374568 0.06545220673 0.06713149005 0.06701817375 0.06690485745 0.06679154116 0.06667822486 0.06656490856 0.06645159227 0.06572897559 0.06485403382 0.06397909205 0.06441619367 0.0655597802 0.06670336673 0.06055472813 0.06144710677 0.0623394854 0.06279496078 0.0624390444 0.06208312802 0.06170458139 0.06123551375 0.0607664461 0.06029737846 0.05982831082 0.05935924318 0.05889017554 0.05829262057 0.05768078923 0.05706895789 0.05645712655 0.05584529521 0.05523346387 0.05445982741 0.05357832086 0.05269681432 0.05181530777 0.05093380122 0.05005229467 0.049239767 0.04858819003 0.04793661305 0.04728503608 0.04663345911 0.04598188213 0.04533030516 
0.03572533902 0.03688886051 0.03805238201 0.0392159035 0.04037942499 0.04154294649 0.0427524356 0.0443401129 0.04625477233 0.04821394053 0.05017310873 0.05213227693 0.05409144513 0.05601833047 0.05789679153 0.05977525258 0.06165371363 0.06353217468 0.06541063573 0.06742407717 0.06784010274 0.06772678644 0.06761347015 0.06750015385 0.06738683755 0.06727352125 0.06655090458 0.06567596281 0.06475059938 0.06438827535 0.06553186188 0.06667544841 0.06123504151 0.06193465378 0.06282703241 0.06328250779 0.06292659141 0.06257067504 0.06204151313 0.06144205903 0.06097299139 0.06050392374 0.0600348561 0.05956578846 0.05909672082 0.05849916585 0.05788733451 0.05727550317 0.05666367183 0.05605184049 0.05496600557 0.05381316624 0.05293165969 0.05205015314 0.0511686466 0.05028714005 0.04946990174 0.04886667978 0.04818383655 0.04753225957 0.0468806826 0.04622910563 0.04557752865 0.04492595168 
0.03581510607 0.03697862756 0.03814214906 0.03930567055 0.04046919204 0.04167101989 0.04291115408 0.04449883137 0.04623545572 0.04817236953 0.05013153773 0.05209070593 0.05404987414 0.05597675948 0.05785522053 0.05973368158 0.06161214263 0.06349060369 0.06563705513 0.06765049657 0.0681988576 0.06854871543 0.06843539913 0.06832208284 0.06820876654 0.06809545024 0.06737283357 0.0664978918 0.06534563093 0.06470644029 0.06550394355 0.06664753008 0.06207745386 0.0624222008 0.06331457943 0.06377005481 0.06341413843 0.0630330305 0.06241569816 0.06176036414 0.06117953667 0.06071046902 0.06024140138 0.05977233374 0.0593032661 0.05870571113 0.05809387979 0.05748204845 0.05687021711 0.05587918291 0.0543193444 0.05316650507 0.05228499852 0.05140349197 0.05052198542 0.049672613 0.04911244765 0.04850922568 0.04780553828 0.04712790609 0.04647632912 0.04582475215 0.04517317517 0.0445215982 
0.03590487312 0.03706839461 0.03823191611 0.0393954376 0.04058960417 0.04182973836 0.04306987256 0.04465754985 0.04639417419 0.04813079854 0.05008996674 0.05204913494 0.05400830314 0.05593518848 0.05781364953 0.05969211059 0.06157057164 0.06368724637 0.06586347452 0.06787691596 0.06842527699 0.06897363802 0.06925732812 0.06914401182 0.06903069553 0.06891737923 0.06819476255 0.06731982078 0.06594066248 0.06530147183 0.06547602523 0.06661961175 0.06291986622 0.06293603414 0.06380212645 0.06425760183 0.06390168545 0.06340721552 0.06278988318 0.06213454916 0.06147921514 0.06091701431 0.06044794666 0.05997887902 0.05950981138 0.05891225641 0.05830042507 0.05768859373 0.05679236024 0.05523252173 0.05367268323 0.05251984389 0.05163833735 0.0507568308 0.04987532425 0.0493151589 0.04875499356 0.04815177159 0.04744808419 0.04674439678 0.04607197564 0.04542039867 0.04476882169 0.04411724472 
0.03599464017 0.03715816166 0.03832168316 0.03950818846 0.04074832265 0.04198845684 0.04322859103 0.04481626833 0.04655289267 0.04828951701 0.05004839574 0.05200756394 0.05396673214 0.05589361749 0.05777207854 0.05965053959 0.06173743761 0.06391366576 0.06608989391 0.06810333535 0.06865169638 0.06920005741 0.06974841844 0.06996594081 0.06985262451 0.06973930822 0.06901669154 0.06791485233 0.06653569403 0.06589650338 0.06565575686 0.06659169343 0.06376227857 0.06377844649 0.06428967347 0.06474514885 0.06438923247 0.06378140054 0.0631640682 0.06250873418 0.06185340016 0.06119806614 0.06065449195 0.0601854243 0.05971635666 0.05911880169 0.05850697035 0.05770553758 0.05614569907 0.05458586056 0.05302602205 0.05187318272 0.05099167618 0.05011016963 0.04951787016 0.04895770481 0.04839753946 0.0477943175 0.04709063009 0.04638694269 0.04568325529 0.04501604519 0.04436446821 0.04371289124 
0.03608440722 0.03724792871 0.03842677275 0.03966690694 0.04090704113 0.04214717532 0.04338730951 0.04497498681 0.04671161115 0.04844823549 0.05018485983 0.05196599295 0.05392516115 0.05585204649 0.05773050754 0.05978762885 0.061963857 0.06414008515 0.06631631331 0.06832975475 0.06887811578 0.06942647681 0.06997483784 0.07052319887 0.0706745535 0.0705612372 0.06983862053 0.06850988388 0.06713072558 0.06649153493 0.06625078841 0.0665637751 0.06460469093 0.06462085885 0.06477722048 0.06523269586 0.06476341749 0.06415558556 0.06353825322 0.0628829192 0.06222758518 0.06157225116 0.06091691714 0.06039196958 0.05992290194 0.05932534697 0.05861871492 0.05705887641 0.0554990379 0.05393919939 0.05237936088 0.05122652155 0.050345015 0.04972058142 0.04916041607 0.04860025072 0.04804008537 0.04743686341 0.046733176 0.0460294886 0.0453258012 0.04462211379 0.04396011473 0.04330853776 
0.03617417427 0.03734535703 0.03858549122 0.03982562541 0.04106575961 0.0423058938 0.04354602799 0.04513370528 0.04687032963 0.04860695397 0.05034357831 0.05208020265 0.05388359015 0.05581047549 0.05783782009 0.06001404825 0.0621902764 0.06436650455 0.0665427327 0.06855617414 0.06910453517 0.0696528962 0.07020125723 0.07074961826 0.07129797929 0.07138316619 0.07048407373 0.06910491543 0.06772575712 0.06708656648 0.06684581995 0.06660507343 0.06544710329 0.06546327121 0.06547943913 0.06572024288 0.06513760251 0.06452977059 0.06391243824 0.06325710422 0.0626017702 0.06194643618 0.06129110216 0.06063576814 0.06012944722 0.05953189225 0.05797205375 0.05641221524 0.05485237673 0.05329253822 0.05173269971 0.05057986038 0.04992329267 0.04936312732 0.04880296197 0.04824279663 0.04768263128 0.04707940931 0.04637572191 0.04567203451 0.0449683471 0.0442646597 0.0435609723 0.04290418428 
0.03626394132 0.03750407551 0.0387442097 0.03998434389 0.04122447808 0.04246461227 0.04370474646 0.04529242376 0.0470290481 0.04876567244 0.05050229679 0.05223892113 0.05397554547 0.05588801134 0.05806423949 0.06024046764 0.06241669579 0.06459292394 0.06676915209 0.06878259353 0.06933095456 0.06987931559 0.07042767662 0.07097603765 0.07152439868 0.07207275971 0.07107910528 0.06969994697 0.06832078867 0.06768159802 0.0674408515 0.06720010498 0.06628951564 0.06630568356 0.06632185148 0.06611961946 0.06551178753 0.06490395561 0.06428662326 0.06363128924 0.06297595522 0.0623206212 0.06166528718 0.06100995316 0.06035461914 0.05888523108 0.05732539257 0.05576555407 0.05420571556 0.05264587705 0.05108603854 0.05012600393 0.04956583858 0.04900567323 0.04844550788 0.04788534253 0.04732517718 0.04672195522 0.04601826782 0.04531458041 0.04461089301 0.04390720561 0.0432035182 0.0424998308 
0.03626965624 0.0374944535 0.03873458769 0.03997472189 0.04121485608 0.04245499027 0.04369512446 0.04532180844 0.04705843279 0.04879505713 0.05053168147 0.05226830581 0.05400493015 0.05591739602 0.05809362417 0.06026985232 0.06244608047 0.06462230862 0.06679853677 0.06875170199 0.06930006302 0.06984842405 0.07039678508 0.07094514611 0.07149350714 0.07228866884 0.07099346673 0.06961430843 0.06823515012 0.06759595948 0.06735521295 0.06711446643 0.0664708149 0.06648698282 0.06650315074 0.06632266156 0.06571482964 0.06510699771 0.06448966537 0.06383433135 0.06317899733 0.06252366331 0.06186832929 0.06121299527 0.06019739757 0.05906403736 0.05750419885 0.05594436034 0.05438452184 0.05282468333 0.05126484482 0.0500634021 0.04950323675 0.0489430714 0.04838290606 0.04782274071 0.04726257536 0.04665935339 0.04595566599 0.04525197859 0.04454829118 0.04384460378 0.04314091638 0.04253986451 
0.03627537116 0.0374848315 0.03872496569 0.03996509988 0.04120523407 0.04244536826 0.04368550245 0.04533385682 0.04708781747 0.04882444181 0.05056106615 0.05229769049 0.05403431483 0.0559467807 0.05812300885 0.060299237 0.06247546515 0.0646516933 0.06682792146 0.06872081045 0.06926917148 0.06981753251 0.07036589354 0.07091425457 0.0714626156 0.0727020185 0.07090782818 0.06952866988 0.06814951158 0.06751032093 0.06726957441 0.06702882788 0.06665211416 0.06666828208 0.06668445 0.06636977926 0.06591787174 0.06531003982 0.06469270747 0.06403737345 0.06338203943 0.06272670541 0.06207137139 0.06141603737 0.05993724351 0.05924284364 0.05768300513 0.05612316662 0.05456332812 0.05300348961 0.0514436511 0.05016173901 0.04944063493 0.04888046958 0.04832030423 0.04776013888 0.04719997353 0.04659675157 0.04589306417 0.04518937676 0.04448568936 0.04378200196 0.04307831455 0.04257989823 
0.03628108609 0.03748713821 0.03871534368 0.03995547787 0.04119561206 0.04243574625 0.04367588044 0.04532423481 0.04711720215 0.04885382649 0.05059045083 0.05232707518 0.05406369952 0.05597616538 0.05815239353 0.06032862168 0.06250484984 0.06468107799 0.06679702992 0.06868991891 0.06923827994 0.06978664097 0.070335002 0.07088336303 0.07157980446 0.07311536815 0.07082218963 0.06944303133 0.06806387303 0.06742468238 0.06718393586 0.06699223998 0.06683341342 0.06684958134 0.06686574926 0.06622199144 0.06612091384 0.06551308192 0.06489574958 0.06424041556 0.06358508154 0.06292974752 0.0622744135 0.06136174828 0.05967708945 0.05898268959 0.05786181141 0.0563019729 0.0547421344 0.05318229589 0.05162245738 0.05034054529 0.0493780331 0.04881786775 0.04825770241 0.04769753706 0.04713737171 0.04653414974 0.04583046234 0.04512677494 0.04442308753 0.04371940013 0.04309554037 0.04261993194 
0.03628680101 0.03749285313 0.03870572167 0.03994585586 0.04118599006 0.04242612425 0.04366625844 0.04531461281 0.04713791868 0.04888321117 0.05061983552 0.05235645986 0.0540930842 0.05600555006 0.05818177822 0.06035800637 0.06253423452 0.06471046267 0.06676613838 0.06865902737 0.0692073884 0.06975574943 0.07030411046 0.07085247149 0.07199315412 0.07352871781 0.07095832362 0.06935739278 0.06797823448 0.06733904383 0.06709829731 0.06696966656 0.06701471268 0.0670308806 0.0667870291 0.06607420362 0.06632395595 0.06571612402 0.06509879168 0.06444345766 0.06378812364 0.06313278962 0.0624774556 0.06110159422 0.0594169354 0.05872253553 0.05804061769 0.05648077918 0.05492094067 0.05336110217 0.05180126366 0.05051935157 0.04942272377 0.04875526593 0.04819510058 0.04763493523 0.04707476988 0.04647154792 0.04576786052 0.04506417311 0.04436048571 0.04365679831 0.04313557408 0.04265996565 
0.03629251593 0.03749856806 0.03870462018 0.03993623386 0.04117636805 0.04241650224 0.04365663643 0.0453049908 0.04712829667 0.04891259586 0.0506492202 0.05238584454 0.05412246888 0.05603493475 0.0582111629 0.06038739105 0.0625636192 0.06469296585 0.06673524684 0.06862813583 0.06917649686 0.06972485789 0.07027321893 0.07087094009 0.07240650378 0.07394206747 0.07137167328 0.06927175424 0.06789259593 0.06725340529 0.06701265876 0.06694709313 0.06719601194 0.06721217986 0.06663924129 0.06592641581 0.06652699805 0.06591916613 0.06530183378 0.06464649976 0.06399116574 0.06333583172 0.06252609898 0.06084144016 0.05915678134 0.05846238147 0.05787801038 0.05665958546 0.05509974695 0.05353990845 0.05198006994 0.05069815785 0.04960153005 0.0486926641 0.04813249876 0.04757233341 0.04701216806 0.04640894609 0.04570525869 0.04500157129 0.04429788388 0.04365121622 0.0431756078 0.04269999937 
0.03629823085 0.03750428298 0.03871033511 0.03992661185 0.04116674604 0.04240688023 0.04364701442 0.04529536879 0.04711867467 0.04894198054 0.05067860488 0.05241522922 0.05415185356 0.05606431943 0.05824054758 0.06041677573 0.06259300388 0.06466207431 0.0667043553 0.06859724429 0.06914560533 0.06969396636 0.07024232739 0.07128428975 0.07281985343 0.07435541712 0.07178502294 0.06918611569 0.06780695738 0.06716776674 0.06692702021 0.06692451971 0.0673773112 0.06739347912 0.06649145347 0.06577862799 0.06673004016 0.06612220823 0.06550487589 0.06484954187 0.06419420785 0.06353887383 0.06226594493 0.06058128611 0.05889662729 0.05820222742 0.05761785632 0.05683839174 0.05527855323 0.05371871472 0.05215887622 0.05087696413 0.04978033633 0.04868370852 0.04806989693 0.04750973158 0.04694956623 0.04634634427 0.04564265687 0.04493896946 0.04423528206 0.04369124994 0.04321564151 0.04274003308 
0.03630394577 0.0375099979 0.03871605003 0.03992210215 0.04115712404 0.04239725823 0.04363739242 0.04528574679 0.04710905266 0.04893235853 0.05070798956 0.0524446139 0.05418123825 0.05609370411 0.05826993226 0.06044616041 0.06258890178 0.06463118277 0.06667346376 0.06856635276 0.06911471379 0.06966307482 0.07021143585 0.0716976394 0.07323320309 0.07476876678 0.07219837259 0.06910047714 0.06772131884 0.06708212819 0.06686240337 0.06690194628 0.06755861046 0.06757477838 0.06634366566 0.06563084018 0.06658225234 0.06632525034 0.06570791799 0.06505258397 0.06439724995 0.06369044969 0.06200579087 0.06032113205 0.05863647323 0.05794207336 0.05735770226 0.05677333117 0.05545735951 0.053897521 0.0523376825 0.05105577041 0.04995914261 0.0488625148 0.04800729511 0.04744712976 0.04688696441 0.04628374244 0.04558005504 0.04487636764 0.04420689208 0.04373128365 0.04325567522 0.04278006679 
0.0363096607 0.03751571282 0.03872176495 0.03992781708 0.04114750203 0.04238763622 0.04362777041 0.04527612478 0.04709943065 0.04892273652 0.05073737424 0.05247399859 0.05421062293 0.05612308879 0.05829931695 0.0604755451 0.06255801024 0.06460029123 0.06664257222 0.06853546122 0.06908382225 0.06963218328 0.07057542537 0.07211098906 0.07364655275 0.07518211644 0.07261172225 0.06901483859 0.06763568029 0.06699648964 0.06683982995 0.06687937286 0.06773990972 0.06775607764 0.06619587784 0.06548305236 0.06643446453 0.06652829244 0.0659109601 0.06525562608 0.06460029206 0.06343029564 0.06174563682 0.06006097799 0.05837631917 0.0576819193 0.05709754821 0.05651317711 0.05563616579 0.05407632728 0.05251648878 0.05123457669 0.05013794889 0.04904132108 0.04794469328 0.04738452793 0.04682436258 0.04622114062 0.04551745322 0.04481376581 0.04424692579 0.04377131736 0.04329570894 0.04282010051 
0.03631537562 0.03752142775 0.03872747987 0.039933532 0.04113958413 0.04237801421 0.0436181484 0.04526650277 0.04708980865 0.04891311452 0.05073642039 0.05250338327 0.05424000761 0.05615247348 0.05832870163 0.0604848377 0.0625271187 0.06456939969 0.06661168068 0.06850456968 0.06905293071 0.06960129174 0.07098877503 0.07252433872 0.07405990241 0.0755954661 0.07302507191 0.06942818825 0.06755004174 0.06691085109 0.06681725652 0.06685679943 0.06792120898 0.06765704347 0.06604809003 0.06533526455 0.06628667671 0.06673133455 0.0661140022 0.06545866818 0.06480333416 0.06317014158 0.06148548276 0.05980082394 0.05811616512 0.05742176525 0.05683739415 0.05625302306 0.05566865196 0.05425513356 0.05269529505 0.05141338297 0.05031675517 0.04922012736 0.04812349956 0.04732192611 0.04676176076 0.04615853879 0.04545485139 0.04476256794 0.04428695951 0.04381135108 0.04333574265 0.04286013422 
0.03632109054 0.03752714267 0.03873319479 0.03993924692 0.04114529905 0.04236839221 0.0436085264 0.04525688077 0.04708018664 0.04890349251 0.05072679838 0.05253276795 0.05426939229 0.05618185816 0.05835808631 0.06045394617 0.06249622716 0.06453850815 0.06658078914 0.06847367814 0.06902203917 0.069866561 0.07140212469 0.07293768837 0.07447325206 0.07600881575 0.07343842156 0.06984153791 0.06746440319 0.06682521255 0.0667946831 0.066834226 0.06810250824 0.06750925565 0.06590030221 0.06518747673 0.06613888889 0.06693437665 0.06631704431 0.06566171029 0.06459464634 0.06290998752 0.0612253287 0.05954066988 0.05785601106 0.05716161119 0.0565772401 0.055992869 0.0554084979 0.05443393984 0.05287410133 0.05159218925 0.05049556145 0.04939893364 0.04830230584 0.04725932428 0.04669915893 0.04609593697 0.04539224957 0.04480260165 0.04432699322 0.04385138479 0.04337577636 0.04290016793 
0.03632680546 0.03753285759 0.03873890972 0.03994496184 0.04115101397 0.0423587702 0.04359890439 0.04524725876 0.04707056463 0.0488938705 0.05071717638 0.05254048225 0.05429877698 0.05621124284 0.05838077363 0.06042305463 0.06246533562 0.06450761661 0.0665498976 0.0684427866 0.06899114763 0.07027991065 0.07181547434 0.07335103803 0.07488660172 0.07642216541 0.07385177122 0.07025488756 0.06737876465 0.066739574 0.06677210967 0.06681165258 0.0682838075 0.06736146784 0.0657525144 0.06503968892 0.06599110108 0.06694251324 0.06652008641 0.06586475239 0.06433449229 0.06264983347 0.06096517465 0.05928051582 0.057595857 0.05690145714 0.05631708604 0.05573271494 0.05514834385 0.05456397275 0.05305290761 0.05177099553 0.05067436773 0.04957773992 0.04848111212 0.04738448432 0.04663655711 0.04603333514 0.04532964774 0.04484263536 0.04436702693 0.04389141851 0.04341581008 0.04294020165 
0.03633252039 0.03753857251 0.03874462464 0.03995067677 0.04115672889 0.04236278102 0.04358928238 0.04523763675 0.04706094262 0.0488842485 0.05070755437 0.05253086024 0.05432816166 0.05624062752 0.05834988209 0.06039216309 0.06243444408 0.06447672507 0.06651900606 0.06841189506 0.06915769662 0.07069326031 0.072228824 0.07376438769 0.07529995138 0.07683551507 0.07426512088 0.07066823722 0.0672931261 0.06670999334 0.06674953625 0.06678907915 0.06846510676 0.06721368002 0.06560472658 0.0648919011 0.06584331326 0.06679472543 0.06672312851 0.06575899705 0.06407433823 0.06238967941 0.06070502059 0.05902036177 0.05733570295 0.05664130308 0.05605693198 0.05547256089 0.05488818979 0.0543038187 0.05323171389 0.05194980181 0.050853174 0.0497565462 0.0486599184 0.0475632906 0.04657395528 0.04597073332 0.04535827751 0.04488266908 0.04440706065 0.04393145222 0.04345584379 0.04298023536 
0.03633823531 0.03754428744 0.03875033956 0.03995639169 0.04116244381 0.04236849594 0.04357966038 0.04522801475 0.04705132062 0.04887462649 0.05069793236 0.05252123824 0.05434454411 0.05627001221 0.05831899056 0.06036127155 0.06240355254 0.06444583353 0.06648811452 0.06838100352 0.06957104628 0.07110660997 0.07264217366 0.07417773735 0.07571330103 0.07724886472 0.07467847054 0.07108158688 0.06748470322 0.06668741991 0.06672696282 0.06676650573 0.06864640602 0.06706589221 0.06545693876 0.06474411328 0.06569552545 0.06664693761 0.06692617062 0.065498843 0.06381418418 0.06212952535 0.06044486653 0.05876020771 0.05707554889 0.05638114902 0.05579677793 0.05521240683 0.05462803574 0.05404366464 0.05341052017 0.05212860809 0.05103198028 0.04993535248 0.04883872468 0.04774209688 0.04664546907 0.04590813149 0.04539831122 0.04492270279 0.04444709436 0.04397148593 0.0434958775 0.04302026907 
0.03634395023 0.03755000236 0.03875605448 0.03996210661 0.04116815874 0.04237421086 0.04358026299 0.04521839274 0.04704169861 0.04886500448 0.05068831036 0.05251161623 0.0543349221 0.05624581802 0.05828809902 0.06033038001 0.062372661 0.06441494199 0.06645722298 0.06844883225 0.06998439594 0.07151995962 0.07305552331 0.074591087 0.07612665069 0.07766221438 0.07509182019 0.07149493653 0.06789805288 0.06666484649 0.06670438939 0.0667439323 0.06852705783 0.06691810439 0.06530915095 0.06459632547 0.06554773763 0.0664991498 0.06692334776 0.06523868894 0.06355403012 0.0618693713 0.06018471248 0.05850005366 0.05681539483 0.05612099497 0.05553662387 0.05495225277 0.05436788168 0.05378351058 0.05319913949 0.05230741437 0.05121078656 0.05011415876 0.04901753096 0.04792090316 0.04682427535 0.04591395336 0.04543834493 0.0449627365 0.04448712807 0.04401151965 0.04353591122 0.04306030279 
0.0363439508 0.03755630366 0.03876235579 0.03996840792 0.04117446004 0.04238051217 0.0435865643 0.04522469405 0.04704799992 0.04887130579 0.05069461166 0.05251791754 0.05434122341 0.05632527719 0.05838206203 0.06042434303 0.06246662402 0.06450890501 0.066551186 0.06854279526 0.07007835895 0.07161392264 0.07314948633 0.07468505002 0.07622061371 0.0776920931 0.07512438499 0.07152750134 0.06793061768 0.06669741129 0.0667369542 0.0667764971 0.06841141863 0.06679915201 0.06519019857 0.06447737309 0.06542878525 0.06638019742 0.06676678753 0.06508212871 0.06339746988 0.06171281106 0.06002815224 0.05834349342 0.05678731545 0.0561296244 0.0555452533 0.0549608822 0.05437651111 0.05379214001 0.05320521232 0.05229303438 0.05119640658 0.05009977878 0.04900315097 0.04790652317 0.04680989537 0.04591512467 0.04541248757 0.04493687914 0.04446127071 0.04398566229 0.04351005386 0.04303444543 
0.03634395137 0.03756260497 0.0387686571 0.03997470922 0.04118076135 0.04238681348 0.0435928656 0.04523099535 0.04705430123 0.0488776071 0.05070091297 0.05252421884 0.05431894276 0.05628870557 0.05847602505 0.06051830604 0.06256058703 0.06460286803 0.06664514902 0.06863675828 0.07017232197 0.07170788566 0.07324344935 0.07477901304 0.07631457673 0.07767070438 0.0751569498 0.07156006614 0.06796318248 0.06672997609 0.066769519 0.06680906191 0.06833080448 0.06668019963 0.06507124619 0.06435842071 0.06530983287 0.06626124504 0.06661022729 0.06492556847 0.06324090965 0.06155625083 0.05987159201 0.05818693319 0.05679594488 0.05613825383 0.05555388273 0.05496951163 0.05438514054 0.05380076944 0.05319083233 0.0522786544 0.05118202659 0.05008539879 0.04898877099 0.04789214319 0.04682645255 0.0459703533 0.04538663021 0.04491102178 0.04443541335 0.04395980493 0.0434841965 0.04300858807 
0.03634395195 0.03756400571 0.03877495841 0.03998101053 0.04118706266 0.04239311478 0.04359916691 0.04523729666 0.04706060253 0.04888390841 0.05070721428 0.05253052015 0.05428237114 0.05625213394 0.05856998807 0.06061226906 0.06265455005 0.06469683104 0.06673911204 0.0687307213 0.07026628499 0.07180184868 0.07333741237 0.07487297605 0.07637008916 0.07764931565 0.0751895146 0.07159263094 0.06799574728 0.06676254089 0.0668020838 0.06680297552 0.06825019032 0.06656124725 0.06495229381 0.06423946833 0.06519088049 0.06614229266 0.06645366706 0.06476900824 0.06308434941 0.06139969059 0.05971503177 0.05812214499 0.05680457431 0.05614688326 0.05556251216 0.05497814106 0.05439376997 0.05380939887 0.05317645235 0.05226427441 0.05116764661 0.05007101881 0.048974391 0.0478777632 0.04688168118 0.04602558193 0.04536978241 0.04488516442 0.04440955599 0.04393394757 0.04345833914 0.04298273071 
0.03634395252 0.03756400628 0.03878125971 0.03998731184 0.04119336397 0.04239941609 0.04360546822 0.04524359797 0.04706690384 0.04889020971 0.05071351559 0.05251776682 0.05424579952 0.05621556232 0.05854792029 0.06070623208 0.06274851307 0.06479079406 0.06683307505 0.06882468432 0.070360248 0.07189581169 0.07343137538 0.07496693907 0.07634870044 0.07762792693 0.07519810006 0.07162519574 0.06802831209 0.0667951057 0.0668346486 0.06678584593 0.06816957616 0.06644229487 0.06483334143 0.06412051595 0.06507192811 0.06600662568 0.06629710682 0.064612448 0.06292778918 0.06124313036 0.05955847154 0.05813077442 0.05681320374 0.05615551268 0.05557114159 0.05498677049 0.0544023994 0.05379757549 0.05316207236 0.05224989443 0.05115326663 0.05005663882 0.04896001102 0.0478788518 0.04693690981 0.04608081056 0.04542501104 0.04485930706 0.04438369863 0.04390809021 0.04343248178 0.04295687335 
0.03634395309 0.03756400685 0.03878406061 0.03999361315 0.04119966527 0.0424057174 0.04361176953 0.04524989927 0.04707320515 0.04889651102 0.05071981689 0.0524811952 0.05420922789 0.0561789907 0.05851134867 0.06080019509 0.06284247609 0.06488475708 0.06692703807 0.06891864733 0.07045421102 0.07198977471 0.0735253384 0.07504808523 0.07632731172 0.07760653821 0.07517671134 0.07165776055 0.06806087689 0.0668276705 0.06686721341 0.06676871634 0.06808896201 0.06632334249 0.06471438905 0.06400156357 0.06495297573 0.06585006544 0.06614054659 0.06445588777 0.06277122894 0.06108657012 0.05945697452 0.05813940385 0.05682183317 0.05616414211 0.05557977102 0.05499539992 0.05441102883 0.0537831955 0.05314769238 0.05223551444 0.05113888664 0.05004225884 0.04894563103 0.04793408043 0.04699213844 0.04613603919 0.04548023967 0.0448334497 0.04435784127 0.04388223285 0.04340662442 0.04293101599 
0.03634395366 0.03756400742 0.03878406118 0.03999991445 0.04120596658 0.04241201871 0.04361807083 0.04525620058 0.04707950645 0.04890281233 0.05071659088 0.05244462357 0.05417265627 0.05614241907 0.05847477704 0.06080713502 0.0629364391 0.0649787201 0.06702100109 0.06901261035 0.07054817404 0.07208373773 0.07361930142 0.07502669651 0.076305923 0.07758514949 0.07515532261 0.07169032535 0.06809344169 0.0668602353 0.06689977821 0.06675158676 0.06800834785 0.06621006985 0.06459543667 0.06388261119 0.06483402336 0.0656935052 0.06598398635 0.06429932753 0.06261466871 0.06093000989 0.05946560395 0.05814803328 0.0568304626 0.05617277154 0.05558840045 0.05500402935 0.05440431865 0.05376881552 0.05313331239 0.05222113446 0.05112450666 0.05002787885 0.04893125105 0.04798930906 0.04704736707 0.04619126783 0.0455354683 0.04487966878 0.04433198391 0.04385637549 0.04338076706 0.04290515863 
0.03634395423 0.03756400799 0.03878406175 0.04000411552 0.04121226789 0.04241832001 0.04362437214 0.04526250189 0.04708580776 0.04890911363 0.05068001926 0.05240805195 0.05413608464 0.05610584745 0.05843820542 0.06077056339 0.06303040212 0.06507268311 0.06711496411 0.06910657337 0.07064213706 0.07217770075 0.07371326443 0.07500530778 0.07628453427 0.07756376077 0.07513393389 0.07172289015 0.06812600649 0.0668928001 0.06691577821 0.06673445717 0.06792773369 0.06612945569 0.06447648429 0.06376365881 0.06471507098 0.06553694497 0.06582742612 0.06414276729 0.06245810847 0.06079180406 0.05947423338 0.05815666271 0.05683909203 0.05618140097 0.05559702988 0.05501265878 0.05438993866 0.05375443553 0.05311893241 0.05220675447 0.05111012667 0.05001349887 0.04898647968 0.04804453769 0.04710259571 0.04624649646 0.04559069694 0.04493489741 0.04430612655 0.04383051813 0.0433549097 0.04287930127 
0.0363439548 0.03756400856 0.03878406233 0.04000411609 0.04121856919 0.04242462132 0.04363067345 0.0452688032 0.04709210907 0.04891541494 0.05064344763 0.05237148033 0.05409951302 0.05606927582 0.0584016338 0.06073399177 0.06306634974 0.06516664613 0.06720892712 0.06920053638 0.07073610007 0.07227166376 0.07370469257 0.07498391906 0.07626314555 0.07754237204 0.07511254517 0.07175545495 0.0681585713 0.06692536491 0.06689864863 0.06671732759 0.06784711954 0.06604884154 0.06435753191 0.06364470643 0.0645961186 0.06538038473 0.06567086588 0.06398620706 0.06230154824 0.06080043349 0.05948286281 0.05816529213 0.05684772146 0.0561900304 0.05560565931 0.05501106181 0.05437555868 0.05374005555 0.05310455242 0.05219237449 0.05109574669 0.04999911888 0.04904170831 0.04809976633 0.04715782434 0.04630172509 0.04564592557 0.04499012605 0.04433432652 0.04380466077 0.04332905234 0.04285344391 
0.03634395537 0.03756400913 0.0387840629 0.04000411666 0.04122417042 0.04243092263 0.04363697475 0.0452751045 0.04709841038 0.04887884332 0.05060687601 0.0523349087 0.05406294139 0.0560327042 0.05836506217 0.06069742014 0.06302977812 0.06526060915 0.06730289014 0.0692944994 0.07083006309 0.07236562678 0.07368330385 0.07496253034 0.07624175683 0.07752098332 0.07509115645 0.07173406623 0.0681911361 0.06695792971 0.06688151904 0.066700198 0.06776650538 0.06596822738 0.06423857953 0.06352575405 0.06443955836 0.0652238245 0.06551430565 0.06382964682 0.062144988 0.06080906292 0.05949149224 0.05817392156 0.05685635089 0.05619865983 0.05561428874 0.05499668182 0.05436117869 0.05372567557 0.05309017244 0.0521779945 0.0510813667 0.05003887893 0.04909693695 0.04815499496 0.04721305297 0.04635695372 0.0457011542 0.04504535468 0.04438955515 0.04377880341 0.04330319498 0.04282758655 
0.03634395594 0.03756400971 0.03878406347 0.04000411723 0.04122417099 0.04243722393 0.04364327606 0.04528140581 0.04710471168 0.04884227169 0.05057030439 0.05229833708 0.05402636977 0.05599613257 0.05832849055 0.06066084852 0.06299320649 0.06532556447 0.06739685316 0.06938846242 0.07092402611 0.07238268864 0.07366191513 0.07494114162 0.07622036811 0.0774995946 0.07506976772 0.07171267751 0.0682237009 0.06699049451 0.06686438946 0.06668306841 0.06768589122 0.06588761322 0.06411962715 0.06340680167 0.06428299813 0.06506726426 0.06535774541 0.06367308659 0.06213526303 0.06081769235 0.05950012167 0.05818255099 0.05686498032 0.05620728926 0.05561780496 0.05498230184 0.05434679871 0.05371129558 0.05307579245 0.05216361452 0.05106698672 0.05009410757 0.04915216558 0.04821022359 0.0472682816 0.04641218235 0.04575638283 0.04510058331 0.04444478379 0.04378898426 0.04327733762 0.04280172919 
0.03634395652 0.03756401028 0.03878406404 0.0400041178 0.04122417156 0.04244352524 0.04364957737 0.04528770712 0.04707766738 0.04880570007 0.05053373276 0.05226176545 0.05398979815 0.05595956095 0.05829191892 0.0606242769 0.06295663487 0.06528899284 0.06749081617 0.06948242544 0.07101798913 0.07236129992 0.07364052641 0.0749197529 0.07619897939 0.07747820588 0.075048379 0.07169128879 0.0682562657 0.06702305931 0.06684725987 0.06666593883 0.06760527707 0.06580699907 0.06400872107 0.06328784929 0.06412643789 0.06491070403 0.06520118518 0.06351652635 0.06214389246 0.06082632178 0.0595087511 0.05819118042 0.05687360975 0.05621591869 0.05560342498 0.05496792185 0.05433241872 0.0536969156 0.05306141247 0.05214923453 0.05109127819 0.0501493362 0.04920739421 0.04826545222 0.04732351024 0.04646741099 0.04581161146 0.04515581194 0.04450001242 0.0438442129 0.04325148026 0.04277587183 
0.03634395709 0.03756401085 0.03878406461 0.04000411837 0.04122417213 0.0424442259 0.04365587868 0.04529400842 0.04704109575 0.04876912845 0.05049716114 0.05222519383 0.05395322652 0.05592298933 0.0582553473 0.06058770527 0.06292006325 0.06525242122 0.06758477919 0.06957638845 0.0710606847 0.07233991119 0.07361913768 0.07489836417 0.07617759066 0.07745681715 0.07502699028 0.07166990007 0.06828883051 0.06701145133 0.06683013028 0.06664880924 0.06752466291 0.06572638491 0.06392810691 0.06316889691 0.06396987766 0.06475414379 0.06504462494 0.06347009256 0.06215252189 0.06083495121 0.05951738053 0.05819980985 0.05688223918 0.05622454812 0.05558904499 0.05495354187 0.05431803874 0.05368253561 0.05304703248 0.05213485455 0.05114650682 0.05020456483 0.04926262284 0.04832068085 0.04737873887 0.04652263962 0.0458668401 0.04521104057 0.04455524105 0.04389944153 0.04324364201 0.04275001447 
0.03634395766 0.03756401142 0.03878406518 0.04000411894 0.04122417271 0.04244422647 0.04366217998 0.04527649144 0.04700452413 0.04873255682 0.05046058951 0.05218862221 0.0539166549 0.0558864177 0.05821877568 0.06055113365 0.06288349162 0.06521584959 0.06754820757 0.06967035147 0.07103929598 0.07231852247 0.07359774896 0.07487697545 0.07615620194 0.07743542843 0.07500560156 0.07164851134 0.06829142113 0.06699432174 0.0668130007 0.06663167965 0.06744404875 0.06564577075 0.06384749275 0.06302905128 0.06381331742 0.06459758356 0.06488806471 0.06347872199 0.06216115131 0.06084358064 0.05952600996 0.05820843928 0.05689086861 0.05621016814 0.05557466501 0.05493916188 0.05430365875 0.05366815563 0.0530326525 0.05214367744 0.05120173545 0.05025979346 0.04931785147 0.04837590949 0.0474339675 0.04657786825 0.04592206873 0.04526626921 0.04461046968 0.04395467016 0.04329887064 0.04272415711 
0.03634395823 0.03756401199 0.03878406575 0.04000411951 0.04122417328 0.04244422704 0.0436642808 0.04523991981 0.0469679525 0.0486959852 0.05042401789 0.05215205058 0.05388008327 0.05584984608 0.05818220405 0.06051456202 0.06284692 0.06517927797 0.06751163594 0.06973868077 0.07101790726 0.07229713375 0.07357636024 0.07485558673 0.07613481322 0.07741403971 0.07498421284 0.07162712262 0.06827003241 0.06697719215 0.06679587111 0.06661455007 0.0673634346 0.0655651566 0.0637668786 0.06287249105 0.06365675719 0.06444102332 0.0648049221 0.06348735142 0.06216978074 0.06085221007 0.05953463939 0.05821706871 0.05689949804 0.05619578815 0.05556028503 0.0549247819 0.05428927877 0.05365377564 0.05301827251 0.05219890607 0.05125696408 0.05031502209 0.04937308011 0.04843113812 0.04748919613 0.04663309688 0.04597729736 0.04532149784 0.04466569832 0.04400989879 0.04335409927 0.04269829975 
