0.00208696216 0.002354080707 0.002621199255 0.002888317802 0.00315543635 0.003422554897 0.003689673445 0.004025762303 0.004391409867 0.004757057431 0.005122704994 0.005488352558 0.005854000121 0.006232348425 0.006629747839 0.007027147253 0.007424546666 0.00782194608 0.008219345494 0.008605292672 0.00888816972 0.009171046769 0.009453923818 0.009736800867 0.01001967792 0.01030255496 0.01039628148 0.01044272036 0.01048915925 0.01057466793 0.01068121421 0.01078776048 0.009561148516 0.009534683179 0.009508217843 0.009502738191 0.009536231957 0.009569725722 0.009536138886 0.009234229646 0.008932320407 0.008630411167 0.008328501927 0.008026592687 0.007724683447 0.007375141934 0.007020307946 0.006665473959 0.006310639971 0.005955805983 0.005600971995 0.005271004293 0.004957614116 0.004644223939 0.004330833761 0.004017443584 0.003704053407 0.003413633984 0.003176812987 0.00293999199 0.002703170994 0.002466349997 0.002229529 0.001992708004 
0.009414999495 0.01124386612 0.01291655793 0.01318367648 0.01345079503 0.01371791358 0.01398503212 0.01526759978 0.01698535992 0.01762143 0.01798707756 0.01835272513 0.01871837269 0.01909672099 0.01949412041 0.01989151982 0.02028891924 0.02068631865 0.02188981446 0.0230387235 0.02369635163 0.02427902954 0.02456190659 0.02484478364 0.02512766068 0.02541053773 0.02550426425 0.02555070313 0.0257897102 0.02590876103 0.02597894301 0.02608548929 0.02342321155 0.02369999884 0.0236735335 0.02371015727 0.02381582831 0.02384932208 0.02381573524 0.023513826 0.02321191676 0.02291000752 0.02260809828 0.02191005313 0.021112974 0.01983365722 0.01850075848 0.01814592449 0.0177910905 0.01743625652 0.01708142253 0.01675145483 0.01643806465 0.01612467447 0.0158112843 0.0152806034 0.01388075964 0.01282982271 0.01259300172 0.01235618072 0.01211935972 0.01188253873 0.01082114414 0.009668130263 
0.01674303683 0.01857190345 0.02040077008 0.0222296367 0.02374615371 0.02401327226 0.0242803908 0.02556295846 0.0272807186 0.02899847874 0.03071623888 0.0312170977 0.03158274526 0.03196109356 0.03235849298 0.03275589239 0.03387877856 0.03508227437 0.03628577017 0.03743467921 0.03809230734 0.03874993547 0.0394075636 0.0399527664 0.04023564345 0.0405185205 0.04061224702 0.04083520673 0.04120259259 0.04132164342 0.0413069754 0.04138321809 0.03720154066 0.03762769118 0.03783884917 0.03787547293 0.03802926216 0.03812891843 0.03809533159 0.03779342235 0.03749151311 0.03684298495 0.03604590583 0.0352488267 0.03445174757 0.03317243079 0.03183953205 0.03050663331 0.02927154104 0.02891670705 0.02856187306 0.02823190536 0.02791851518 0.02749647965 0.02609663589 0.02469679213 0.02329694837 0.02224601144 0.02200919045 0.02177236945 0.02080259415 0.01964958027 0.0184965664 0.01734355252 
0.02407107417 0.02589994079 0.02772880741 0.02955767404 0.03138654066 0.03321540728 0.03457574948 0.03585831714 0.03757607728 0.03929383742 0.04101159756 0.04272935769 0.04444711783 0.04482546613 0.04586774266 0.04707123847 0.04827473428 0.04947823008 0.05068172589 0.05183063493 0.05248826306 0.05314589119 0.05380351932 0.05446114744 0.05511877557 0.05562650327 0.05588070327 0.05624808913 0.05661547498 0.05673452581 0.05671985779 0.05670518976 0.05097986976 0.05140602028 0.0518321708 0.05204078859 0.05219457782 0.05234836705 0.05237492795 0.05177591678 0.05097883765 0.05018175852 0.04938467939 0.04858760026 0.04779052114 0.04651120436 0.04517830561 0.04384540687 0.04251250813 0.04117960939 0.0400423236 0.0397123559 0.03831251214 0.03691266838 0.03551282462 0.03411298086 0.0327131371 0.03166220017 0.03078404416 0.02963103028 0.02847801641 0.02732500253 0.02617198866 0.02501897478 
0.03542660806 0.03725547468 0.03908434131 0.04091320793 0.04274207455 0.04457094118 0.04647998717 0.04829980443 0.05001756456 0.0517353247 0.05345308484 0.05517084498 0.05695569967 0.05982647967 0.06137596983 0.06257946563 0.06378296144 0.06498645725 0.06618995305 0.06721079125 0.06716402976 0.06782165789 0.06847928602 0.06913691414 0.06979454227 0.0704521704 0.07087760471 0.07124499057 0.07161237642 0.07205779964 0.07204313161 0.07202846359 0.06777139461 0.06819754514 0.06862369566 0.06896843413 0.06912222336 0.06927601259 0.06728161822 0.06656971077 0.06577263164 0.06497555251 0.06417847338 0.06338139426 0.06258431513 0.06176700441 0.06043410567 0.05910120693 0.05776830819 0.05643540945 0.0551025107 0.05372944495 0.05232960119 0.05092975743 0.04952991368 0.04813006992 0.04673022616 0.04447389546 0.04248722642 0.04133421254 0.04018119867 0.03902818479 0.03787517092 0.03672215704 
0.04864098652 0.05046985314 0.05229871976 0.05412758639 0.05595645301 0.05785404481 0.05991199535 0.06173181261 0.06344957274 0.06516733288 0.06688509302 0.06860285316 0.07166250436 0.07453328436 0.07712075756 0.07860104885 0.07980454465 0.08100804046 0.08221153627 0.08323237447 0.08260929419 0.08262656812 0.08328419624 0.08394182437 0.0845994525 0.08525708063 0.08568251494 0.08604990079 0.08659706759 0.08724900923 0.08732504764 0.08731037961 0.0859536252 0.08637977572 0.08680925619 0.08717100116 0.08732479039 0.08747857962 0.08256715325 0.0819593445 0.08123797352 0.08044089439 0.07964381526 0.07884673614 0.07804965701 0.07741004093 0.07657468719 0.07524178844 0.0739088897 0.07257599096 0.07124309222 0.06987002647 0.06847018271 0.06707033895 0.06567049519 0.06427065143 0.0625717663 0.06029882219 0.05676393641 0.05489636096 0.05374334708 0.0525903332 0.05143731933 0.05028430545 
0.06185536498 0.0636842316 0.06551309822 0.06734196484 0.06922810245 0.07128605299 0.07334400353 0.07516382078 0.07688158092 0.07859934106 0.0803171012 0.08330965784 0.08636930905 0.08924008905 0.09182756225 0.09441503545 0.09582612787 0.09702962368 0.09823311948 0.09925395768 0.0986308774 0.09800779713 0.09808910647 0.0987467346 0.09940436273 0.1000619909 0.1004874252 0.100854811 0.1015917466 0.1022436882 0.1026069637 0.1025922956 0.1041358558 0.1045620063 0.1050118232 0.1053735682 0.1055273574 0.1027641146 0.09785268827 0.09724487952 0.09663707077 0.09590623627 0.09510915714 0.09431207802 0.09351499889 0.09287538281 0.09225326264 0.09138236996 0.09004947122 0.08871657247 0.08738367373 0.08601060798 0.08461076422 0.08321092046 0.0818110767 0.08012880498 0.07839669303 0.07612374892 0.07258886313 0.06905397735 0.06730549549 0.06615248162 0.06499946774 0.06384645387 
0.07506974343 0.07689861006 0.07872747668 0.08060216009 0.08266011063 0.08471806116 0.0867760117 0.08859582896 0.0903135891 0.09203134924 0.09495681133 0.09801646253 0.1010761137 0.1039468937 0.1065343669 0.1091218401 0.1117093133 0.1130512069 0.1142547027 0.1152755409 0.1146524606 0.1140293803 0.1134063001 0.1135516448 0.114209273 0.1148669011 0.1152923354 0.1158195265 0.1165864256 0.1172383672 0.1178284087 0.1178742117 0.1223180864 0.1227442369 0.1232143902 0.1235761352 0.1237299244 0.1180496497 0.1131382233 0.1125304145 0.1119226058 0.111314797 0.110574499 0.1097774199 0.1089803408 0.1083407247 0.1077186045 0.1070964843 0.1061900527 0.104857154 0.1035242552 0.1021511895 0.1007513457 0.09935150198 0.09768584366 0.09595373171 0.09422161976 0.09194867565 0.08841378986 0.08487890408 0.08134401829 0.07971463003 0.07856161615 0.07740860228 
0.08828412189 0.09011298851 0.09197621772 0.09403416826 0.0960921188 0.09815006934 0.1002080199 0.1020278371 0.1037455973 0.1066039648 0.109663616 0.1127232672 0.1157829184 0.1186536984 0.1212411716 0.1238286448 0.126416118 0.1290035912 0.1302762859 0.1312971241 0.1306740438 0.1300509636 0.1294278833 0.128804803 0.1290141832 0.1296718113 0.1300972456 0.1308142055 0.1315811046 0.1322330462 0.1328230877 0.1331561277 0.140500317 0.1409432361 0.1414169573 0.1417787022 0.1393225155 0.1333351847 0.1284237583 0.1278159496 0.1272081408 0.1266003321 0.1259925233 0.1252427618 0.1244456826 0.1238060666 0.1231839464 0.1225618262 0.121939706 0.1209977355 0.1196648368 0.118291771 0.1168919273 0.1152428823 0.1135107704 0.1117786584 0.1100465465 0.1077736024 0.1042387166 0.1007038308 0.09716894502 0.09363405923 0.09212376457 0.09097075069 
0.1014985003 0.1033502754 0.1054082259 0.1074661764 0.109524127 0.1115820775 0.1136400281 0.1154598453 0.1182511183 0.1213107695 0.1243704207 0.1274300719 0.1304897231 0.1333605031 0.1359479763 0.1385354495 0.1411229227 0.1437103959 0.1462978691 0.1473187073 0.146695627 0.1460725468 0.1454494665 0.1448263862 0.1442033059 0.1444767215 0.1450419855 0.1458088845 0.1465757836 0.1472277252 0.1478177667 0.1484078082 0.1586825476 0.1591458032 0.1596195243 0.1599812693 0.1546080505 0.1486207197 0.1437092933 0.1431014846 0.1424936758 0.1418858671 0.1412780583 0.1406702496 0.1399110245 0.1392714085 0.1386492883 0.1380271681 0.1374050479 0.1367829277 0.1358054183 0.1344323525 0.132799921 0.1310678091 0.1293356971 0.1276035852 0.1258714732 0.1235985291 0.1200636433 0.1165287575 0.1129938717 0.109458986 0.1059241002 0.1045328991 
0.114370903 0.1164951019 0.1185530524 0.120611003 0.1226689535 0.1247269041 0.1267848546 0.1295439956 0.1326036468 0.135663298 0.1387229492 0.1417826004 0.1448422516 0.1475048696 0.1500923428 0.152679816 0.1552672892 0.1578547624 0.1604422356 0.1627086534 0.1620855732 0.1614624929 0.1608394126 0.1602163323 0.159593252 0.1589701718 0.1595772457 0.1603441448 0.1611110439 0.1617629855 0.162353027 0.1629430685 0.1760510701 0.1765247912 0.1769985123 0.1754541526 0.1694668218 0.163479491 0.1586506886 0.1580428799 0.1574350711 0.1568272624 0.1562194536 0.1556116449 0.1550038361 0.1543831471 0.1537610269 0.1531389067 0.1525167866 0.1518946664 0.1512725462 0.149949116 0.148217004 0.1464848921 0.1447527801 0.1430206682 0.1412885562 0.1390156121 0.1354807263 0.1319458405 0.1284109547 0.124876069 0.1213411832 0.1179760148 
0.1210877404 0.1238081749 0.1265286095 0.12858656 0.1306445106 0.1327024611 0.1347604116 0.1375195527 0.1405792039 0.1436388551 0.1466985063 0.1495536247 0.1521019441 0.1540378095 0.1550549941 0.1567002941 0.1592877673 0.1618752405 0.1644627137 0.1667291316 0.1661060513 0.165482971 0.1648598907 0.1642368105 0.1648195518 0.1657037485 0.1659731966 0.166609868 0.167376767 0.1680287087 0.1686187502 0.1703422655 0.1786056363 0.1790793575 0.179136164 0.1784928624 0.1766438466 0.1706565159 0.1659103375 0.1661287685 0.1661819515 0.1655741428 0.164966334 0.1643585253 0.1637507165 0.1631300275 0.1625079073 0.1618857871 0.161263667 0.159892825 0.1580228353 0.1567724041 0.1559350119 0.1545607879 0.1528286759 0.1510965639 0.149364452 0.1470915079 0.1435566221 0.1400217363 0.1364868505 0.1329519647 0.1311142527 0.1292765406 
0.1278045778 0.1305250123 0.1332454469 0.1359658815 0.1386200676 0.1406780182 0.1427359687 0.1454951097 0.1485547609 0.1514610125 0.1540093319 0.1565576512 0.1591059706 0.161041836 0.1620590206 0.1630762052 0.1640933898 0.1658957187 0.1684831919 0.1707496097 0.1701265294 0.1695034492 0.1699354628 0.1708196595 0.1717038563 0.172588053 0.172857501 0.1729732619 0.1736424902 0.1742944319 0.1759045998 0.178761589 0.1811602026 0.1814588196 0.1802648823 0.1796215808 0.1800008884 0.1778335407 0.1730873623 0.1733057933 0.1735242243 0.1737426554 0.1737132144 0.1731054057 0.1724975969 0.1718769079 0.1712547877 0.1700087328 0.168138743 0.1662687532 0.1643987635 0.1631483323 0.1623109401 0.1614735479 0.1606361557 0.1591724597 0.1574403478 0.1551674037 0.1516325179 0.1480976321 0.1460902027 0.1442524906 0.1424147786 0.1405770665 
0.1345214152 0.1372418497 0.1399622843 0.1426827189 0.1454031534 0.148123588 0.1507115257 0.1533684004 0.1559167197 0.1584650391 0.1610133584 0.1635616778 0.1661099971 0.1680458626 0.1690630471 0.1700802317 0.1710974163 0.1721146009 0.1731317855 0.1747700879 0.1750513738 0.1759355705 0.1768197673 0.177703964 0.1785881607 0.1794723575 0.1797418055 0.1798575664 0.1799733272 0.1814669341 0.1843239233 0.1871809126 0.1837147689 0.1825875379 0.1813936006 0.1807502991 0.1811296068 0.1815089144 0.1802643871 0.1804828182 0.1807012492 0.1809196802 0.1811381112 0.1813565422 0.1812444773 0.1801246405 0.1782546507 0.176384661 0.1745146712 0.1726446814 0.1707746917 0.1695242605 0.1686868683 0.1678494761 0.1670120839 0.1661746918 0.1653372996 0.1632432995 0.1610661526 0.1592284406 0.1573907285 0.1555530165 0.1537153044 0.1518775924 
0.1391623424 0.1418827769 0.1446032115 0.1473236461 0.1500440806 0.1527533255 0.1553618628 0.1572655294 0.1591511306 0.1616994499 0.1642477693 0.1667960886 0.169344408 0.1713744622 0.1726271188 0.1736443034 0.174661488 0.1756786726 0.1766958571 0.1776997429 0.1785839397 0.1794681364 0.1803523331 0.1812365299 0.1820956456 0.1828544376 0.1830988047 0.1832145656 0.1830931095 0.1837713967 0.1865528432 0.1894098325 0.1858229602 0.1849121373 0.1837182 0.1830748984 0.1834542061 0.1838335138 0.1837777889 0.1833671624 0.1834597819 0.183678213 0.183896644 0.184115075 0.184333506 0.1826723583 0.1808023686 0.1789323788 0.177062389 0.1751923993 0.1746481424 0.1738616628 0.1729358151 0.172098423 0.1712610308 0.1704236386 0.1695862464 0.1684487583 0.1666110463 0.1647733342 0.1629356221 0.1610979101 0.1597051365 0.1589797705 
0.1430618731 0.1457823077 0.1485027423 0.1512231768 0.1538317141 0.1564402515 0.1590487888 0.1609524554 0.1625540345 0.1641556136 0.1661358888 0.1686842082 0.1712325275 0.1732625818 0.1745152384 0.1757678949 0.1769970043 0.1780141889 0.1790313735 0.1800352593 0.180919456 0.1818036527 0.182675309 0.183434101 0.184192893 0.184951685 0.1851960521 0.1851084841 0.1845464823 0.1852247695 0.1865709047 0.1894278939 0.1880306987 0.1874729734 0.1864698997 0.1858265981 0.1862059058 0.1862488009 0.1861534981 0.1857428716 0.1853322451 0.1849216186 0.1850771439 0.1852955749 0.1855140059 0.1838528582 0.1819828684 0.1801128787 0.1794360485 0.1788917917 0.1783475348 0.1775610552 0.1766130937 0.1756651321 0.1747503414 0.1739129493 0.1730755571 0.171938069 0.1701003569 0.1682626448 0.1667586366 0.1660332707 0.1653079047 0.1645825388 
0.1469614039 0.1496818384 0.1523015655 0.1549101028 0.1575186401 0.1601271774 0.1627357148 0.1646393813 0.1662409605 0.1678425396 0.1694441187 0.1710456979 0.1731206471 0.1751507013 0.1764033579 0.1776560145 0.1789086711 0.1801613277 0.1813668898 0.1823707756 0.1832549724 0.1840137644 0.1847725564 0.1855313484 0.1862901404 0.1870489324 0.1871238588 0.186561857 0.1859998551 0.1866781424 0.1880242775 0.1894459554 0.1902384372 0.1896807119 0.1891229865 0.1885782978 0.1886409819 0.1886245101 0.1885292073 0.1881185808 0.1877079543 0.1872973278 0.1868867013 0.1864760747 0.1866945058 0.1850333581 0.1842239546 0.1836796978 0.1831354409 0.1825911841 0.1820469272 0.1812604476 0.1803124861 0.1793645245 0.178416563 0.1774686015 0.1765648677 0.1754273796 0.1738121368 0.1730867708 0.1723614049 0.1716360389 0.170910673 0.170185307 
0.1488765026 0.152069357 0.1546778943 0.1572864316 0.1598949689 0.1625035062 0.1651120436 0.1668458891 0.1684474682 0.1700490473 0.1716506265 0.1732522056 0.1748537847 0.1763387804 0.177591437 0.1788440935 0.1800967501 0.1813494067 0.1826020633 0.1838053334 0.1845641254 0.1853229174 0.1860817094 0.1868405014 0.1875992934 0.1884648939 0.1882738593 0.1877118575 0.1871498557 0.1878645093 0.1892106445 0.1905567796 0.1927674952 0.1922097698 0.1916520444 0.1901279333 0.1901114615 0.1900949896 0.1899996869 0.1895890604 0.1891784338 0.1887678073 0.1883571808 0.1879465543 0.1878098634 0.1873702814 0.1868260245 0.1862817677 0.1857375108 0.185193254 0.1846489971 0.1839718905 0.1830239289 0.1820759674 0.1811280059 0.1801800444 0.1792320829 0.1783509001 0.1776255341 0.1769001681 0.1761748022 0.1754494362 0.1747240703 0.1742225851 
0.1480630074 0.1521323373 0.155252152 0.1578606893 0.1604692266 0.1630777639 0.1656863012 0.167292781 0.1686184009 0.17021998 0.1718215591 0.1734231383 0.1750247174 0.1765097131 0.1778169603 0.1790696169 0.1803222735 0.1815749301 0.1828275866 0.1840308568 0.1847896488 0.1855484408 0.1863072328 0.1870660248 0.1879049231 0.1891977576 0.1890067231 0.1884447213 0.1883884094 0.1887180966 0.1900298784 0.1913760135 0.1931041876 0.1951806419 0.1946229165 0.192231937 0.1903372504 0.1903207785 0.1902254758 0.1898148492 0.1894042227 0.1889935962 0.1885829697 0.1884006228 0.1889031148 0.1884635328 0.187919276 0.1873750191 0.1868307622 0.1862865054 0.185978299 0.185306184 0.1843769412 0.1834289797 0.1824810182 0.1815330567 0.1805850952 0.1797039124 0.1789785464 0.1782531805 0.1775278145 0.1768024485 0.1762729783 0.1761073143 
0.1472495122 0.1513188421 0.1553881719 0.158434947 0.1610434843 0.1636520216 0.1662605589 0.1678670387 0.1690440652 0.1703909127 0.1719924918 0.1735940709 0.1751956501 0.1766806457 0.1779907662 0.1792951403 0.1805477968 0.1818004534 0.18305311 0.1842563801 0.1850151721 0.1857739641 0.1865327561 0.1873449524 0.1886377869 0.1899306214 0.1897395868 0.189177585 0.1898603585 0.1901900457 0.1908491123 0.1921952474 0.1934097063 0.198151514 0.1975937886 0.1952028091 0.1905630393 0.1905465674 0.1904512646 0.1900406381 0.1896300116 0.1892193851 0.1889913823 0.1894938743 0.1899963662 0.1895567842 0.1890125274 0.1884682705 0.1879240137 0.1876033836 0.187307601 0.186635486 0.1857124828 0.184781992 0.1838340305 0.182886069 0.1819381075 0.1810569247 0.1803315587 0.1796061928 0.1788808268 0.1783233714 0.1781577074 0.1779920434 
0.146436017 0.1505053468 0.1545746767 0.1586440065 0.161617742 0.1642262793 0.1668348166 0.1684412963 0.1696183228 0.1707953493 0.1721634245 0.1737650036 0.1753665827 0.1768515784 0.1781616989 0.1794718193 0.1807733202 0.1820259768 0.1832786334 0.1844819035 0.1852406955 0.1859994875 0.1867849816 0.1880778161 0.1893706506 0.1906634851 0.1904724506 0.1903383403 0.1913323077 0.1916619948 0.1916683461 0.1930144813 0.193715225 0.1993922444 0.2005646607 0.1981736812 0.1923780868 0.1907723563 0.1906770535 0.190266427 0.1898558005 0.1895821418 0.1900846337 0.1905871257 0.1910896176 0.1906500357 0.1901057788 0.189561522 0.1892284682 0.1889326855 0.1886369029 0.1879647879 0.1870417847 0.1861187815 0.1851870428 0.1842390813 0.1832911198 0.182409937 0.181684571 0.1809592051 0.1803737646 0.1802081006 0.1800424366 0.1798767726 
0.1456225218 0.1496918516 0.1537611815 0.1578305113 0.1618998411 0.164800537 0.1674090743 0.169015554 0.1701925805 0.171369607 0.1725466335 0.1739359363 0.1755375154 0.1770225111 0.1783326315 0.179642752 0.1809528724 0.1822515001 0.1835041567 0.1847074268 0.1854662188 0.1862250108 0.1875178453 0.1888106799 0.1901035144 0.1913963489 0.1912053143 0.1918102894 0.1928042568 0.193133944 0.1931059418 0.1938337152 0.1940207436 0.1996977631 0.2035355328 0.2011445533 0.1953489589 0.1909981452 0.1909028424 0.1904922159 0.1901729013 0.1906753932 0.1911778852 0.1916803771 0.1921828691 0.1917432871 0.1911990303 0.1908535528 0.1905577701 0.1902619875 0.1899662048 0.1892940898 0.1883710866 0.1874480834 0.1865250802 0.1855920936 0.1846441321 0.1837629493 0.1830375833 0.1824241578 0.1822584937 0.1820928297 0.1819271657 0.1817615017 
0.1448090266 0.1488783564 0.1529476863 0.1570170161 0.1610863459 0.1651556758 0.167983332 0.1695898117 0.1707668382 0.1719438647 0.1731208912 0.1742979177 0.1757084481 0.1771934438 0.1785035642 0.1798136847 0.1811238051 0.1824339256 0.1837296801 0.1849329502 0.1856917422 0.1869578746 0.1882507091 0.1895435436 0.1908363781 0.1921292126 0.1922882711 0.1932822385 0.1942762059 0.1946058931 0.1945778909 0.1946529491 0.1943262623 0.2000032818 0.2056803012 0.2041154254 0.198319831 0.1925242367 0.1911286313 0.1907636607 0.1912661527 0.1917686446 0.1922711366 0.1927736286 0.1932761205 0.1928365385 0.1924786373 0.1921828547 0.1918870721 0.1915912894 0.1912955068 0.1906233918 0.1897003885 0.1887773853 0.1878543821 0.1869313789 0.1859971444 0.1851159616 0.1844745509 0.1843088869 0.1841432229 0.1839775589 0.1838118949 0.1836462308 
0.1439955314 0.1480648612 0.152134191 0.1562035209 0.1602728507 0.1643421806 0.1684115104 0.1701640694 0.1713410959 0.1725181224 0.1736951489 0.1748721753 0.1760492018 0.1773643764 0.1786744969 0.1799846173 0.1812947378 0.1826048583 0.1839149787 0.1851584735 0.1863979038 0.1876907383 0.1889835728 0.1902764073 0.1915692419 0.1928620764 0.1937602202 0.1947541876 0.195748155 0.1960778422 0.19604984 0.1960218379 0.194631781 0.2003088005 0.2059858199 0.2070862975 0.2012907031 0.1954951087 0.1913544202 0.1918569122 0.1923594041 0.1928618961 0.193364388 0.19386688 0.1943693719 0.1941037219 0.1938079393 0.1935121566 0.193216374 0.1929205913 0.1926248087 0.1919526937 0.1910296905 0.1901066873 0.189183684 0.1882606808 0.1873376776 0.1865249441 0.1863592801 0.1861936161 0.186027952 0.185862288 0.185696624 0.18553096 
0.1436142227 0.147492885 0.1515622148 0.1556315447 0.1597008745 0.1637702043 0.1678395342 0.1698842517 0.1710612782 0.1722383047 0.1734153311 0.1745923576 0.1759101154 0.1777033044 0.1790134249 0.1803235453 0.1816336658 0.1829437862 0.1842539067 0.1837588228 0.1851641121 0.1864569466 0.1877497811 0.1890426156 0.1903354501 0.1916282846 0.1927402391 0.1937342065 0.1947281739 0.1952584062 0.1952304041 0.1952024019 0.1942565114 0.2005752344 0.2062522539 0.2079138585 0.2021182641 0.1963226697 0.1899512686 0.1899605581 0.1904630501 0.190965542 0.191468034 0.1919705259 0.1924730179 0.19321783 0.1929220473 0.1926262647 0.192330482 0.1920346994 0.1917389168 0.1910668018 0.1901437985 0.1892207953 0.1882977921 0.1873747889 0.186471311 0.1858984114 0.1855070671 0.1853414031 0.185175739 0.185010075 0.184844411 0.184678747 
0.1433481638 0.1471632702 0.1510546437 0.1551239735 0.1591933034 0.1632626332 0.167331963 0.1693766805 0.170553707 0.1717307335 0.17290776 0.1741786073 0.1762938421 0.1780870312 0.1793971516 0.1807072721 0.1820173925 0.183327513 0.1826954719 0.1818362327 0.1833020745 0.1846987134 0.1859915479 0.1872843825 0.188577217 0.1898700515 0.1910479814 0.1920497106 0.193043678 0.1937209768 0.1937999321 0.1937719299 0.1927136487 0.2008312458 0.2065082653 0.2081698699 0.2023742755 0.1963578708 0.1881095816 0.1877153418 0.1877694679 0.1882719599 0.1887744518 0.1892769438 0.1897794357 0.1907164013 0.191445437 0.1911496544 0.1908538717 0.1905580891 0.1902623064 0.1895901915 0.1886671882 0.187744185 0.1868211818 0.1858981786 0.185365683 0.1847927834 0.1841256075 0.1837593388 0.1835936748 0.1834280108 0.1832623468 0.1830966827 
0.1430821049 0.1468972113 0.1507123178 0.1546164024 0.1586857322 0.162755062 0.1668243919 0.1688691094 0.1700461359 0.1712231624 0.1724470993 0.1745623341 0.1766775688 0.1784707579 0.1797808784 0.1810909988 0.1824011193 0.1818904633 0.1807728818 0.1799136426 0.1813794844 0.1828453262 0.1842333148 0.1855261493 0.1868189838 0.1881118183 0.1892897483 0.1903652148 0.1913591822 0.1920364809 0.1923694601 0.1923414579 0.191170786 0.201055698 0.2067642766 0.2084258812 0.2026302869 0.1945161838 0.1862678947 0.1858736548 0.185479415 0.1855783777 0.1860808697 0.1865833616 0.1870858536 0.1880228191 0.1890080595 0.1896730441 0.1893772614 0.1890814788 0.1887856961 0.1881135812 0.1871905779 0.1862675747 0.1853445715 0.1847925505 0.184260055 0.1836871553 0.1830199795 0.1823528037 0.1820116105 0.1818459465 0.1816802825 0.1815146185 
0.142816046 0.1466311524 0.1504462589 0.1542613653 0.1581781611 0.1622474909 0.1663168207 0.1683615382 0.1695385647 0.1707155912 0.172830826 0.1749460608 0.1770612956 0.1788544846 0.1801646051 0.1814747255 0.1810854546 0.1799678732 0.1788502917 0.1779910525 0.1794568943 0.1809227361 0.1823885779 0.1837679161 0.1850607506 0.1863535851 0.1875315151 0.1886807189 0.1896746863 0.1903519851 0.19085877 0.1909109859 0.1896279234 0.1995128353 0.207020288 0.2086818926 0.2028862982 0.1926744968 0.1844262077 0.1840319679 0.1836377281 0.1832434882 0.1833872875 0.1838897795 0.1843922714 0.1853292369 0.1863144773 0.1872997177 0.1879006511 0.1876048685 0.1873090858 0.1866369709 0.1857139676 0.1847909644 0.1842194181 0.1836869225 0.183154427 0.1825815273 0.1819143515 0.1812471757 0.1805799998 0.1802638823 0.1800982183 0.1799325543 
0.1425499871 0.1463650935 0.1501802 0.1539953064 0.1578104128 0.1617399197 0.1658092496 0.1678539671 0.1690309936 0.1710993179 0.1732145527 0.1753297875 0.1774450223 0.1792382114 0.1805483318 0.180280446 0.1791628645 0.1780452831 0.1769277016 0.1760684624 0.1775343042 0.179000146 0.1804659878 0.1819318297 0.1833025174 0.184595352 0.1857732819 0.1869224858 0.1879901905 0.1886674892 0.1891742741 0.1894805139 0.1880850607 0.1979699726 0.2072762994 0.208937904 0.2010446112 0.1908328098 0.1825845207 0.1821902809 0.1817960411 0.1814018013 0.1810075615 0.1811961973 0.1816986892 0.1826356548 0.1836208951 0.1846061355 0.1855913759 0.1861282582 0.1858324755 0.1851603605 0.1842373573 0.1836462856 0.1831137901 0.1825812945 0.1820487989 0.1814758993 0.1808087235 0.1801415476 0.1794743718 0.178807196 0.178516154 0.17835049 
0.1422839282 0.1460990346 0.149914141 0.1537292475 0.1575443539 0.1613594603 0.1653016784 0.1673463959 0.1693678099 0.1714830447 0.1735982795 0.1757135143 0.1778287491 0.1796219381 0.1794754374 0.1783578559 0.1772402744 0.176122693 0.1750051115 0.1741458723 0.1756117141 0.1770775559 0.1785433977 0.1800092396 0.1814750814 0.1828371188 0.1840150488 0.1851642526 0.1863056946 0.1869829934 0.1874897783 0.1879965632 0.186542198 0.19642711 0.2063120219 0.2091939154 0.1992029243 0.1889911228 0.1807428337 0.1803485939 0.1799543541 0.1795601143 0.1791658745 0.1787716347 0.1790051071 0.1799420726 0.180927313 0.1819125533 0.1828977937 0.1838830341 0.1843558652 0.1836837502 0.1830731532 0.1825406576 0.182008162 0.1814756665 0.1809431709 0.1803702713 0.1797030954 0.1790359196 0.1783687438 0.177701568 0.1770343921 0.1767684258 
0.1421512249 0.1459663313 0.1497814377 0.1535965441 0.1574116505 0.161226757 0.1650418634 0.1675367847 0.1696520195 0.1717672543 0.1738824891 0.1759977239 0.1781129587 0.178935067 0.1778174855 0.176699904 0.1755823225 0.1744647411 0.1733471596 0.1726213088 0.1740871506 0.1755529924 0.1770188342 0.178484676 0.1799505178 0.1814163596 0.1825703077 0.1837195115 0.1848687154 0.1856003469 0.1861071318 0.1866139167 0.1849665898 0.1948515017 0.2047364137 0.2075874759 0.1973756745 0.187163873 0.1792849131 0.1788906733 0.1784964335 0.1781021937 0.1777079539 0.177313714 0.1769194742 0.1777215652 0.1787068055 0.1796920459 0.1806772862 0.1816625266 0.182647767 0.1827318575 0.182199362 0.1816668664 0.1811343709 0.1806018753 0.1800693797 0.1794964801 0.1788293043 0.1781621284 0.1774949526 0.1768277768 0.176160601 0.1755261446 
0.1427297512 0.1465448576 0.150359964 0.1541750704 0.1579901769 0.1618052833 0.1654652952 0.1672902365 0.1694054713 0.1715207061 0.1736359409 0.1757511757 0.1778664105 0.1786885188 0.1775709373 0.1764533558 0.1753357743 0.1742181929 0.1731006114 0.173641214 0.1746853952 0.176151237 0.1776170788 0.1790829206 0.1805487625 0.1820146043 0.1827975245 0.1839467283 0.1850959322 0.1858275637 0.1863343486 0.1868411335 0.1838272827 0.1931012504 0.2029861623 0.2058372246 0.1956254232 0.1854136217 0.1798737465 0.1794795067 0.1790852669 0.1786910271 0.1782967873 0.1779025475 0.1777612101 0.1780241228 0.1790093632 0.1799946035 0.1809798439 0.1819650843 0.1829503246 0.1830945296 0.182562034 0.1820295384 0.1814970429 0.1809645473 0.1804320518 0.1798591521 0.1791919763 0.1785248005 0.1778576246 0.1771904488 0.176523273 0.1760960399 
0.1433082775 0.1471233839 0.1509384903 0.1547535967 0.1585687032 0.1623838096 0.165749142 0.1674065902 0.1691589231 0.1712741579 0.1733893927 0.1755046275 0.1776198623 0.1784419706 0.1773243891 0.1762068076 0.1750892261 0.1739716447 0.173193505 0.1746845447 0.1752836399 0.1767494817 0.1782153235 0.1796811653 0.1811470071 0.1826128489 0.1830247413 0.1841739451 0.185323149 0.1860547805 0.1865615654 0.1870734112 0.1841664606 0.1913509991 0.201235911 0.2040869733 0.1938751718 0.1836633704 0.1804625799 0.1800683401 0.1796741003 0.1792798605 0.1788856207 0.1784913809 0.178616996 0.1784722668 0.1793119208 0.1802971612 0.1812824015 0.1822676419 0.1832528823 0.183403415 0.182924706 0.1823922105 0.1818597149 0.1813272193 0.1807947238 0.1802218241 0.1795546483 0.1788874725 0.1782202967 0.1775531208 0.1768968515 0.1766659352 
0.1438868038 0.1477019102 0.1515170166 0.155332123 0.1591472295 0.1628382603 0.1660329888 0.167690437 0.1689123749 0.1710276097 0.1731428445 0.1752580793 0.1773733141 0.1781954224 0.1770778409 0.1759602594 0.1748426779 0.1737250965 0.1742368358 0.1757278755 0.1762566939 0.1773477264 0.1788135682 0.18027941 0.1817452518 0.1832110936 0.1832519581 0.184401162 0.1855503658 0.1862819973 0.1867887822 0.1873967841 0.1845056385 0.1896007477 0.1994856597 0.2023367219 0.1921249205 0.1819131191 0.1810514133 0.1806571735 0.1802629337 0.1798686939 0.1794744541 0.1793050164 0.179472782 0.1793280528 0.1796144784 0.1805997188 0.1815849592 0.1825701995 0.1835554399 0.1837059727 0.1832873781 0.1827548825 0.1822223869 0.1816898914 0.1811573958 0.1805844962 0.1799173203 0.1792501445 0.1785829687 0.1779157929 0.1774667468 0.1772358306 
0.1444653301 0.1482804365 0.1520955429 0.1559106494 0.1597257558 0.1631221071 0.1663168356 0.1679742838 0.1689728975 0.1707810615 0.1728962963 0.1750115311 0.1771267659 0.1779488742 0.1768312927 0.1757137112 0.1745961297 0.1736822134 0.1752801665 0.1767712063 0.1773000247 0.177945971 0.1794118128 0.1808776546 0.1823434964 0.1838093382 0.1837720916 0.1846283788 0.1857775826 0.1865092141 0.1870159991 0.1877201571 0.1848448164 0.1878504964 0.1977354084 0.2005864706 0.1903746692 0.1820095136 0.1816402467 0.1812460069 0.1808517671 0.1804575273 0.1800632875 0.1801608024 0.1803285679 0.1801838387 0.1800043879 0.1809022764 0.1818875168 0.1828727572 0.1838579975 0.1840085303 0.1836025914 0.1831175545 0.182585059 0.1820525634 0.1815200678 0.1809471682 0.1802799924 0.1796128165 0.1789456407 0.1782784649 0.1780366421 0.1778057259 
0.1450438564 0.1488589628 0.1526740692 0.1564891757 0.1602112254 0.1634059539 0.1666006824 0.1682581306 0.1692567443 0.1705345133 0.1726497481 0.1747649829 0.1768802177 0.177702326 0.1765847445 0.175467163 0.1743495815 0.1747255441 0.1763234973 0.177814537 0.1783433554 0.1788721739 0.1800100575 0.1814758993 0.1829417411 0.1844075829 0.1843703363 0.1848555956 0.1860047994 0.186736431 0.1872432159 0.18804353 0.1851839943 0.1861002451 0.195985157 0.1988362193 0.1886244178 0.182598347 0.1822290801 0.1818348403 0.1814406005 0.1810463607 0.1808488228 0.1810165883 0.1811843539 0.1810396247 0.1808601739 0.1812048341 0.1821900744 0.1831753148 0.1841605552 0.1843110879 0.183905149 0.1834802265 0.182947731 0.1824152354 0.1818827399 0.1813098402 0.1806426644 0.1799754886 0.1793083127 0.1788374537 0.1786065375 0.1783756212 
0.1456223827 0.1494374891 0.1532525956 0.157067702 0.1604950722 0.1636898007 0.1668845292 0.1685419773 0.1695405911 0.1705392049 0.1724031999 0.1745184347 0.1766336695 0.1774557778 0.1763381963 0.1752206148 0.1741709217 0.1757688749 0.1773668281 0.1788578678 0.1793866862 0.1799155046 0.1806083021 0.1820741439 0.1835399857 0.1850058275 0.184968581 0.1850828124 0.1862320162 0.1869636478 0.1874704327 0.1883669029 0.1855231722 0.1856329766 0.1942349057 0.197085968 0.1868741665 0.1831871804 0.1828179136 0.1824236737 0.1820294339 0.1816351941 0.1817046087 0.1818723743 0.1820401398 0.1818954107 0.1817159598 0.181536509 0.1824926321 0.1834778724 0.1844631128 0.1846136456 0.1842077066 0.1838017677 0.183310403 0.1827779074 0.1822454119 0.1816725122 0.1810053364 0.1803381606 0.1796709848 0.179407349 0.1791764328 0.1789455165 
0.146200909 0.1500160154 0.1538311219 0.1575841905 0.160778919 0.1639736475 0.167168376 0.1688258241 0.1698244379 0.1708230517 0.1721566517 0.1742718865 0.1763871213 0.1772092296 0.1760916481 0.1749740666 0.1752142525 0.1768122057 0.1784101588 0.1799011986 0.180430017 0.1809588354 0.1814876538 0.1826723886 0.1841382304 0.1856040722 0.1855668256 0.1853100292 0.186459233 0.1871908646 0.1877786231 0.1886902759 0.1858623501 0.1859721545 0.1924846544 0.1953357166 0.1851239152 0.1837760138 0.183406747 0.1830125072 0.1826182673 0.1823926291 0.1825603947 0.1827281603 0.1828959258 0.1827511966 0.1825717458 0.182392295 0.1827951897 0.1837804301 0.1847656705 0.1849162032 0.1845102643 0.1841043253 0.183673075 0.1831405795 0.1826080839 0.1820351843 0.1813680084 0.1807008326 0.1802081606 0.1799772444 0.1797463281 0.1795154118 
0.1467794353 0.1505945418 0.1544096482 0.1578680373 0.1610627658 0.1642574943 0.1674522228 0.1691096709 0.1701082847 0.1711068984 0.1721055122 0.1740253383 0.1761405731 0.1769626814 0.1758450999 0.1747275184 0.1762575832 0.1778555364 0.1794534896 0.1809445293 0.1814733477 0.1820021662 0.1825309846 0.1832706333 0.1847364751 0.1862023169 0.1861650703 0.1857520516 0.1866864498 0.1874180814 0.188101996 0.1890136488 0.186201528 0.1863113324 0.1907344031 0.1935854653 0.1847278708 0.1843648472 0.1839955804 0.1836013406 0.1832071008 0.1832484151 0.1834161807 0.1835839462 0.1837517118 0.1836069826 0.1834275317 0.1832480809 0.1830977474 0.1840829877 0.1850682281 0.1852187609 0.1848128219 0.1844068829 0.184000944 0.1835032515 0.1829707559 0.1823978563 0.1817306805 0.1810635046 0.1807780559 0.1805471397 0.1803162234 0.1800853071 
0.1473579616 0.1511730681 0.1549571556 0.1581518841 0.1613466126 0.1645413411 0.1677360695 0.1693935177 0.1703921315 0.1713907452 0.172389359 0.1737787901 0.1758940249 0.1767161332 0.1755985517 0.1757029608 0.177300914 0.1788988672 0.1804968204 0.1819878601 0.1825166785 0.1830454969 0.1835743153 0.1841031338 0.1853347197 0.1868005615 0.1867633149 0.1863502963 0.1869136667 0.1876452982 0.1884253689 0.1893370218 0.1865407059 0.1866505103 0.1889841517 0.191835214 0.1853167042 0.1849536806 0.1845844138 0.184190174 0.1839364355 0.1841042011 0.1842719666 0.1844397322 0.1846074977 0.1844627685 0.1842833177 0.1841038669 0.183924416 0.1843855454 0.1853707857 0.1855213185 0.1851153795 0.1847094406 0.1843035016 0.1838659235 0.183333428 0.1827605283 0.1820933525 0.1815788675 0.1813479513 0.181117035 0.1808861187 0.1806552025 
0.1479364879 0.1517515944 0.1552410024 0.1584357309 0.1616304594 0.1648251878 0.1680199163 0.1696773645 0.1706759783 0.171674592 0.1726732058 0.1736718195 0.1756474767 0.176469585 0.1753520035 0.1767462916 0.1783442448 0.179942198 0.1815401511 0.1830311908 0.1835600093 0.1840888277 0.1846176461 0.1851464645 0.1859329644 0.1873988062 0.1873615596 0.1869485409 0.1871408835 0.187872515 0.1887487419 0.1896603947 0.1868798838 0.1869896883 0.1872339004 0.1900849627 0.1859055376 0.185542514 0.1851732472 0.1847790074 0.1847922215 0.184959987 0.1851277526 0.1852955181 0.1854632837 0.1853185545 0.1851391037 0.1849596528 0.184780202 0.184688103 0.1856733434 0.1858238761 0.1854179372 0.1850119982 0.1846060593 0.1842001203 0.1836961 0.1831232003 0.1824560245 0.1821487628 0.1819178466 0.1816869303 0.181456014 0.1812250978 
0.1485150143 0.1523301207 0.1555248492 0.1587195777 0.1619143062 0.1651090346 0.1683037631 0.1699612113 0.1709598251 0.1719584388 0.1729570526 0.1739556663 0.1754009285 0.1762230368 0.1761916692 0.1777896224 0.1793875755 0.1809855287 0.1825834819 0.1840745216 0.18460334 0.1851321585 0.1856609769 0.1861897953 0.1867186137 0.1879970508 0.1879598043 0.1875467856 0.1873681003 0.188160462 0.1890721148 0.1899837676 0.1872190617 0.1873288662 0.1874386706 0.1883347113 0.186494371 0.1861313474 0.1857620806 0.1854802419 0.1856480074 0.185815773 0.1859835385 0.1861513041 0.1863190696 0.1861743404 0.1859948896 0.1858154388 0.185635988 0.1854565371 0.185975901 0.1861264338 0.1857204948 0.1853145559 0.1849086169 0.1845026779 0.184058772 0.1834858724 0.1829495744 0.1827186581 0.1824877419 0.1822568256 0.1820259094 0.1817949931 
0.1490935406 0.1526139675 0.155808696 0.1590034245 0.1621981529 0.1653928814 0.1685876099 0.1702450581 0.1712436719 0.1722422856 0.1732408994 0.1742395131 0.1752381269 0.1759764886 0.1772349999 0.1788329531 0.1804309063 0.1820288595 0.1836268127 0.1851178524 0.1856466708 0.1861754892 0.1867043076 0.1872331261 0.1877619445 0.1885952955 0.1885580489 0.1881450302 0.1877320116 0.1884838349 0.1893954878 0.1903071406 0.1875582397 0.1876680441 0.1877778485 0.1874462281 0.1870832045 0.1867201809 0.186350914 0.1863360278 0.1865037934 0.1866715589 0.1868393245 0.18700709 0.1871748556 0.1870301264 0.1868506756 0.1866712247 0.1864917739 0.1863123231 0.1862784586 0.1864289914 0.1860230525 0.1856171135 0.1852111745 0.1848052356 0.1843992966 0.1838485444 0.1835194697 0.1832885535 0.1830576372 0.1828267209 0.1825958047 0.1823648884 
0.1496720669 0.1528978143 0.1560925428 0.1592872712 0.1624819997 0.1656767282 0.1688714567 0.1705289049 0.1715275186 0.1725261324 0.1735247462 0.1745233599 0.1755219737 0.1766803775 0.1782783307 0.1798762839 0.1814742371 0.1830721903 0.1846701434 0.1861611831 0.1866900016 0.18721882 0.1877476384 0.1882764568 0.1888052752 0.1893340937 0.1891562936 0.1887432749 0.1883302562 0.1888072079 0.1897188607 0.1906305135 0.1878974176 0.188007222 0.1881170264 0.1880350615 0.1876720379 0.1873090143 0.1870240482 0.1871918138 0.1873595793 0.1875273449 0.1876951104 0.187862876 0.1880306415 0.1878859124 0.1877064615 0.1875270107 0.1873475599 0.187168109 0.1869886582 0.1867315491 0.1863256101 0.1859196711 0.1855137322 0.1851077932 0.1847018543 0.1843202813 0.184089365 0.1838584488 0.1836275325 0.1833966163 0.1831657 0.1829347837 
0.1499011067 0.1527417833 0.1559365118 0.1591312403 0.1623259688 0.1655206973 0.1687154257 0.1703728739 0.1713714877 0.1723701014 0.1733687152 0.174367329 0.1753659427 0.1765424898 0.178140443 0.1797383962 0.1813363494 0.1829343025 0.1845322557 0.1860232954 0.1865521138 0.1870809323 0.1876097507 0.1881385691 0.1886673875 0.1891889155 0.188946767 0.1885337484 0.1881207297 0.1885030333 0.1894146861 0.190326339 0.1878021972 0.1879120016 0.188021806 0.188205057 0.1878420334 0.1874790098 0.1871471854 0.1872837182 0.1874514837 0.1876192493 0.1877870148 0.1879547804 0.1881225459 0.1879778167 0.1877983659 0.1876189151 0.1874394642 0.1872600134 0.1870805626 0.1866720241 0.1862660852 0.1858601462 0.1854542073 0.1850482683 0.1846423293 0.1839717538 0.1837408376 0.1835099213 0.183279005 0.1830480888 0.1828171725 0.1825862563 
0.1500890305 0.152534002 0.1557287305 0.158923459 0.1621181875 0.165312916 0.1685076445 0.1701650926 0.1711637064 0.1721623202 0.1731609339 0.1741595477 0.1751581614 0.1764106909 0.1778635884 0.1794615416 0.1810594948 0.1826574479 0.1842554011 0.1857464408 0.1862752592 0.1868040777 0.1873328961 0.1878617145 0.1883905329 0.188884357 0.1886422086 0.1882291899 0.1878161713 0.1881250296 0.1890366825 0.1899483353 0.1876145455 0.1877656755 0.1878754799 0.1883257776 0.187962754 0.1875997304 0.1872679059 0.1872857541 0.1874535197 0.1876212852 0.1877890508 0.1879568163 0.1881245819 0.1879798527 0.1878004019 0.187620951 0.1874415002 0.1872620494 0.187016814 0.1865699013 0.1861639623 0.1857580233 0.1853520844 0.1849461454 0.1845402065 0.1838034631 0.1832842603 0.1830533441 0.1828224278 0.1825915116 0.1823605953 0.182129679 
0.1502769543 0.1523262207 0.1555209492 0.1587156777 0.1619104062 0.1651051347 0.1682998632 0.1699573113 0.1709559251 0.1719545389 0.1729531526 0.1739517664 0.1751109784 0.1763635079 0.1775867338 0.179184687 0.1807826402 0.1823805933 0.1839785465 0.1854695862 0.1859984046 0.1865272231 0.1870560415 0.1875848599 0.1881136783 0.1885797986 0.1883376502 0.1879246315 0.1875584796 0.1877470259 0.1886586788 0.1895703316 0.1873989383 0.1876193495 0.1877291539 0.188263782 0.1880834745 0.1877204509 0.1873886265 0.1872877901 0.1874555556 0.1876233212 0.1877910867 0.1879588523 0.1881266178 0.1879818886 0.1878024378 0.187622987 0.1874435362 0.1872640853 0.1869146911 0.1864677784 0.1860618394 0.1856559005 0.1852499615 0.1848440225 0.1844037691 0.1836511883 0.1828276831 0.1825967669 0.1823658506 0.1821349343 0.1819040181 0.1816731018 
0.1504648781 0.1524100116 0.1553131679 0.1585078964 0.1617026249 0.1648973534 0.1680920819 0.1697495301 0.1707481438 0.1717467576 0.1727453713 0.1737439851 0.1750637953 0.1763163248 0.1773098792 0.1789078324 0.1805057856 0.1821037387 0.1837016919 0.1851927316 0.18572155 0.1862503685 0.1867791869 0.1873080053 0.1878339075 0.1882752402 0.1880330918 0.1876200731 0.1873224186 0.1873690223 0.1882806751 0.1891923279 0.1871833311 0.1874730234 0.1875828278 0.188117456 0.188204195 0.1878411714 0.187509347 0.1873023191 0.1874575916 0.1876253571 0.1877931227 0.1879608882 0.1881286538 0.1879839246 0.1878044738 0.1876250229 0.1874455721 0.1872661213 0.1868125683 0.1863656555 0.1859597165 0.1855537776 0.1851478386 0.1847418997 0.1842514943 0.1834989135 0.1823711059 0.1821401896 0.1819092734 0.1816783571 0.1814474408 0.1812165246 
0.1506528019 0.1525979354 0.1551053866 0.1583001151 0.1614948436 0.1646895721 0.1678843006 0.1695417488 0.1705403625 0.1715389763 0.17253759 0.1735362038 0.1750166122 0.1762691417 0.1771418164 0.1786309778 0.180228931 0.1818268841 0.1834248373 0.184915877 0.1854446954 0.1859735139 0.1865023323 0.1870311507 0.1875293491 0.1879706818 0.1877285334 0.1873155147 0.1870863577 0.1871030786 0.1879026714 0.1888143242 0.1869677239 0.1873266973 0.1874365018 0.1879711299 0.1883249156 0.187961892 0.1876300675 0.1874230397 0.1874596275 0.1876273931 0.1877951586 0.1879629242 0.1881306897 0.1879859606 0.1878065097 0.1876270589 0.1874476081 0.1872188188 0.1867104454 0.1862635326 0.1858575937 0.1854516547 0.1850457158 0.1846397768 0.1840992196 0.1833466388 0.1821547674 0.1816836124 0.1814526961 0.1812217799 0.1809908636 0.1807599474 
0.1508407257 0.1527858592 0.1548976053 0.1580923338 0.1612870623 0.1644817908 0.1676765193 0.1693339675 0.1703325812 0.171331195 0.1723298087 0.1734636631 0.1749694292 0.1762219587 0.1770946333 0.1783541232 0.1799520764 0.1815500295 0.1831479827 0.1846390224 0.1851678408 0.1856966593 0.1862254777 0.1867542961 0.1872247907 0.1876661233 0.1874239749 0.1870109563 0.1868502968 0.1868670177 0.1875246677 0.1884363205 0.1867521167 0.1871803713 0.1872901757 0.1878248038 0.1884456361 0.1880826125 0.1877507881 0.1875437602 0.1874616635 0.1876294291 0.1877971946 0.1879649602 0.1881327257 0.1879879965 0.1878085457 0.1876290949 0.187449644 0.187116696 0.1866083225 0.1861614098 0.1857554708 0.1853495318 0.1849435929 0.1845112582 0.1839469448 0.183194364 0.1820024926 0.1812270352 0.1809961189 0.1807652027 0.1805342864 0.1803033701 
0.1510286495 0.152973783 0.1549189165 0.1578845525 0.161079281 0.1642740095 0.167468738 0.1691261862 0.1701247999 0.1711234137 0.1721220275 0.1734164801 0.1749222461 0.1761747756 0.1770474502 0.1780772686 0.1796752218 0.1812731749 0.1828711281 0.1843621678 0.1848909862 0.1854198047 0.1859486231 0.1864774415 0.1869202323 0.1873615649 0.1871194165 0.1867063978 0.1866142359 0.1866309568 0.187146664 0.1880583168 0.1865365095 0.1870340452 0.1871438496 0.1876784778 0.1885663566 0.188203333 0.1878715086 0.1876644807 0.1874636995 0.187631465 0.1877992306 0.1879669961 0.1881347617 0.1879900325 0.1878105816 0.1876311308 0.18745168 0.1870145731 0.1865061996 0.1860592869 0.1856533479 0.185247409 0.18484147 0.1843589834 0.18379467 0.1830420892 0.1818502179 0.180770458 0.1805395417 0.1803086254 0.1800777092 0.1798467929 
0.1512165733 0.1531617068 0.1551068403 0.1576767712 0.1608714997 0.1640662282 0.1672609567 0.1689184049 0.1699170187 0.1709156324 0.1719142462 0.173369297 0.174875063 0.1761275925 0.1770002672 0.1778729418 0.1793983672 0.1809963203 0.1825942735 0.1840853132 0.1846141316 0.1851429501 0.1856717685 0.1861743412 0.1866156738 0.1870570065 0.1868148581 0.1864018394 0.1863781749 0.1863948959 0.1867686603 0.1876803132 0.1863209023 0.1868877192 0.1869975236 0.1875321517 0.1886870772 0.1883240536 0.1879922291 0.1877852013 0.1875781734 0.187633501 0.1878012665 0.1879690321 0.1881367976 0.1879920684 0.1878126176 0.1876331668 0.1874208237 0.1869124502 0.1864040768 0.185957164 0.185551225 0.1851452861 0.1847393471 0.1842067086 0.1836423952 0.1828898144 0.1816979431 0.1805060717 0.1800829645 0.1798520482 0.1796211319 0.1793902157 
0.1514044971 0.1533496306 0.1552947641 0.15746899 0.1606637184 0.1638584469 0.1670531754 0.1687106236 0.1697092374 0.1707078511 0.1718163479 0.1733221139 0.17482788 0.1760804095 0.1769530841 0.1778257588 0.1791215126 0.1807194657 0.1823174189 0.1838084586 0.184337277 0.1848660955 0.1853949139 0.1858697827 0.1863111154 0.1867524481 0.1865102997 0.1861225169 0.186142114 0.1861588349 0.1863906567 0.1873023095 0.1861052951 0.186701283 0.1868511975 0.1873858256 0.1887094121 0.1884447741 0.1881129496 0.1879059218 0.187698894 0.1876355369 0.1878033025 0.187971068 0.1881388336 0.1879941044 0.1878146536 0.1876352027 0.1873187008 0.1868103273 0.1863019539 0.1858550411 0.1854491022 0.1850431632 0.1846187472 0.1840544338 0.1834901204 0.1827375396 0.1815456683 0.180353797 0.1796263872 0.179395471 0.1791645547 0.1789336385 
0.1515924209 0.1535375544 0.1554826879 0.1574278213 0.1604559372 0.1636506656 0.1668453941 0.1685028423 0.1695014561 0.1705000698 0.1717691648 0.1732749309 0.1747806969 0.1760332264 0.1769059011 0.1777785757 0.178844658 0.1804426111 0.1820405643 0.183531604 0.1840604224 0.1845892409 0.1851180593 0.1855652243 0.186006557 0.1864478896 0.1862057412 0.185886456 0.1859060531 0.185922774 0.186012653 0.1869243058 0.1858896879 0.1864856758 0.1867048714 0.1872394996 0.188563086 0.1885654946 0.1882336702 0.1880266423 0.1878196145 0.1876375729 0.1878053384 0.187973104 0.1881408695 0.1879961403 0.1878166895 0.1876372387 0.1872165779 0.1867082045 0.186199831 0.1857529183 0.1853469793 0.1849410403 0.1844664724 0.183902159 0.1833378456 0.1825852648 0.1813933935 0.1802015222 0.17916981 0.1789388938 0.1787079775 0.1784770612 
0.1517803448 0.1537254782 0.1556706117 0.1576157451 0.1602481559 0.1634428844 0.1666376128 0.168295061 0.1692936748 0.1702922885 0.1717219817 0.1732277478 0.1747335139 0.1759860433 0.176858718 0.1777313926 0.1786040673 0.1801657565 0.1817637097 0.1832547494 0.1837835678 0.1843123863 0.1848193332 0.1852606659 0.1857019986 0.1861433312 0.1859011828 0.1856503951 0.1856699921 0.1856867131 0.1857018853 0.1865463021 0.1856740807 0.1862700685 0.1865585454 0.1870931735 0.18841676 0.1886862152 0.1883543907 0.1881473629 0.187940335 0.1877333072 0.1878073744 0.1879751399 0.1881429055 0.1879981763 0.1878187255 0.1876228285 0.1871144551 0.1866060816 0.1860977081 0.1856507954 0.1852448564 0.1848389175 0.1843141977 0.1837498842 0.1831855708 0.18243299 0.1812411187 0.1800492474 0.1788573761 0.1784823165 0.1782514003 0.178020484 
0.1519682686 0.153913402 0.1558585355 0.1578036689 0.1600403746 0.1632351031 0.1664298316 0.1680872797 0.1690858935 0.1701690326 0.1716747987 0.1731805647 0.1746863308 0.1759388603 0.1768115349 0.1776842096 0.1785568842 0.1798889019 0.1814868551 0.1829778948 0.1835067132 0.1840355317 0.1845147748 0.1849561075 0.1853974401 0.1858387728 0.1855966244 0.1854143341 0.1854339312 0.1854506522 0.1854658244 0.1861682984 0.1854584735 0.1860544613 0.1864122193 0.1869468475 0.1882704339 0.1888069357 0.1884751112 0.1882680834 0.1880610556 0.1878540277 0.1878094103 0.1879771759 0.1881449414 0.1880002123 0.1878207614 0.1875207056 0.1870123322 0.1865039587 0.1859955853 0.1855486725 0.1851427335 0.1847262363 0.1841619229 0.1835976095 0.183033296 0.1822807153 0.1810888439 0.1798969726 0.1787051013 0.1780257393 0.177794823 0.1775639068 
0.1521561924 0.1541013258 0.1560464593 0.1579915927 0.1599367262 0.1630273218 0.1662220503 0.1678794984 0.1688781122 0.1701218496 0.1716276156 0.1731333817 0.1746391477 0.1758916772 0.1767643519 0.1776370265 0.1785097012 0.1796120473 0.1812100005 0.1827010402 0.1832298586 0.1837586771 0.1842102164 0.1846515491 0.1850928817 0.1855342144 0.185292066 0.1851782732 0.1851978703 0.1852145912 0.1852297635 0.1857902947 0.1852428663 0.1858388541 0.1862658933 0.1868005214 0.1881241079 0.1889276562 0.1885958318 0.1883888039 0.1881817761 0.1879747482 0.1878114463 0.1879792119 0.1881469774 0.1880022482 0.1878227974 0.1874185828 0.1869102093 0.1864018358 0.1858934624 0.1854465496 0.1850406107 0.1845739615 0.1840096481 0.1834453347 0.1828810213 0.1821284405 0.1809365691 0.1797446978 0.1785528265 0.1775691621 0.1773382458 0.1771073296 
0.1523441162 0.1542892496 0.1562343831 0.1581795165 0.16012465 0.1628195405 0.166014269 0.1676717172 0.1686703309 0.1700746665 0.1715804326 0.1730861986 0.1745919647 0.1758444942 0.1767171688 0.1775898434 0.1784625181 0.1793351927 0.1809331459 0.1824241856 0.182953004 0.1834643253 0.183905658 0.1843469906 0.1847883233 0.185229656 0.1849875075 0.1849422123 0.1849618094 0.1849785303 0.1849937025 0.1854122911 0.1850272591 0.1856232469 0.1861195672 0.1866541953 0.1879777818 0.1890483768 0.1887165523 0.1885095245 0.1883024966 0.1880954688 0.1878884409 0.1879812478 0.1881490134 0.1880042842 0.1878248333 0.1873164599 0.1868080864 0.186299713 0.1857913395 0.1853444268 0.1849384878 0.1844216867 0.1838573733 0.1832930599 0.1827287465 0.1819761657 0.1807842944 0.179592423 0.1784005517 0.1772086804 0.1768816686 0.1766507523 
0.15253204 0.1544771734 0.1564223069 0.1583674403 0.1603125738 0.1626117592 0.1658064877 0.1674639359 0.1685217174 0.1700274834 0.1715332495 0.1730390155 0.1745447816 0.1757973111 0.1766699857 0.1775426604 0.178415335 0.1792880097 0.1806562913 0.182147331 0.1826761494 0.1831597669 0.1836010995 0.1840424322 0.1844837649 0.1849250975 0.1846865543 0.1847061513 0.1847257484 0.1847424694 0.1847576416 0.1850342874 0.1848116518 0.1854076397 0.1859732411 0.1865078693 0.1878314557 0.1891550422 0.1888372728 0.188630245 0.1884232172 0.1882161893 0.1880091615 0.1879832838 0.1881510493 0.1880063201 0.1877227105 0.187214337 0.1867059636 0.1861975901 0.1856892166 0.1852423039 0.1848337253 0.1842694119 0.1837050985 0.1831407851 0.1825764717 0.1818238909 0.1806320196 0.1794401482 0.1782482769 0.1770564056 0.1764250914 0.1761941751 
0.1527199638 0.1546650972 0.1566102307 0.1585553641 0.1605004976 0.1624456311 0.1655987064 0.1672561546 0.1684745343 0.1699803004 0.1714860664 0.1729918325 0.1744975985 0.175750128 0.1766228027 0.1774954773 0.178368152 0.1792408266 0.1803794367 0.1818704764 0.1823992948 0.1828552085 0.1832965411 0.1837378738 0.1841792064 0.1846205391 0.1844504933 0.1844700904 0.1844896875 0.1845064085 0.1845215807 0.1846562837 0.1845960446 0.1851920325 0.1857880204 0.1863615432 0.1876851297 0.1890087161 0.1889579934 0.1887509655 0.1885439377 0.1883369098 0.188129882 0.1879853197 0.1881530853 0.1880083561 0.1876205876 0.1871122141 0.1866038407 0.1860954672 0.1855870938 0.185140181 0.1846814506 0.1841171371 0.1835528237 0.1829885103 0.1824241969 0.1816716161 0.1804797448 0.1792878735 0.1780960021 0.1769041308 0.1759685142 0.1757375979 
0.1529078876 0.154853021 0.1567981545 0.158743288 0.1606884214 0.1626335549 0.1653909251 0.1670483733 0.1684273513 0.1699331173 0.1714388834 0.1729446494 0.1744504155 0.175702945 0.1765756196 0.1774482943 0.1783209689 0.1791936435 0.1801025821 0.1815936218 0.1821093174 0.18255065 0.1829919827 0.1834333154 0.183874648 0.1843159807 0.1842144324 0.1842340295 0.1842536266 0.1842703475 0.1842855198 0.184300692 0.1843804374 0.1849764253 0.1855724132 0.1862152171 0.1875388036 0.1888623901 0.1890787139 0.1888716861 0.1886646582 0.1884576304 0.1882506025 0.1880435747 0.1881551212 0.188010392 0.1875184647 0.1870100913 0.1865017178 0.1859933443 0.1854849709 0.1850380581 0.1845291758 0.1839648624 0.1834005489 0.1828362355 0.1822719221 0.1815193413 0.18032747 0.1791355987 0.1779437273 0.176751856 0.1755599847 0.1752810207 
0.1530958114 0.1550409448 0.1569860783 0.1589312118 0.1608763452 0.1628214787 0.1651831438 0.1668744021 0.1683801682 0.1698859343 0.1713917003 0.1728974664 0.1744032324 0.1756557619 0.1765284365 0.1774011112 0.1782737858 0.1791464605 0.1800191351 0.1813167672 0.181804759 0.1822460916 0.1826874243 0.1831287569 0.1835700896 0.1840114223 0.1839783715 0.1839979686 0.1840175657 0.1840342866 0.1840494588 0.1840646311 0.1841648302 0.1847608181 0.185356806 0.1860688911 0.1873924775 0.188716064 0.1891994344 0.1889924066 0.1887853788 0.1885783509 0.1883713231 0.1881642952 0.1881571572 0.1879247153 0.1874163418 0.1869079684 0.1863995949 0.1858912215 0.185382848 0.1849359353 0.184376901 0.1838125876 0.1832482742 0.1826839607 0.1821196473 0.1813670665 0.1801751952 0.1789833239 0.1777914526 0.1765995812 0.1754077099 0.1748244434 
0.1532837352 0.1552288686 0.1571740021 0.1591191356 0.161064269 0.1630094025 0.1649753625 0.1668272191 0.1683329851 0.1698387512 0.1713445172 0.1728502833 0.1743560493 0.1756085788 0.1764812535 0.1773539281 0.1782266028 0.1790992774 0.1799719521 0.1810399126 0.1815002005 0.1819415332 0.1823828659 0.1828241985 0.1832655312 0.1837068638 0.1837423105 0.1837619076 0.1837815047 0.1837982257 0.1838133979 0.1838285702 0.183949223 0.1845452109 0.1851411988 0.185922565 0.1872461515 0.188569738 0.189320155 0.1891131271 0.1889060993 0.1886990714 0.1884920436 0.1882850158 0.1881591931 0.1878225924 0.187314219 0.1868058455 0.1862974721 0.1857890986 0.1852807251 0.1847889396 0.1842246262 0.1836603128 0.1830959994 0.182531686 0.1819673725 0.1812147918 0.1800229204 0.1788310491 0.1776391778 0.1764473064 0.1752554351 0.1743678662 
0.153471659 0.1554167924 0.1573619259 0.1593070594 0.1612521928 0.1631973263 0.1651424597 0.166780036 0.1682858021 0.1697915681 0.1712973342 0.1728031002 0.1743088663 0.1755613958 0.1764340704 0.1773067451 0.1781794197 0.1790520944 0.179924769 0.1807543094 0.1811956421 0.1816369748 0.1820783074 0.1825196401 0.1829609728 0.1834023054 0.1835062496 0.1835258467 0.1835454438 0.1835621647 0.183577337 0.1835925092 0.1837336158 0.1843296037 0.1849255916 0.185776239 0.1870998254 0.1884234119 0.1894408755 0.1892338477 0.1890268198 0.188819792 0.1886127641 0.1884057363 0.1881987084 0.1877204695 0.1872120961 0.1867037226 0.1861953492 0.1856869757 0.1851786023 0.1846366648 0.1840723514 0.183508038 0.1829437246 0.1823794112 0.1818150978 0.181062517 0.1798706456 0.1786787743 0.177486903 0.1762950316 0.1751031603 0.173911289 
