424.2865244 485.3236971 546.3608698 607.3980425 668.4352152 729.4723879 790.5095606 789.0710717 760.8572992 732.6435267 704.4297542 676.2159817 648.0022092 616.0729434 578.5704376 541.0679319 503.5654261 466.0629204 428.5604146 389.1342233 332.394862 275.6555008 218.9161395 162.1767783 105.437417 48.69805576 31.30822451 23.75577577 16.20332702 11.72763458 8.908657063 6.089679549 3.89025232 2.799591067 1.708929814 1 1 1 1 1 1 1 1 1 1 1 1 1 1 1 1 1 1 1 1 1 1 1 1 1 1 1 1 1 
486.4741612 647.0651302 708.1023029 769.1394756 830.1766483 891.2138209 952.2509936 950.8125047 922.5987322 894.3849597 866.1711872 837.9574147 773.3656051 685.2276014 668.409266 630.9067603 593.4042545 555.9017487 518.399243 510.5219641 706.1739019 649.4345407 592.6951794 535.9558182 479.2164569 422.4770957 405.0872644 397.5348157 307.7782566 12.31562329 9.496645778 6.677668265 4.743811961 3.653150708 2.562489455 1 1 1 1 1 1 1 1 1 1 1 1 1 1 1 1 1 1 1 1 1 1 1 1 1 1 1 1 1 
548.6617979 720.3142998 869.8437359 930.8809086 991.9180813 1052.955254 1113.992427 1112.553938 1084.340165 1056.126393 1027.91262 975.446823 825.9729268 737.8349231 741.7007581 720.7455886 683.2430829 645.7405771 608.2380714 600.3607925 859.1105551 1023.213581 966.4742193 909.7348581 852.9954968 796.2561356 778.8663043 771.3138556 311.6388001 14.72169801 10.08463449 7.26565698 5.597371602 4.506710349 3.078840349 1 1 1 1 1 1 1 1 1 1 1 1 1 1 1 1 1 1 1 1 1 1 1 1 1 1 1 1 1 
610.8494346 782.5019365 954.1544385 1092.622342 1153.659514 1214.696687 1275.73386 1274.295371 1246.081598 1217.867826 1177.528041 1028.054145 878.5802485 790.4422448 794.3080798 798.1739148 773.0819113 735.5794055 698.0768998 690.1996208 948.9493835 1207.699146 1340.253259 1283.513898 1226.774537 1170.035175 1152.645344 1145.092895 315.4993436 18.58224152 10.67262321 7.853645696 6.450931243 5.36026999 3.078840349 1 1 1 1 1 1 1 1 1 1 1 1 1 1 1 1 1 1 1 1 1 1 1 1 1 1 1 1 1 
673.0370713 844.6895733 1016.342075 1187.994577 1315.400947 1376.43812 1437.475293 1436.036804 1407.823031 1379.609259 1230.135363 1080.661466 931.1875702 843.0495665 846.9154015 850.7812365 854.6470715 825.4182339 787.9157281 780.0384492 1038.788212 1297.537975 1556.287737 1657.292938 1600.553577 1543.814215 1526.424384 1148.953439 319.3598872 22.44278504 12.35146352 8.441634411 7.304490884 6.213829631 3.078840349 1 1 1 1 1 1 1 1 1 1 1 1 1 1 1 1 1 1 1 1 1 1 1 1 1 1 1 1 1 
735.224708 906.87721 1078.529712 1250.182214 1421.834716 1538.179553 1599.216726 1597.778237 1569.564464 1432.216581 1282.742684 1133.268788 983.7948919 895.6568882 899.5227232 903.3885582 907.2543932 911.1202282 877.7545565 869.8772776 1128.62704 1387.376803 1646.126566 1904.876328 1974.332617 1917.593255 1900.203424 1152.813982 323.2204307 26.30332855 16.21200704 9.029623126 8.158050525 6.277056271 3.078840349 1 1 1 1 1 1 1 1 1 1 1 1 1 1 1 1 1 1 1 1 1 1 1 1 1 1 1 1 1 
797.4123448 969.0648467 1140.717349 1312.369851 1484.022352 1655.674854 1760.958159 1759.51967 1634.297798 1484.823902 1335.350006 1185.87611 1036.402214 948.2642099 952.1300449 955.9958799 959.8617149 963.7275499 967.5933849 959.716106 1218.465869 1477.215631 1735.965394 1994.715157 2253.464919 2291.372295 1986.268078 1156.674526 327.0809742 30.16387207 20.07255056 9.981229042 9.011610166 6.277056271 3.078840349 1 1 1 1 1 1 1 1 1 1 1 1 1 1 1 1 1 1 1 1 1 1 1 1 1 1 1 1 1 
859.5999815 1031.252483 1202.904985 1374.557487 1546.209989 1717.862491 1889.514993 1836.379016 1686.90512 1537.431224 1387.957328 1238.483431 1089.009535 1000.871532 1004.737367 1008.603202 1012.469037 1016.334872 1020.200707 1049.554934 1308.304697 1567.05446 1825.804222 2084.553985 2343.303748 2602.05351 1990.128621 1160.53507 330.9415177 34.02441559 23.93309407 13.84177256 9.475272194 6.277056271 3.078840349 1 1 1 1 1 1 1 1 1 1 1 1 1 1 1 1 1 1 1 1 1 1 1 1 1 1 1 1 1 
878.3249471 1049.977449 1221.629951 1393.282453 1564.934955 1736.587457 1894.29347 1923.391092 1773.917196 1624.4433 1474.969404 1325.495508 1176.021611 997.280548 989.8210005 993.6868355 997.5526705 1001.418506 1005.284341 1034.638568 1293.388331 1552.138094 1810.887856 2069.637619 2328.387382 2491.469432 1987.955048 1158.361496 328.7679439 31.85084175 21.75952024 11.66819872 9.092808635 5.894592713 2.696376791 1 1 1 1 1 1 1 1 1 1 1 1 1 1 1 1 1 1 1 1 1 1 1 1 1 1 1 1 1 
897.0499127 1068.702415 1240.354917 1412.007418 1583.65992 1755.312422 1871.178968 1961.458023 1860.929272 1711.455376 1561.98148 1412.507584 1263.033688 1084.292624 974.9046345 978.7704695 982.6363045 986.5021395 990.3679745 1019.722202 1278.471965 1537.221728 1795.97149 2054.721253 2313.471015 2304.351184 1985.781474 1156.187922 326.59437 29.67726792 19.5859464 9.494624888 8.710345076 5.512129154 2.313913232 1 1 1 1 1 1 1 1 1 1 1 1 1 1 1 1 1 1 1 1 1 1 1 1 1 1 1 1 1 
915.7748783 1087.42738 1259.079882 1430.732384 1602.384886 1769.388558 1848.064467 1938.343522 1947.941348 1798.467452 1648.993556 1499.51966 1350.045764 1171.3047 959.9882684 963.8541034 967.7199384 971.5857734 975.4516084 1004.805836 1263.555599 1522.305361 1781.055124 2039.804887 2241.154022 2117.232937 1983.6079 1154.014348 324.4207962 27.50369408 17.41237257 8.72993637 8.327881518 5.129665596 1.931449674 1 1 1 1 1 1 1 1 1 1 1 1 1 1 1 1 1 1 1 1 1 1 1 1 1 1 1 1 1 
934.4998438 1106.152346 1277.804848 1449.45735 1621.109852 1746.274057 1824.949966 1915.22902 2010.480852 1885.479528 1736.005632 1586.531736 1437.05784 1258.316776 1035.674962 948.9377373 952.8035723 956.6694073 960.5352424 989.8894701 1248.639233 1507.388995 1766.138758 2024.888521 2054.035774 1930.114689 1899.236693 1151.840774 322.2472224 25.33012025 15.23879873 8.367786513 7.945417959 4.747202037 1.851179544 1 1 1 1 1 1 1 1 1 1 1 1 1 1 1 1 1 1 1 1 1 1 1 1 1 1 1 1 1 
953.2248094 1124.877311 1296.529813 1468.182315 1639.834817 1723.159556 1801.835465 1892.114519 1987.366351 1972.491604 1823.017708 1673.543812 1524.069916 1345.328852 1122.687038 934.0213713 937.8872063 941.7530413 945.6188763 974.9731041 1233.722867 1492.472629 1751.222392 1990.838612 1866.917527 1742.996441 1712.118445 1149.6672 320.0736485 23.15654641 13.0652249 8.005636657 7.562954401 4.364738479 1.851179544 1 1 1 1 1 1 1 1 1 1 1 1 1 1 1 1 1 1 1 1 1 1 1 1 1 1 1 1 1 
971.949775 1143.602277 1315.254779 1486.907281 1621.369146 1700.045054 1778.720963 1869.000018 1964.251849 2059.503681 1910.029784 1760.555888 1611.081992 1432.340929 1209.699114 987.0573 922.9708402 926.8366752 930.7025102 960.056738 1218.806501 1477.556263 1736.306026 1803.720364 1679.799279 1555.878193 1525.000198 1147.493627 317.9000747 20.98297258 10.89165106 7.643486801 7.180490842 3.98227492 1.851179544 1 1 1 1 1 1 1 1 1 1 1 1 1 1 1 1 1 1 1 1 1 1 1 1 1 1 1 1 1 
990.6747406 1162.327243 1333.979744 1505.632246 1598.254644 1676.930553 1755.606462 1845.885517 1941.137348 2036.389179 1997.041861 1847.567964 1698.094068 1519.353005 1296.71119 1074.069376 908.0544742 911.9203092 915.7861442 945.1403719 1203.890135 1462.639897 1721.38966 1616.602117 1492.681031 1368.759945 1337.88195 1145.320053 315.7265009 18.80939874 9.321885221 7.281336944 6.798027284 3.599811361 1.851179544 1 1 1 1 1 1 1 1 1 1 1 1 1 1 1 1 1 1 1 1 1 1 1 1 1 1 1 1 1 
1009.399706 1181.052208 1352.70471 1496.464234 1575.140143 1653.816052 1732.491961 1822.771015 1918.022847 2013.274678 2084.053937 1934.58004 1785.106144 1606.365081 1383.723267 1161.081452 938.439638 897.0039431 900.8697781 930.2240059 1188.973769 1447.723531 1553.404955 1429.483869 1305.562783 1181.641698 1150.763702 1143.146479 313.552927 16.63582491 8.959735365 6.919187088 6.415563725 3.217347803 1.851179544 1 1 1 1 1 1 1 1 1 1 1 1 1 1 1 1 1 1 1 1 1 1 1 1 1 1 1 1 1 
1028.124672 1199.777174 1371.429676 1473.349733 1552.025642 1630.701551 1709.377459 1799.656514 1894.908345 1990.160177 2085.412008 2021.592117 1872.11822 1693.377157 1470.735343 1248.093528 1025.451714 882.0875771 885.9534121 915.3076398 1174.057402 1432.807165 1366.286707 1242.365621 1118.444535 994.5234497 963.6454541 956.028231 311.3793532 14.46225107 8.597585508 6.557037231 6.033100166 3.160686535 1.851179544 1 1 1 1 1 1 1 1 1 1 1 1 1 1 1 1 1 1 1 1 1 1 1 1 1 1 1 1 1 
1046.849637 1218.502139 1371.559323 1450.235231 1528.91114 1607.587049 1686.262958 1776.542013 1871.793844 1967.045675 2062.297507 2108.604193 1959.130296 1780.389233 1557.747419 1335.105604 1112.46379 889.8219759 871.037046 900.3912738 1159.141036 1303.089545 1179.168459 1055.247373 931.3262876 807.4052019 776.5272063 768.9099832 309.2057794 12.28867724 8.235435652 6.194887375 5.650636608 3.160686535 1.851179544 1 1 1 1 1 1 1 1 1 1 1 1 1 1 1 1 1 1 1 1 1 1 1 1 1 1 1 1 1 
1065.574603 1237.227105 1348.444821 1427.12073 1505.796639 1584.472548 1663.148457 1753.427511 1848.679343 1943.931174 2039.183006 2134.434837 2046.142373 1867.401309 1644.759495 1422.117681 1199.475866 976.834052 856.1206799 885.4749077 1144.22467 1115.971297 992.0502111 868.1291254 744.2080398 620.2869541 589.4089585 581.7917354 307.0322055 10.1151034 7.873285796 5.832737518 5.268173049 3.160686535 1.851179544 1 1 1 1 1 1 1 1 1 1 1 1 1 1 1 1 1 1 1 1 1 1 1 1 1 1 1 1 1 
1084.299569 1246.654411 1325.33032 1404.006229 1482.682138 1561.358047 1640.033956 1730.31301 1825.564841 1920.816673 2016.068504 2111.320336 2133.154449 1954.413385 1731.771571 1509.129757 1286.487942 1063.846128 841.2043139 870.5585416 1052.774135 928.853049 804.9319633 681.0108776 557.089792 433.1687063 402.2907107 394.6734876 304.8586317 9.551684216 7.511135939 5.470587662 4.885709491 3.160686535 1.851179544 1 1 1 1 1 1 1 1 1 1 1 1 1 1 1 1 1 1 1 1 1 1 1 1 1 1 1 1 1 
1103.024534 1223.53991 1302.215819 1380.891728 1459.567636 1538.243545 1616.919454 1707.198509 1802.45034 1897.702172 1992.954003 2088.205834 2183.457666 2041.425461 1818.783647 1596.141833 1373.500019 1150.858204 928.21639 855.6421756 865.6558868 741.7348012 617.8137155 493.8926298 369.9715442 246.0504585 215.1724629 207.5552398 199.9380168 9.18953436 7.148986083 5.108437805 4.503245932 3.160686535 1.851179544 1 1 1 1 1 1 1 1 1 1 1 1 1 1 1 1 1 1 1 1 1 1 1 1 1 1 1 1 1 
1121.7495 1200.425409 1279.101317 1357.777226 1436.453135 1515.129044 1593.804953 1684.084008 1779.335839 1874.58767 1969.839502 2065.091333 2160.343164 2128.437538 1905.795723 1683.153909 1460.512095 1237.87028 1015.228466 802.4587247 678.537639 554.6165534 430.6954677 306.774382 182.8532964 58.93221068 28.0542151 20.43699203 12.81976896 8.827384504 6.786836226 4.746287949 4.470193526 3.160686535 1.851179544 1 1 1 1 1 1 1 1 1 1 1 1 1 1 1 1 1 1 1 1 1 1 1 1 1 1 1 1 1 
1121.878614 1112.312461 1190.988369 1269.664278 1348.340187 1427.016096 1505.692005 1595.971059 1691.222891 1786.474722 1881.726554 1976.978385 2067.160749 2025.116188 1802.474374 1579.832559 1357.190745 1134.548931 911.9071165 990.1122565 3247.072609 3123.151523 2999.230438 2875.309352 2751.388266 2627.467181 2596.589185 2588.971962 2011.437824 9.167034115 7.126485838 5.085937561 4.553484493 3.160686535 1.851179544 1 1 1 1 1 1 1 1 1 1 1 1 1 1 1 1 1 1 1 1 1 1 1 1 1 1 1 1 1 
1122.007728 1102.636901 1102.875421 1181.55133 1260.227239 1338.903148 1417.579057 1507.858111 1603.109943 1698.361774 1793.613606 1885.485792 1963.8394 1921.794838 1699.153024 1476.51121 1253.869395 1031.227581 801.9504685 880.1556085 3732.336321 5691.686493 5567.765408 5443.844322 5319.923236 5196.002151 5165.124155 5157.506932 2015.346675 11.48957363 7.46613545 5.425587172 4.706815591 3.160686535 1.851179544 1 1 1 1 1 1 1 1 1 1 1 1 1 1 1 1 1 1 1 1 1 1 1 1 1 1 1 1 1 
1122.136842 1102.766015 1083.395188 1093.438382 1172.114291 1250.7902 1329.466109 1419.745163 1514.996995 1610.248826 1703.810835 1782.164443 1860.51805 1818.473489 1595.831674 1373.18986 1150.548046 922.0081886 691.9938205 770.1989605 3622.379673 6474.560385 8136.300378 8012.379292 7888.458207 7764.537121 7733.659125 7726.041902 2019.255527 15.39842506 7.805785061 5.765236784 4.860146689 3.172044394 1.851179544 1 1 1 1 1 1 1 1 1 1 1 1 1 1 1 1 1 1 1 1 1 1 1 1 1 1 1 1 1 
1122.265956 1102.895129 1083.524302 1064.153476 1084.001343 1162.677252 1241.353161 1331.632215 1426.884047 1522.135878 1600.489486 1678.843093 1757.1967 1715.152139 1492.510325 1269.868511 1042.065909 812.0515406 582.0371726 660.2423126 3512.423025 6364.603737 9216.784449 10580.91426 10456.99318 10333.07209 10302.1941 7729.950754 2023.164378 19.30727649 9.335168614 6.104886396 5.013477787 3.325375492 1.851179544 1 1 1 1 1 1 1 1 1 1 1 1 1 1 1 1 1 1 1 1 1 1 1 1 1 1 1 1 1 
1122.39507 1103.024243 1083.653416 1064.28259 1044.911763 1074.564304 1153.240213 1243.519267 1338.771099 1418.814528 1497.168136 1575.521743 1653.875351 1611.830789 1389.188975 1162.123629 932.1092606 702.0948926 472.0805246 550.2856646 3402.466377 6254.647089 9106.827801 11959.00851 13025.52815 12901.60706 12870.72907 7733.859605 2027.07323 23.21612793 13.24402005 6.444536007 5.166808885 3.47870659 1.851179544 1 1 1 1 1 1 1 1 1 1 1 1 1 1 1 1 1 1 1 1 1 1 1 1 1 1 1 1 1 
1122.524184 1103.153357 1083.78253 1064.411704 1045.040877 1025.67005 1065.127265 1155.406319 1237.139571 1315.493179 1393.846786 1472.200394 1550.554001 1508.50944 1282.181349 1052.166981 822.1526127 592.1382446 362.1238766 440.3290166 3292.509729 6144.690441 8996.871153 11849.05187 14701.23258 15470.14203 13444.55483 7737.768457 2030.982081 27.12497936 17.15287148 7.180763599 5.320139983 3.632037688 1.943935393 1 1 1 1 1 1 1 1 1 1 1 1 1 1 1 1 1 1 1 1 1 1 1 1 1 1 1 1 1 
1122.653298 1103.282471 1083.911644 1064.540818 1045.169991 1025.799164 1006.428337 1055.464614 1133.818222 1212.171829 1290.525437 1368.879044 1447.232652 1402.239069 1172.224701 942.2103327 712.1959647 482.1815966 252.1672286 330.3723686 3182.553081 6034.733793 8886.914505 11739.09522 14591.27593 17443.45664 13448.46368 7741.677308 2034.890932 31.0338308 21.06172291 11.08961503 5.473471081 3.785368786 2.097266491 1 1 1 1 1 1 1 1 1 1 1 1 1 1 1 1 1 1 1 1 1 1 1 1 1 1 1 1 1 
1106.144964 1086.774137 1067.40331 1048.032484 1028.661657 1009.29083 1088.927585 1081.736648 1129.881397 1208.235004 1286.588611 1364.942219 1443.295826 1398.302243 1168.287875 938.2735074 708.2591394 478.2447714 248.2304034 277.5862184 1600.947889 4453.128602 7305.309314 10157.49003 13009.67074 15861.85145 11866.85849 6160.072117 805.1710965 31.3371859 21.36507802 11.39297014 5.904199982 3.785368786 2.097266491 1 1 1 1 1 1 1 1 1 1 1 1 1 1 1 1 1 1 1 1 1 1 1 1 1 1 1 1 1 
1089.63663 1070.265803 1050.894977 1031.52415 1012.153323 1075.288814 1220.930624 1213.739686 1141.049001 1204.298179 1282.651786 1361.005394 1439.359001 1394.365418 1164.35105 934.3366822 704.3223141 474.3079461 386.5466333 415.9024484 1357.059359 2871.52341 5723.704123 8575.884835 11428.06555 14280.24626 10285.2533 4578.466925 807.0500046 32.51584821 21.66843312 11.69632524 6.697132732 3.785368786 2.097266491 1 1 1 1 1 1 1 1 1 1 1 1 1 1 1 1 1 1 1 1 1 1 1 1 1 1 1 1 1 
1073.128296 1053.75747 1034.386643 1015.015816 1061.650044 1207.291853 1352.933662 1345.742725 1273.052039 1200.361353 1278.714961 1357.068568 1435.422176 1390.428593 1160.414225 930.3998569 700.3854889 596.818281 524.8628632 554.2186783 1495.375589 2436.5325 4142.098931 6994.279643 9846.460356 12698.64107 8703.64811 2996.861734 808.9289126 34.39475627 21.97178823 11.99968035 7.490065482 3.844104545 2.097266491 1 1 1 1 1 1 1 1 1 1 1 1 1 1 1 1 1 1 1 1 1 1 1 1 1 1 1 1 1 
1056.619963 1037.249136 1017.878309 1048.011273 1193.653082 1339.294892 1484.936701 1477.745764 1405.055078 1332.364392 1274.778136 1353.131743 1431.48535 1386.491768 1156.4774 926.4630316 807.0899288 735.134511 663.1790932 692.5349083 1633.691819 2574.84873 3516.005641 5412.674452 8264.855164 11117.03588 7122.042918 2998.740642 810.8078207 36.27366434 22.80032765 12.30303545 8.282998232 4.637037295 2.097266491 1 1 1 1 1 1 1 1 1 1 1 1 1 1 1 1 1 1 1 1 1 1 1 1 1 1 1 1 1 
1040.111629 1020.740802 1034.372502 1180.014312 1325.656121 1471.29793 1616.939739 1609.748802 1537.058116 1464.367431 1391.676745 1349.194918 1427.548525 1382.554942 1152.540574 1017.361577 945.4061587 873.4507409 801.4953231 830.8511382 1772.008049 2713.16496 3654.321871 4595.478781 6683.249973 9535.430685 5540.437727 3000.61955 812.6867288 38.15257241 24.67923572 12.60639055 9.075930982 5.429970045 2.097266491 1 1 1 1 1 1 1 1 1 1 1 1 1 1 1 1 1 1 1 1 1 1 1 1 1 1 1 1 1 
1023.603295 1020.733732 1166.375541 1312.01735 1457.659159 1603.300969 1748.942778 1741.751841 1669.061155 1596.370469 1523.679783 1450.989098 1423.6117 1378.618117 1227.633224 1155.677806 1083.722389 1011.766971 939.8115531 969.1673682 1910.324279 2851.48119 3792.638101 4733.795011 5674.951922 7953.825494 5190.43128 3002.498458 814.5656368 40.03148047 26.55814379 13.0848071 9.868863732 6.222902795 2.576941859 1 1 1 1 1 1 1 1 1 1 1 1 1 1 1 1 1 1 1 1 1 1 1 1 1 1 1 1 1 
1007.094961 1152.73677 1298.37858 1444.020389 1589.662198 1735.304007 1880.945817 1873.754879 1801.064194 1728.373508 1655.682822 1582.992136 1510.301451 1437.904872 1365.949454 1293.994036 1222.038619 1150.083201 1078.127783 1107.483598 2048.640509 2989.79742 3930.95433 4872.111241 5813.268152 6754.425063 5192.310188 3004.377366 816.4445449 41.91038854 28.43705185 14.96371516 10.66179648 7.015835545 3.369874609 1 1 1 1 1 1 1 1 1 1 1 1 1 1 1 1 1 1 1 1 1 1 1 1 1 1 1 1 1 
1007.701796 1096.826017 1242.467827 1388.109636 1533.751445 1679.393254 1825.035064 1852.031625 1779.340939 1706.650253 1633.959568 1561.268882 1488.578196 1416.181618 1344.2262 1272.270782 1200.315364 1128.359946 1056.404529 1119.289142 2060.446053 3001.602964 3942.759875 4883.916785 5825.073696 6684.023534 5190.258646 3002.325825 814.3930034 39.85884701 26.38551032 12.91217363 10.28050991 6.634548977 2.98858804 1 1 1 1 1 1 1 1 1 1 1 1 1 1 1 1 1 1 1 1 1 1 1 1 1 1 1 1 1 
1008.308631 1040.915264 1186.557074 1332.198883 1477.840692 1623.482501 1769.12431 1815.113927 1757.617685 1684.926999 1612.236313 1539.545628 1466.854942 1394.458363 1322.502945 1250.547528 1178.59211 1106.636692 1034.681274 1131.094686 2072.251597 3013.408508 3954.565419 4895.722329 5836.87924 6547.856346 5188.207105 3000.274283 812.3414618 37.80730547 24.33396878 10.8606321 9.899223345 6.253262408 2.607301472 1 1 1 1 1 1 1 1 1 1 1 1 1 1 1 1 1 1 1 1 1 1 1 1 1 1 1 1 1 
1008.915465 1028.962635 1130.646321 1276.28813 1421.929939 1567.571748 1713.213557 1759.203174 1735.89443 1663.203745 1590.513059 1517.822373 1445.131687 1372.735109 1300.779691 1228.824273 1156.868855 1084.913438 1046.486818 1142.90023 2084.057141 3025.214052 3966.370963 4907.527873 5799.36054 6411.689158 5186.155563 2998.222742 810.2899203 35.75576394 22.28242725 10.27278434 9.517936777 5.87197584 2.226014903 1 1 1 1 1 1 1 1 1 1 1 1 1 1 1 1 1 1 1 1 1 1 1 1 1 1 1 1 1 
1009.5223 1029.56947 1074.735568 1220.377377 1366.019186 1511.660995 1657.302804 1703.292421 1706.573954 1641.48049 1568.789805 1496.099119 1423.408433 1351.011854 1279.056437 1207.101019 1135.145601 1063.190183 1058.292362 1154.705774 2095.862685 3037.019596 3978.176507 4919.333417 5663.193352 6275.52197 5124.497068 2996.1712 808.2383788 33.7042224 20.23088572 10.10313481 9.136650208 5.490689271 2.145991796 1 1 1 1 1 1 1 1 1 1 1 1 1 1 1 1 1 1 1 1 1 1 1 1 1 1 1 1 1 
1010.129135 1030.176305 1050.223474 1164.466624 1310.108433 1455.750242 1601.392051 1647.381668 1650.663201 1619.757236 1547.06655 1474.375864 1401.685179 1329.2886 1257.333182 1185.377765 1113.422347 1067.544883 1070.097906 1166.511318 2107.668229 3048.82514 3989.982051 4914.697547 5527.026164 6139.354782 4988.32988 2994.119659 806.1868372 31.65268087 18.17934418 9.933485272 8.75536364 5.109402703 2.145991796 1 1 1 1 1 1 1 1 1 1 1 1 1 1 1 1 1 1 1 1 1 1 1 1 1 1 1 1 1 
1010.73597 1030.783139 1050.830309 1108.555871 1254.19768 1399.839489 1545.481298 1591.470915 1594.752448 1598.033982 1525.343296 1452.65261 1379.961924 1307.565346 1235.609928 1163.65451 1091.699092 1079.350427 1081.90345 1178.316862 2119.473773 3060.630684 4001.787595 4778.530359 5390.858976 6003.187594 4852.162692 2992.068117 804.1352957 29.60113934 16.12780265 9.763835738 8.374077071 4.728116134 2.145991796 1 1 1 1 1 1 1 1 1 1 1 1 1 1 1 1 1 1 1 1 1 1 1 1 1 1 1 1 1 
1011.342804 1031.389974 1051.437144 1071.484314 1198.286927 1343.928736 1489.570545 1535.560162 1538.841695 1542.123229 1503.620041 1430.929356 1358.23867 1285.842091 1213.886674 1141.931256 1088.602948 1091.155971 1093.708994 1190.122406 2131.279317 3072.436228 4013.593139 4642.363171 5254.691788 5867.020406 4715.995504 2990.016576 802.0837542 27.5495978 14.70355845 9.594186204 7.992790503 4.346829566 2.145991796 1 1 1 1 1 1 1 1 1 1 1 1 1 1 1 1 1 1 1 1 1 1 1 1 1 1 1 1 1 
1011.949639 1031.996809 1052.043979 1072.091148 1142.376174 1288.017983 1433.659792 1479.649409 1482.930942 1486.212476 1481.896787 1409.206101 1336.515416 1264.118837 1192.163419 1120.208001 1100.408492 1102.961515 1105.514538 1201.92795 2143.084861 3084.241772 3893.867365 4506.195983 5118.5246 5730.853218 4579.828316 2987.965034 800.0322126 25.49805627 14.53390891 9.424536669 7.611503934 3.965542998 2.145991796 1 1 1 1 1 1 1 1 1 1 1 1 1 1 1 1 1 1 1 1 1 1 1 1 1 1 1 1 1 
1012.556474 1032.603644 1052.650813 1072.697983 1092.745153 1232.10723 1377.749039 1423.738656 1427.020189 1430.301722 1433.583256 1387.482847 1314.792161 1242.395583 1170.440165 1109.661013 1112.214036 1114.767059 1117.320082 1213.733494 2154.890405 3096.047316 3757.700177 4370.028795 4982.357412 5594.68603 4443.661128 2851.797846 797.9806711 23.44651474 14.36425938 9.254887135 7.230217366 3.909056098 2.145991796 1 1 1 1 1 1 1 1 1 1 1 1 1 1 1 1 1 1 1 1 1 1 1 1 1 1 1 1 1 
1013.163309 1033.210478 1053.257648 1073.304818 1093.351988 1176.196477 1321.838286 1367.827902 1371.109436 1374.390969 1377.672503 1365.759593 1293.068907 1220.672328 1148.71691 1121.466557 1124.01958 1126.572603 1129.125626 1225.539038 2166.695949 3009.204372 3621.532989 4233.861607 4846.190224 5458.518842 4307.49394 2715.630658 795.9291296 21.3949732 14.19460985 9.085237601 6.848930797 3.909056098 2.145991796 1 1 1 1 1 1 1 1 1 1 1 1 1 1 1 1 1 1 1 1 1 1 1 1 1 1 1 1 1 
1013.770143 1033.817313 1053.864483 1073.911653 1093.958822 1120.285724 1265.927533 1311.917149 1315.198683 1318.480216 1321.76175 1325.043283 1271.345652 1198.949074 1130.719078 1133.272101 1135.825124 1138.378147 1140.93117 1237.344582 2178.501493 2873.037184 3485.365801 4097.694419 4710.023036 5322.351654 4171.326752 2579.46347 793.877588 19.34343167 14.02496031 8.915588066 6.467644229 3.909056098 2.145991796 1 1 1 1 1 1 1 1 1 1 1 1 1 1 1 1 1 1 1 1 1 1 1 1 1 1 1 1 1 
1014.376978 1034.424148 1054.471318 1074.518487 1094.565657 1114.612827 1210.01678 1256.006396 1259.28793 1262.569463 1265.850997 1269.13253 1249.622398 1177.22582 1142.524622 1145.077645 1147.630668 1150.183691 1152.736714 1249.150126 2124.541378 2736.869996 3349.198613 3961.527231 4573.855848 5186.184466 4035.159564 2443.296282 791.8260465 18.96468302 13.85531078 8.745938532 6.08635766 3.909056098 2.145991796 1 1 1 1 1 1 1 1 1 1 1 1 1 1 1 1 1 1 1 1 1 1 1 1 1 1 1 1 1 
1014.983813 1035.030982 1055.078152 1075.125322 1095.172492 1115.219662 1154.106027 1200.095643 1203.377177 1206.65871 1209.940244 1213.221777 1216.503311 1155.502565 1154.330166 1156.883189 1159.436212 1161.989235 1164.542258 1260.95567 1988.37419 2600.702808 3213.031425 3825.360043 4437.68866 5050.017278 3898.992376 2307.129094 715.2658125 18.79503349 13.68566124 8.576288998 5.705071092 3.909056098 2.145991796 1 1 1 1 1 1 1 1 1 1 1 1 1 1 1 1 1 1 1 1 1 1 1 1 1 1 1 1 1 
1015.590647 1035.637817 1055.684987 1075.732157 1095.779326 1115.826496 1135.873666 1144.18489 1147.466424 1150.747957 1154.029491 1157.311024 1160.592558 1163.582687 1166.13571 1168.688733 1171.241756 1173.794779 1176.347802 1239.878385 1852.207002 2464.53562 3076.864237 3689.192855 4301.521472 4913.85009 3762.825188 2170.961906 579.0986245 18.62538395 13.51601171 8.406639463 5.672120401 3.909056098 2.145991796 1 1 1 1 1 1 1 1 1 1 1 1 1 1 1 1 1 1 1 1 1 1 1 1 1 1 1 1 1 
1027.081768 1069.917149 1089.964319 1110.011489 1130.058658 1150.105828 1170.152998 1178.464222 1181.745756 1185.027289 1188.308823 1191.590356 1194.87189 1151.144044 1153.471248 1156.024271 1158.577294 1161.130317 1163.68334 1227.213922 1839.54254 2451.871157 3064.199775 3676.528392 4288.85701 4762.691254 3762.6184 2170.755118 578.8918362 18.41859569 13.30922344 8.199851195 5.679942468 3.909056098 2.145991796 1 1 1 1 1 1 1 1 1 1 1 1 1 1 1 1 1 1 1 1 1 1 1 1 1 1 1 1 1 
1038.572889 1104.196481 1124.243651 1144.29082 1164.33799 1184.38516 1204.43233 1212.743554 1216.025087 1219.306621 1222.588154 1225.869688 1199.210273 1140.511953 1140.806785 1143.359808 1145.912831 1148.465854 1151.018877 1214.54946 1826.878077 2439.206695 3051.535312 3663.86393 4276.192547 4500.73692 3762.411611 2170.54833 578.685048 18.21180742 13.10243517 7.993062928 5.770454967 3.909056098 2.145991796 1 1 1 1 1 1 1 1 1 1 1 1 1 1 1 1 1 1 1 1 1 1 1 1 1 1 1 1 1 
1050.064009 1120.751648 1158.522982 1178.570152 1198.617322 1218.664492 1238.711661 1247.022886 1250.304419 1253.585953 1256.867486 1260.14902 1188.578183 1129.879863 1128.142322 1130.695345 1133.248369 1135.801392 1138.354415 1201.884997 1814.213615 2426.542232 3038.87085 3651.199467 4180.431461 4238.782586 3762.204823 2170.341541 578.4782597 18.00501915 12.8956469 7.979750475 5.860967465 3.909056098 2.145991796 1 1 1 1 1 1 1 1 1 1 1 1 1 1 1 1 1 1 1 1 1 1 1 1 1 1 1 1 1 
1061.55513 1132.242769 1192.802314 1212.849484 1232.896654 1252.943823 1272.990993 1281.302218 1284.583751 1287.865285 1291.146818 1274.467719 1177.946093 1119.247773 1117.284413 1118.030883 1120.583906 1123.136929 1125.689952 1189.220535 1801.549152 2413.877769 3026.206387 3638.535004 3918.477127 3976.828252 3645.665792 2170.134753 578.2714714 17.79823088 12.68885864 8.021716828 5.951479963 3.909056098 2.145991796 1 1 1 1 1 1 1 1 1 1 1 1 1 1 1 1 1 1 1 1 1 1 1 1 1 1 1 1 1 
1073.046251 1143.73389 1214.421529 1247.128816 1267.175986 1287.223155 1307.270325 1315.581549 1318.863083 1322.144616 1325.42615 1263.835629 1167.314003 1108.615683 1106.652323 1105.36642 1107.919443 1110.472466 1113.025489 1176.556072 1788.884689 2401.213307 3013.541924 3598.171667 3656.522793 3714.873918 3383.711458 2169.927965 578.0646832 17.59144261 12.48207037 8.06368318 6.041992461 3.909056098 2.145991796 1 1 1 1 1 1 1 1 1 1 1 1 1 1 1 1 1 1 1 1 1 1 1 1 1 1 1 1 1 
1084.537371 1155.22501 1225.912649 1281.408148 1301.455317 1321.502487 1341.549657 1349.860881 1353.142415 1356.423948 1349.725166 1253.203539 1156.681912 1097.983592 1096.020233 1094.056873 1095.254981 1097.808004 1100.361027 1163.891609 1776.220227 2388.548844 3000.877462 3336.217333 3394.568459 3452.919584 3121.757124 2169.721177 577.8578949 17.38465435 12.2752821 8.105649533 6.13250496 3.922465357 2.145991796 1 1 1 1 1 1 1 1 1 1 1 1 1 1 1 1 1 1 1 1 1 1 1 1 1 1 1 1 1 
1096.028492 1166.716131 1237.40377 1308.091409 1335.734649 1355.781819 1375.828989 1384.140213 1387.421746 1390.70328 1339.093075 1242.571449 1146.049822 1087.351502 1085.388142 1083.424782 1082.590518 1085.143541 1087.696564 1151.227147 1763.555764 2375.884382 2988.212999 3074.262999 3132.614125 3190.96525 2859.80279 2169.514388 577.6511066 17.17786608 12.15141204 8.147615885 6.223017458 4.012977856 2.145991796 1 1 1 1 1 1 1 1 1 1 1 1 1 1 1 1 1 1 1 1 1 1 1 1 1 1 1 1 1 
1107.519613 1178.207252 1248.894891 1319.58253 1370.013981 1390.061151 1410.10832 1418.419545 1421.701078 1424.982612 1328.460985 1231.939358 1135.417732 1076.719412 1074.756052 1072.792692 1070.829332 1072.479079 1075.032102 1138.562684 1750.891302 2363.219919 2753.95754 2812.308665 2870.65979 2929.010916 2597.848456 2169.3076 577.4443184 16.97107781 12.19337839 8.189582237 6.313529956 4.103490354 2.145991796 1 1 1 1 1 1 1 1 1 1 1 1 1 1 1 1 1 1 1 1 1 1 1 1 1 1 1 1 1 
1119.010733 1189.698372 1260.386011 1331.07365 1401.761289 1424.340482 1444.387652 1452.698877 1455.98041 1414.350522 1317.828895 1221.307268 1124.785642 1066.087322 1064.123962 1062.160602 1060.197242 1059.814616 1062.367639 1125.898222 1738.226839 2350.555457 2492.003206 2550.354331 2608.705456 2667.056582 2335.894122 1907.353266 577.2375301 16.76428954 12.23534474 8.23154859 6.404042454 4.194002852 2.145991796 1 1 1 1 1 1 1 1 1 1 1 1 1 1 1 1 1 1 1 1 1 1 1 1 1 1 1 1 1 
1130.501854 1201.189493 1271.877132 1342.564771 1413.25241 1458.619814 1478.666984 1486.978208 1490.259742 1403.718431 1307.196805 1210.675178 1114.153551 1055.455231 1053.491872 1051.528512 1049.565152 1047.601792 1049.703177 1113.233759 1725.562377 2171.697746 2230.048872 2288.399997 2346.751122 2405.102248 2073.939788 1645.398932 577.0307418 16.55750127 12.2773111 8.273514942 6.494554952 4.28451535 2.145991796 1 1 1 1 1 1 1 1 1 1 1 1 1 1 1 1 1 1 1 1 1 1 1 1 1 1 1 1 1 
1141.992975 1212.680614 1283.368253 1354.055892 1424.743531 1492.899146 1512.946316 1521.25754 1489.607968 1393.086341 1296.564714 1200.043088 1103.521461 1044.823141 1042.859781 1040.896421 1038.933061 1036.969702 1037.038714 1100.569296 1712.897914 1909.743412 1968.094538 2026.445663 2084.796788 2143.147914 1811.985454 1383.444598 576.8239536 16.35071301 12.31927745 8.315481295 6.585067451 4.375027849 2.164988247 1 1 1 1 1 1 1 1 1 1 1 1 1 1 1 1 1 1 1 1 1 1 1 1 1 1 1 1 1 
1153.484095 1224.171734 1294.859373 1365.547012 1436.234651 1506.92229 1547.225648 1555.536872 1478.975877 1382.454251 1285.932624 1189.410997 1092.889371 1034.191051 1032.227691 1030.264331 1028.300971 1026.337611 1024.374251 1087.904834 1589.437953 1647.789078 1706.140204 1764.491329 1822.842454 1881.19358 1550.03112 1121.490264 576.6171653 16.36503996 12.3612438 8.357447647 6.675579949 4.465540347 2.255500745 1 1 1 1 1 1 1 1 1 1 1 1 1 1 1 1 1 1 1 1 1 1 1 1 1 1 1 1 1 
1164.975216 1235.662855 1306.350494 1377.038133 1447.725772 1518.413411 1581.504979 1564.865414 1468.343787 1371.822161 1275.300534 1178.778907 1082.257281 1023.558961 1021.595601 1019.632241 1017.668881 1015.705521 1013.742161 1075.240371 1327.483619 1385.834744 1444.18587 1502.536995 1560.88812 1619.239246 1288.076786 859.5359299 430.9950738 16.40700631 12.40321015 8.399413999 6.766092447 4.556052845 2.346013243 1 1 1 1 1 1 1 1 1 1 1 1 1 1 1 1 1 1 1 1 1 1 1 1 1 1 1 1 1 
1176.466337 1247.153976 1317.841615 1388.529254 1459.216893 1529.904531 1600.59217 1554.233324 1457.711697 1361.19007 1264.668444 1168.146817 1071.62519 1012.92687 1010.963511 1009.000151 1007.036791 1005.073431 1003.110071 1007.178159 1065.529285 1123.88041 1182.231536 1240.582661 1298.933786 1357.284912 1026.122452 597.5815958 169.0407398 16.44897266 12.44517651 8.441380352 6.856604945 4.646565343 2.436525741 1 1 1 1 1 1 1 1 1 1 1 1 1 1 1 1 1 1 1 1 1 1 1 1 1 1 1 1 1 
