22.66324064 22.08906648 21.51489232 20.94071816 20.366544 19.79236984 19.21819568 18.77989324 18.39982153 18.01974982 17.63967812 17.25960641 16.8795347 16.56047597 16.3329367 16.10539744 15.87785817 15.6503189 15.42277963 15.23817225 15.43995185 15.64173145 15.84351104 16.04529064 16.24707024 16.44884984 15.99564763 15.37869997 14.76175232 14.80395571 15.2010866 15.59821748 17.6662971 17.20809173 16.74988637 16.92123555 18.26175748 19.60227941 20.66807109 20.63494177 20.60181244 20.56868312 20.5355538 20.50242447 20.46929515 20.5822715 20.71148182 20.84069214 20.96990245 21.09911277 21.22832309 21.26018249 21.22714129 21.19410008 21.16105887 21.12801767 21.09497646 21.09536994 21.17377769 21.25218544 21.33059319 21.40900093 21.48740868 21.56581643 
25.4195145 23.91643621 23.34226205 22.76808789 22.19391373 21.61973957 21.04556541 20.60726297 20.22719126 19.84711955 19.46704785 19.08697614 18.40557761 17.37590859 17.0134235 16.78588423 16.55834496 16.3308057 16.10326643 15.85148774 15.51589685 15.71767645 15.91945605 16.12123564 16.32301524 16.52479484 16.07159263 15.45464498 14.85609823 14.94445689 15.34158778 15.73871866 17.95154719 17.49334182 17.03513645 18.5004033 20.02324173 21.36376366 22.42955534 22.39642602 22.36329669 22.33016737 22.29703805 22.26390872 24.20748571 22.62106053 22.75027085 22.87948117 23.00869148 23.1379018 23.26711212 23.29897152 23.26593032 23.23288911 23.1998479 23.1668067 23.24525273 23.68472238 23.86087179 23.93927954 24.01768729 24.09609503 24.17450278 24.25291053 
28.17578837 26.5694985 25.16963178 24.59545762 24.02128346 23.4471093 22.87293514 22.4346327 22.05456099 21.67448928 21.29441758 20.71346132 19.32896689 18.29929787 17.80186695 17.46637103 17.23883176 17.01129249 16.78375323 16.53197454 16.06204103 15.79362145 15.99540105 16.19718065 16.39896024 16.60073984 16.14753763 15.53058998 15.01484734 15.09509581 15.48208896 15.87921984 18.23679727 17.7785919 17.57947193 19.4414633 21.78472598 23.12524791 24.19103959 24.15791027 24.12478094 24.09165162 24.05852229 25.755011 28.19276456 26.60633938 24.78905988 24.9182702 25.04748051 25.17669083 25.30590115 25.33776055 25.30471935 25.27167814 25.23863693 25.26133935 25.78573434 26.22520399 26.4665145 26.62637364 26.70478138 26.78318913 26.86159688 26.94000463 
30.93206223 29.32577237 27.7194825 26.42282735 25.84865319 25.27447903 24.70030487 24.26200243 23.88193072 23.50185902 23.02134504 21.6368506 20.25235617 19.22268715 18.72525623 18.22782532 17.91931856 17.69177929 17.46424002 17.21246133 16.74252783 16.27259432 16.07134605 16.27312565 16.47490525 16.67668484 16.22348264 15.60653498 15.17359644 15.25384491 15.62259014 16.01972102 18.52204736 18.06384199 18.52053193 20.38252329 23.54621023 24.88673216 25.95252384 25.91939451 25.88626519 25.85313587 27.30253628 29.74028985 32.17804342 30.59161824 28.55806209 26.95705923 27.08626954 27.21547986 27.34469018 27.37654958 27.34350838 27.31046717 27.27742596 27.80182095 28.32621594 28.76568559 29.00699611 29.24830663 29.39187548 29.47028323 29.54869098 29.62709873 
33.6883361 32.08204623 30.47575637 28.86946651 27.67602292 27.10184876 26.52767461 26.08937216 25.70930045 25.32922875 23.94473431 22.56023988 21.17574545 20.14607642 19.64864551 19.1512146 18.65378368 18.37226609 18.14472682 17.89294813 17.42301462 16.95308111 16.48314761 16.34907065 16.55085025 16.75262984 16.29942764 15.76528409 15.33234554 15.41259402 15.76917396 16.1602222 18.80729744 18.34909208 19.46159193 21.32358329 24.48727022 26.64821641 27.71400809 27.68087876 27.64774944 28.85006156 31.28781513 33.7255687 36.16332227 34.57689709 32.54334094 30.50978479 29.12505857 29.25426889 29.38347921 29.41533861 29.38229741 29.3492562 29.81790757 30.34230256 30.86669755 31.3061672 31.54747772 31.78878824 32.03009875 32.15737733 32.23578508 32.31419283 
36.44460996 34.8383201 33.23203023 31.62574037 30.01945051 28.9292185 28.35504434 27.91674189 27.53667019 26.25261803 24.86812359 23.48362916 22.09913473 21.0694657 20.57203479 20.07460388 19.57717296 19.07974205 18.82521362 18.57343493 18.10350142 17.63356791 17.1636344 16.6937009 16.62679525 16.82857485 16.37537264 15.92403319 15.49109465 15.57134312 15.92792306 16.30072338 19.09254753 19.24157356 20.40265192 22.26464328 25.42833022 28.40970066 29.47549233 29.44236301 30.39758684 32.83534041 35.27309398 37.71084755 40.14860112 38.56217594 36.52861979 34.49506364 32.46150749 31.29305792 31.42226824 31.45412764 31.42108644 31.83399419 32.35838918 32.88278417 33.40717916 33.84664881 34.08795932 34.32926984 34.57058036 34.81189088 34.92287918 35.00128693 
39.20088382 37.59459396 35.9883041 34.38201423 32.77572437 31.16943451 30.18241407 29.74411162 28.56050174 27.1760073 25.79151287 24.40701844 23.02252401 21.99285498 21.49542407 20.99799315 20.50056224 20.00313133 19.50570041 19.25392172 18.78398822 18.31405471 17.8441212 17.37418769 16.90425418 16.90451985 16.51572083 16.08278229 15.64984375 15.73009223 16.08667217 16.44325211 19.37779761 20.18263356 21.34371192 23.20570328 26.36939022 29.53307715 31.23697658 31.94511213 34.3828657 36.82061927 39.25837283 41.6961264 44.13387997 42.54745479 40.51389864 38.48034249 36.44678634 34.41323019 33.46105727 33.49291667 33.8500808 34.37447579 34.89887078 35.42326577 35.94766076 36.38713041 36.62844093 36.86975145 37.11106197 37.35237248 37.593683 37.68838103 
41.95715769 40.35086782 38.74457796 37.1382881 35.53199824 33.92570837 32.31941851 30.86838545 29.48389102 28.09939658 26.71490215 25.33040772 23.94591328 22.91624426 22.41881335 21.92138243 21.42395152 20.92652061 20.42908969 19.93440852 19.46447501 18.9945415 18.524608 18.05467449 17.58474098 17.11480747 16.67446994 16.2415314 15.80859286 15.88884133 16.24542127 16.60200121 19.96261519 21.12369355 22.28477191 24.14676328 27.31045021 30.47413715 33.49263741 35.93039098 38.36814455 40.80589812 43.24365169 45.68140526 48.11915883 46.53273365 44.49917749 42.46562134 40.43206519 38.39850904 36.36495289 35.86616742 36.39056241 36.9149574 37.43935239 37.96374738 38.48814237 38.92761202 39.16892254 39.41023306 39.65154357 39.89285409 40.13416461 40.37547513 
42.51748515 40.91119529 39.30490543 37.69861557 36.0923257 34.48603584 32.73677735 30.80391275 29.41941832 28.03492389 26.65042945 25.26593502 23.88144059 22.81286854 22.31057474 21.81314383 21.31571292 20.818282 20.32085109 19.82616992 19.35623641 18.8863029 18.4163694 17.94643589 17.47650238 17.07750343 16.87477073 16.44183219 16.00889365 16.08914212 16.44572206 16.80230201 19.7602091 20.92128746 22.08236582 24.35730334 27.52099027 30.68467721 33.06289679 34.70017698 37.13793055 39.57568411 42.01343768 44.45119125 46.88894482 45.30251964 43.26896349 41.23540734 39.20185119 37.16829504 35.28057353 36.18870882 36.71310381 37.2374988 37.76189379 38.28628878 38.81068377 39.25015342 39.49146394 39.73277445 39.97408497 40.21539549 40.45670601 41.28443649 
43.07781262 41.47152276 39.86523289 38.25894303 36.65265317 35.04636331 32.86819895 30.82650419 29.35494562 27.97045119 26.58595676 25.20146232 23.81696789 22.74839584 22.20233614 21.70490523 21.20747432 20.7100434 20.21261249 19.71793132 19.24799781 18.7780643 18.30813079 17.83819729 17.36826378 17.09694704 17.07507153 16.64213299 16.20919445 16.28944292 16.64602286 17.0026028 19.557803 20.71888137 21.87995973 24.5678434 27.73153034 30.89521727 33.27353487 33.46996297 35.90771654 38.34547011 40.78322368 43.22097725 45.65873082 44.07230564 42.03874949 40.00519334 37.97163718 35.93808103 35.36287139 36.35108785 37.03564521 37.5600402 38.08443519 38.60883018 39.13322517 39.57269482 39.81400534 40.05531585 40.29662637 40.53793689 40.77924741 42.19339785 
43.63814009 42.03185022 40.42556036 38.8192705 37.21298064 35.55903456 32.99962055 30.95792578 29.29047292 27.90597849 26.52148406 25.13698963 23.75249519 22.68392314 22.09409754 21.59666663 21.09923572 20.6018048 20.10437389 19.60969272 19.13975921 18.6698257 18.19989219 17.72995869 17.30258591 17.11639065 17.27537232 16.84243378 16.40949524 16.48974371 16.84632365 17.00132475 19.35539691 20.51647527 21.67755364 24.77838346 27.9420704 31.10575733 33.48417295 32.720033 34.67750254 37.11525611 39.55300968 41.99076325 44.42851682 42.84209164 40.80853548 38.77497933 36.74142318 34.70786703 35.44516924 36.43338571 37.35818661 37.8825816 38.40697659 38.93137158 39.45576657 39.89523622 40.13654674 40.37785725 40.61916777 40.86047829 41.55789322 43.10235922 
44.19846755 42.59217769 40.98588783 39.37959796 37.7733081 35.69045616 33.13104215 31.08934738 29.26953229 27.84150579 26.45701136 25.07251693 23.6880225 22.61945045 22.02476197 21.48842803 20.99099712 20.4935662 19.99613529 19.50145412 19.03152061 18.5615871 18.09165359 17.62172008 17.32202952 17.13583425 17.39529214 17.04273458 16.60979603 16.69004451 17.04662445 16.94245274 19.15299082 20.31406918 21.80142599 24.98892352 28.15261046 31.31634096 33.69481103 32.93067108 33.44728854 35.88504211 38.32279567 40.76054924 43.19830281 41.61187763 39.57832148 37.54476533 35.51120918 34.64433023 35.52746709 36.51568356 37.5739531 38.205123 38.72951799 39.25391298 39.77830797 40.21777762 40.45908814 40.70039865 40.94170917 41.18301969 42.46685459 44.01132058 
44.75879502 43.15250516 41.54621529 39.93992543 38.33363557 35.82187776 33.26246375 31.22076898 29.40095389 27.7770331 26.39253866 25.00804423 23.6235498 22.55497775 21.96028927 21.38018943 20.88275851 20.3853276 19.88789669 19.39321551 18.92328201 18.4533485 17.98341499 17.5276684 17.34147313 17.15527786 17.41473575 17.24303537 16.81009683 16.8903453 17.24692524 16.88358072 18.95058473 20.11166309 22.01196605 25.19946358 28.36315052 31.52697904 33.90544911 33.14130916 32.37716921 34.6548281 37.09258167 39.53033524 41.96808881 40.38166363 38.34810748 36.31455133 34.28099517 34.72662808 35.60976494 36.59798141 37.65625095 38.5276644 39.05205939 39.57645438 40.10084937 40.54031902 40.78162953 41.02294005 41.26425057 41.83134996 43.37581595 44.92028194 
45.31912249 43.71283262 42.10654276 40.5002529 38.51271337 35.95329936 33.39388535 31.35219058 29.53237549 27.7125604 26.32806597 24.94357153 23.5590771 22.49050505 21.89581657 21.3011281 20.77451991 20.277089 19.77965809 19.28497691 18.81504341 18.3451099 17.87517639 17.547112 17.36091674 17.17472147 17.43417936 17.44333616 17.01039762 17.0906461 17.44722604 16.82470871 18.74817864 19.909257 22.22250611 25.41000365 28.57369058 31.73761712 34.11608719 33.35194724 32.58780729 33.4246141 35.86236767 38.30012124 40.73787481 39.15144963 37.11789348 35.08433732 33.92578908 34.80892593 35.69206279 36.68027926 37.7385488 38.79681834 39.37460079 39.89899578 40.42339077 40.86286042 41.10417093 41.34548145 41.58679197 42.74031132 44.28477731 45.82924331 
45.87944995 44.27316009 42.66687023 41.06058036 38.64413497 36.08472096 33.52530695 31.48361218 29.66379709 27.843982 26.26359327 24.87909884 23.4946044 22.42603235 21.83134388 21.2366554 20.66628131 20.1688504 19.67141949 19.17673831 18.70680481 18.2368713 17.76693779 17.56655561 17.38036034 17.19416508 17.45362297 17.64363696 17.21069842 17.29094689 17.5611359 16.7658367 18.54577254 19.7068509 22.43304617 25.62054371 28.78423064 31.9482552 34.32672527 33.56258532 32.79844537 32.1944001 34.63215367 37.06990723 39.5076608 37.92123562 35.88767947 33.85412332 34.00808693 34.89122379 35.77436065 36.76257711 37.82084665 38.87911619 39.69714219 40.22153718 40.74593217 41.18540182 41.42671233 41.66802285 42.10480669 43.64927268 45.19373868 46.73820467 
46.43977742 44.83348756 43.22719769 41.33497059 38.77555657 36.21614256 33.65672855 31.61503378 29.79521869 27.9754036 26.19912057 24.81462614 23.43013171 22.36155966 21.76687118 21.1721827 20.57749422 20.0606118 19.56318088 19.06849971 18.5985662 18.1286327 17.77219448 17.58599922 17.39980395 17.21360868 17.47306657 17.84393775 17.41099921 17.49124769 17.50226389 16.70696469 18.34336645 19.50444481 22.64358623 25.83108377 28.99477071 32.15889328 34.53736336 33.7732234 33.00908345 32.2449435 33.40193966 35.83969323 38.2774468 36.69102162 34.65746547 33.20724792 34.09038478 34.97352164 35.8566585 36.84487497 37.90314451 38.96141405 40.01968359 40.54407858 41.06847357 41.50794321 41.74925373 41.99056425 43.01376805 44.55823405 46.10270004 47.64716603 
47.00010489 45.39381502 43.78752516 41.46639219 38.90697817 36.34756416 33.78815015 31.74645538 29.92664029 28.1068252 26.28701011 24.75015344 23.36565901 22.29708696 21.70239848 21.10771 20.51302153 19.9523732 19.45494228 18.96026111 18.4903276 18.0203941 17.79163809 17.60544283 17.41924756 17.23305229 17.49251018 17.86338136 17.61130001 17.69154848 17.44339187 16.64809268 18.14096036 19.65380767 22.8541263 26.04162383 29.20540879 32.36953137 34.74800144 33.98386149 33.21972153 32.45558158 32.17172566 34.60947923 37.0472328 35.46080762 33.42725147 33.28954577 34.17268263 35.05581949 35.93895635 36.92717282 37.98544236 39.0437119 40.10198144 40.86661998 41.39101497 41.83048461 42.07179513 42.37826342 43.92272942 45.46719541 47.0116614 48.55612739 
47.56043235 45.95414249 44.1572278 41.59781378 39.03839977 36.47898576 33.91957175 31.87787698 30.05806189 28.2382468 26.41843171 24.68568075 23.30118631 22.23261426 21.63792578 21.04323731 20.44854883 19.85386035 19.34670368 18.85202251 18.382089 17.99727697 17.8110817 17.62488643 17.43869117 17.2524959 17.51195379 17.88282497 17.8116008 17.89184927 17.38451986 16.58922067 17.93855427 19.86434773 23.06466636 26.25216389 29.41604687 32.58016945 34.95863952 34.19449957 33.43035962 32.66621966 31.90207971 33.37926522 35.81701879 34.23059361 32.48870676 33.37184362 34.25498048 35.13811734 36.0212542 37.00947067 38.06774021 39.12600975 40.18427929 41.18916138 41.71355637 42.15302601 42.39433653 43.28722479 44.83169078 46.37615677 47.92062276 49.46508876 
48.12075982 46.51446996 44.2886494 41.72923538 39.16982137 36.61040736 34.05099335 32.00929858 30.18948349 28.3696684 26.5498533 24.73003821 23.23671362 22.16814157 21.57345309 20.97876461 20.38407613 19.78938766 19.23846508 18.74378391 18.2738504 18.01672057 17.83052531 17.64433004 17.45813477 17.27193951 17.5313974 17.90226858 18.0119016 18.09215007 17.32564785 16.53034866 17.73614817 20.07488779 23.27520642 26.46270396 29.62668495 32.79080753 35.1692776 34.40513765 33.6409977 32.87685774 32.11271779 32.14905122 34.58680479 33.00037961 32.57100462 33.45414147 34.33727833 35.22041519 36.10355205 37.09176852 38.15003806 39.2083076 40.26657714 41.32484668 42.03609776 42.47556741 42.71687793 44.19618615 45.74065214 47.28511813 48.82958413 50.37405012 
48.68108729 46.97948501 44.420071 41.86065698 39.30124297 36.74182896 34.18241495 32.14072018 30.32090509 28.50109 26.6812749 24.86145981 23.17224092 22.10366887 21.50898039 20.91429191 20.31960344 19.72491496 19.13022648 18.63554531 18.22235945 18.03616418 17.84996891 17.66377365 17.47757838 17.29138311 17.550841 17.92171218 18.21220239 18.06207504 17.26677584 16.47147665 17.53374208 20.28542785 23.48574648 26.67324402 29.83732303 33.00144561 35.37991568 34.61577573 33.85163578 33.08749583 32.32335587 31.55921592 33.35659079 31.77016561 32.65330247 33.53643933 34.41957619 35.30271305 36.1858499 37.17406637 38.23233591 39.29060545 40.34887499 41.40714453 42.35863916 42.79810881 43.56068152 45.10514751 46.64961351 48.1940795 49.73854549 51.28301148 
49.24141475 47.11090661 44.5514926 41.99207858 39.43266457 36.87325056 34.31383655 32.27214178 30.45232669 28.6325116 26.8126965 24.99288141 23.17306632 22.03919617 21.44450769 20.84981922 20.25513074 19.66044226 19.06575378 18.52730671 18.24180306 18.05560779 17.86941252 17.68321726 17.49702199 17.31082672 17.57028461 17.94115579 18.31202697 18.00320303 17.20790383 16.41260464 17.33133599 20.49596791 23.69628654 26.88383853 30.04796111 33.21208369 35.59055376 34.82641381 34.06227386 33.29813391 32.53399396 31.769854 32.12637678 31.85246346 32.73560032 33.61873718 34.50187404 35.3850109 36.26814776 37.25636422 38.31463376 39.37290331 40.43117285 41.48944239 42.54771193 43.12065021 44.46964288 46.01410888 47.55857487 49.10304086 50.64750685 52.19197285 
49.80174222 47.24232821 44.68291419 42.12350018 39.56408617 37.00467216 34.44525815 32.40356338 30.58374829 28.7639332 26.9441181 25.12430301 23.30448792 21.97472347 21.380035 20.78534652 20.19065804 19.59596956 19.00128109 18.44744193 18.26124666 18.0750514 17.88885613 17.70266086 17.5164656 17.33027033 17.58972822 17.9605994 18.33147058 17.94433101 17.14903182 16.35373263 17.50618935 20.70650798 23.9068266 27.09447662 30.25859919 33.42272177 35.80119184 35.03705189 34.27291194 33.50877199 32.74463204 31.98049209 31.21635213 31.93476131 32.81789817 33.70103503 34.58417189 35.46730875 36.35044561 37.33866208 38.39693162 39.45520116 40.5134707 41.57174024 42.63000978 43.83413825 45.37860425 46.92307024 48.46753623 50.01200222 51.55646822 53.10093421 
50.72076307 50.28910021 47.7296862 45.17027218 42.61085817 40.05144416 37.49203015 35.45033538 33.63052029 31.8107052 29.99089011 28.17107501 26.52742203 25.54998179 24.95529331 24.36060484 23.76591636 23.17122788 22.5765394 19.32330517 18.53335551 18.34716024 18.16096498 17.97476971 17.78857444 17.60237917 17.86183706 18.23270824 18.56629807 19.0459506 18.25065141 17.45535222 20.78442266 23.05060061 26.25091924 28.08463422 30.86191822 34.0260408 36.40451087 35.64037092 34.87623097 34.11209102 33.34795106 32.58381111 34.61000903 36.90732329 37.79046015 38.67359701 39.55673387 40.43987072 41.32300758 43.35835757 44.94019387 45.99846341 47.05673295 48.11500249 49.17327203 50.3774005 51.9218665 53.46633249 55.01079848 56.55526447 58.09973047 60.52738344 
51.63978393 51.44453786 50.7764582 48.21704419 45.65763018 43.09821616 40.53880215 38.49710738 36.67729229 34.8574772 33.03766211 31.33528842 30.10268034 29.12524011 28.53055163 27.93586315 27.34117468 26.7464862 23.52787194 20.2746377 19.33374945 18.61926909 18.43307382 18.24687855 18.06068329 17.87448802 18.13394591 18.50481709 18.6706408 19.5935275 19.352271 18.5569718 24.84818336 25.39469324 28.59501187 30.42872686 31.46523725 34.62935982 37.0078299 36.24368995 35.47954999 34.71541004 33.95127009 35.62867577 38.35245816 40.64977242 42.76302212 43.64615898 44.52929584 45.4124327 46.29556956 48.33091954 51.13441161 52.54172566 53.5999952 54.65826474 55.71653428 56.92066275 58.46512875 60.00959474 61.55406073 63.09852672 65.42804781 67.95383267 
52.55880478 52.36355871 52.16831264 51.26381619 48.70440218 46.14498817 43.58557415 41.54387939 39.72406429 37.9042492 36.14315481 34.91054674 33.67793866 32.70049842 32.10580995 31.51112147 30.91643299 27.98936604 24.47920448 21.22597024 20.28508198 19.34419373 18.70518267 18.5189874 18.33279213 18.14659687 18.40605476 18.77692594 18.77498354 19.69787023 20.45389059 19.65859139 28.91194407 27.8661687 30.93910451 32.77281949 32.06855627 35.23267885 37.61114892 36.84700897 36.08286902 35.31872907 36.64734252 39.3711249 42.09490729 44.39222155 46.64215046 48.61872096 49.50185782 50.38499468 51.26813154 53.30348152 56.10697359 58.91046565 60.14325745 61.20152699 62.25979653 63.463925 65.008391 66.55285699 68.09732298 70.32871218 72.85449704 75.3802819 
53.47782564 53.28257957 53.0873335 52.89208743 51.75117418 49.19176017 46.63234616 44.59065139 42.7708363 40.9510212 39.71841313 38.48580505 37.25319698 36.27575674 35.68106826 35.08637979 32.45086015 28.94069858 25.43053701 22.17730278 21.23641452 20.29552626 19.35463801 18.79109625 18.60490098 18.41870571 18.6781636 18.88126867 18.87932627 19.80221297 21.22308456 20.76021098 32.97570477 31.9299294 33.28319714 35.11691212 34.41264891 35.83599788 38.21446795 37.450328 36.68618805 37.66600926 40.38979165 43.11357403 45.83735642 48.13467067 50.38459959 52.6345285 54.47441979 55.35755665 56.24069351 58.2760435 61.07953556 63.88302763 66.6865197 67.74478924 68.80305878 70.00718726 71.55165325 73.09611924 75.22937655 77.75516141 80.28094627 82.80673113 
54.39684649 54.20160042 54.00635435 53.81110828 53.61586221 52.23853217 49.67911816 47.63742339 45.8176083 44.52627952 43.29367145 42.06106337 40.82845529 39.85101506 39.25632658 36.91235425 33.40219268 29.89203111 26.38186955 23.12863531 22.18774706 21.2468588 20.30597054 19.36508229 18.87700983 18.69081456 18.95027245 18.98561141 18.98366901 19.9065557 21.32742729 21.86183057 37.03946548 35.99369011 35.62728977 37.46100476 36.75674154 36.43931691 38.81778698 38.05364703 38.68467601 41.40845839 44.13224078 46.85602316 49.57980554 51.8771198 54.12704871 56.37697763 58.62690654 60.33011863 61.21325549 63.24860547 66.05209754 68.85558961 71.65908167 74.28805149 75.34632103 76.55044951 78.0949155 80.13004092 82.65582578 85.18161064 87.7073955 90.23318036 
55.31586735 55.12062128 54.92537521 54.73012914 54.53488307 54.339637 52.72589016 50.68419539 49.33414591 48.10153784 46.86892976 45.63632169 44.40371361 43.42627337 41.37384835 37.86368678 34.35352522 30.84336365 27.33320208 24.07996785 23.13907959 22.19819134 21.25730308 20.31641482 19.37552657 18.9629234 19.09189654 19.08995414 19.08801175 20.01089844 21.43177003 22.85264162 41.10322618 40.05745081 39.01167544 39.80509739 39.10083418 38.39657096 39.421106 39.70334275 42.42712514 45.15090752 47.87468991 50.59847229 53.32225467 55.61956893 57.86949784 60.11942675 62.36935567 64.61928458 66.18581746 68.22116745 71.02465951 73.82815158 76.63164365 79.43513572 81.88958328 83.09371176 85.03070529 87.55649015 90.08227501 92.60805987 95.13384473 97.65962959 
56.2348882 56.03964213 55.84439606 55.64914999 55.45390392 55.25865785 55.06341178 54.14201231 52.90940423 51.67679616 50.44418808 49.21158 47.97897193 45.83534246 42.32518089 38.81501932 35.30485775 31.79469619 28.28453462 25.03130038 24.09041213 23.14952387 22.20863562 21.26774736 20.3268591 19.38597085 19.19623928 19.19429688 19.19235448 20.11524118 21.53611277 22.95698435 45.16698688 44.12121151 43.07543614 42.14919003 41.44492681 40.74066359 40.7220095 43.44579188 46.16957427 48.89335665 51.61713903 54.34092142 57.0647038 59.36201806 61.61194697 63.86187588 66.1118048 68.36173371 70.61166262 73.19372942 75.99722149 78.80071356 81.60420563 84.40769769 87.21118976 89.93136967 92.45715452 94.98293938 97.50872424 100.0345091 102.560294 105.0860788 
55.12157651 54.92633044 54.73108437 54.5358383 54.34059223 54.14534616 53.97974918 50.95701356 49.11978815 47.88718007 46.65457199 45.42196392 44.18935584 42.04572637 38.5355648 35.02540324 31.51524167 28.0050801 24.49491853 23.83095378 23.92048283 22.97959458 22.03870632 21.09781807 20.15692981 19.21604156 19.02630999 19.02436759 19.01548177 20.11569449 21.53656608 22.95743767 45.57189023 44.68825646 43.64248109 42.71623497 42.01197175 41.30770854 41.4930022 43.15596364 45.87974602 48.60352841 51.32731079 54.05109317 56.77487556 59.07218982 61.32211873 63.57204764 65.82197655 68.07190546 70.30097035 72.86634594 75.66983801 78.47333007 81.27682214 84.08031421 87.05171264 90.48790914 93.27038266 95.79616752 98.32195238 100.8477372 103.3735221 105.899307 
54.00826483 53.81301876 53.61777269 53.42252662 53.22728055 53.05674205 52.91091113 49.88817551 45.63248073 44.09756399 42.86495591 41.63234783 40.39973976 38.25611029 34.74594872 31.23578715 27.72562558 24.21546402 23.16576977 22.50180501 22.84893839 22.80966528 21.86877703 20.92788877 19.98700052 19.04611226 18.85638069 18.85443829 18.81430709 20.00413225 21.53701939 22.95789098 45.84044723 45.2553014 44.20952603 43.28327991 42.5790167 41.98742892 42.56708659 43.77541049 45.58991778 48.31370016 51.03748255 53.76126493 56.48504732 58.78236157 61.03229049 63.2822194 65.53214831 67.765386 69.97358687 72.53896245 75.34245452 78.14594659 80.94943865 83.8368839 87.47990778 90.91610428 93.86970358 96.60939565 99.13518051 101.6609654 104.1867502 106.7125351 
52.89495314 52.69970707 52.504461 52.30921493 52.13373492 51.98790399 51.84207307 48.81933745 44.56364268 40.3079479 39.07533983 37.84273175 36.61012367 34.4664942 30.95633263 27.44617107 23.9360095 22.61292999 21.836621 21.17265624 21.51978962 21.86692301 21.69884774 20.75795948 19.81707122 18.87618297 18.6864514 18.684509 18.61313241 19.80295757 21.5374727 22.95834429 46.10900423 45.80023613 44.77657097 43.85032486 43.14606164 43.06151331 43.64117098 44.84949488 46.05781878 48.02387192 50.7476543 53.47143669 56.19521907 58.49253333 60.74246224 62.99239115 65.22980165 67.43800252 69.64620338 72.21157897 75.01507103 77.8185631 80.62205517 84.26507905 87.90810292 91.34429942 94.29789872 97.25149801 99.94840864 102.4741935 104.9999784 107.5257632 
51.78164145 51.58639538 51.39114931 51.21072778 51.06489686 50.91906594 50.77323501 47.7504994 43.49480462 39.23910985 35.28572374 34.05311566 32.82050759 30.67687812 27.16671655 23.65655498 22.06009022 21.28378122 20.50747223 19.84350747 20.19064085 20.53777424 20.88490762 20.58803019 19.64714193 18.70625367 18.5165221 18.48333432 18.41195773 19.60178289 21.47071668 22.9587976 46.37756123 46.06879313 45.34361592 44.4173698 43.71310658 44.1355977 44.71525538 45.92357928 47.13190317 48.34022707 50.45782606 53.18160844 55.90539083 58.20270509 60.452634 62.6942173 64.90241817 67.11061903 69.31881989 71.88419548 74.68768755 77.49117962 81.05025031 84.69327419 88.33629807 91.77249457 94.72609386 97.67969315 100.6332924 103.2874216 105.8132065 108.3389914 
50.66832976 50.47308369 50.28772065 50.14188973 49.99605881 49.85022788 49.70439696 46.68166134 42.42596656 38.17027179 33.91457702 30.26349958 29.0308915 26.88726203 23.37710046 21.50725044 20.73094145 19.95463245 19.17832346 18.5143587 18.86149209 19.20862547 19.55575885 19.90289224 19.47721264 18.53632438 18.34659281 18.28215964 18.21078305 19.40060821 21.269542 22.95925091 46.64611823 46.33735013 45.91066086 44.98441474 44.78719098 45.2096821 45.78933977 46.99766367 48.20598757 49.41431147 50.62263536 52.8917802 55.61556259 57.91287684 60.15863295 62.36683382 64.57503468 66.78323554 68.99143641 71.55681199 74.36030406 77.83542158 81.47844545 85.12146933 88.76449321 92.20068971 95.154289 98.1078883 101.0614876 104.0150869 106.6264346 109.1522195 
49.55501808 49.36471352 49.2188826 49.07305167 48.92722075 48.78138983 48.6355589 45.61282328 41.35712851 37.10143373 32.84573896 28.59004418 25.24127542 23.09764595 20.95441067 20.17810167 19.40179268 18.62548368 17.84917469 17.18520993 17.53234332 17.8794767 18.22661008 18.57374347 18.92087685 18.36639509 18.15236155 18.08098496 18.00960837 19.19943353 21.06836732 22.93730111 46.91467523 46.60590713 46.29713902 45.55145969 45.86127537 46.28376649 46.86342417 48.07174806 49.28007196 50.48839586 51.69671976 52.90504366 55.32573434 57.6230486 59.83124946 62.03945033 64.24765119 66.45585206 68.66405292 71.22942851 74.62059284 78.26361672 81.9066406 85.54966447 89.19268835 92.62888485 95.58248415 98.53608344 101.4896827 104.443282 107.3968813 109.9654476 
48.44170639 48.29587547 48.15004454 48.00421362 47.8583827 47.71255177 47.56672085 44.54398523 40.28829045 36.03259568 31.7769009 27.52120613 23.26551135 20.40157089 19.6252619 18.8489529 18.07264391 17.29633491 16.52002592 15.85606116 16.20319455 16.55032793 16.89746131 17.2445947 17.59172808 17.93886147 17.95118687 17.87981028 17.80843369 18.99825885 20.86719264 22.73612643 47.18323223 46.87446413 46.56569602 46.51286865 46.93535977 47.35785089 47.93750856 49.14583246 50.35415636 51.56248025 52.77080415 53.97912805 55.18745195 57.29566511 59.50386598 61.71206684 63.92026771 66.12846857 68.33666944 71.40576411 75.04878799 78.69181186 82.33483574 85.97785962 89.62088349 93.05708 96.01067929 98.96427858 101.9178779 104.8714772 107.8250765 110.7786758 
48.54486513 47.49642747 47.35059655 47.20476562 47.0589347 46.91310378 46.76727285 45.65801222 41.40231745 37.14662267 32.8909279 28.63523312 24.37953835 21.51559788 20.73928889 19.96297989 19.1866709 18.41036191 17.63405291 15.39700505 15.74413843 16.09127181 16.4384052 16.78553858 17.13267197 17.72782897 18.04818448 17.97680789 17.9054313 19.09525646 20.96419025 22.83312404 45.3947817 45.0860136 44.77724549 45.34992848 45.7724196 46.19491072 46.77456839 47.98289229 49.19121619 50.39954008 51.60786398 52.81618788 55.53482725 57.72252184 59.9307227 62.13892357 64.34712443 66.55532529 68.76352616 70.73300127 74.37602515 78.01904903 81.66207291 85.30509678 88.94812066 92.38431716 95.33791646 98.29151575 101.245115 104.1987143 107.1523136 107.4968041 
48.64802388 46.69697948 46.55114855 46.40531763 46.25948671 46.11365578 45.96782486 45.92160589 42.51634444 38.26064966 34.00495489 29.74926011 25.49356534 22.62962487 21.85331588 21.07700689 20.30069789 19.5243889 18.7480799 14.93794893 15.28508231 15.6322157 15.97934908 16.32648246 16.67361585 17.71521538 18.14518209 18.0738055 18.00242891 19.19225407 21.06118786 22.93012165 43.60633117 43.29756307 42.98879496 44.57001666 44.60947943 45.03197055 45.61162822 46.81995212 48.02827602 49.23659991 50.44492381 51.65324771 56.31372127 58.14937856 60.35757942 62.56578029 64.77398115 66.98218202 69.19038288 70.79331814 73.70326232 77.34628619 80.98931007 84.63233395 88.27535783 91.71155433 94.66515362 97.61875292 100.5723522 103.5259515 106.4795508 104.2149325 
48.75118262 46.59955895 45.75170056 45.60586964 45.46003871 45.31420779 45.16837687 45.12215789 43.63037143 39.37467665 35.11898188 30.8632871 26.60759233 23.74365187 22.96734287 22.19103388 21.41472488 20.63841589 18.28902379 14.47889281 14.8260262 15.17315958 15.52029296 15.86742635 16.36337391 17.70260178 18.24217971 18.17080311 18.09942652 19.28925168 21.15818547 22.86260129 41.81788064 41.50911254 41.20034443 44.26889029 43.44653926 43.86903038 44.44868805 45.65701195 46.86533585 48.07365975 49.28198364 51.56910431 57.09261528 58.92827257 60.78443615 62.99263701 65.20083787 67.40903874 69.6172396 71.22017487 73.03049948 76.67352336 80.31654724 83.95957111 87.60259499 91.03879149 93.99239079 96.94599008 99.89958938 102.8531887 103.7774811 100.9330609 
48.85434137 46.70271769 44.95225256 44.80642164 44.66059072 44.51475979 44.36892887 44.3227099 44.31918176 40.48870365 36.23300887 31.9773141 27.72161932 24.85767886 24.08136986 23.30506087 22.52875188 21.75244288 17.82996767 14.0198367 14.36697008 14.71410346 15.06123685 15.40837023 16.35076031 17.68998819 18.29046123 18.26780073 18.19642414 19.38624929 21.25518309 22.74807579 40.02943011 39.72066201 40.58706361 43.96776392 42.28359909 42.70609021 43.28574788 44.49407178 45.70239568 46.91071958 48.11904347 52.34799832 57.87150929 59.70716659 61.21129287 63.41949373 65.6276946 67.83589546 70.04409633 71.64703159 72.84645645 76.00076053 79.6437844 83.28680828 86.92983216 90.36602866 93.31962795 96.27322725 99.22682654 102.1804258 100.4956095 97.65118926 
48.95750011 46.80587643 44.65425276 44.00697365 43.86114272 43.7153118 43.56948088 43.5232619 43.51973376 41.60273064 37.34703586 33.09134109 28.83564631 25.97170585 25.19539686 24.41908786 23.64277887 21.64296079 17.37091155 13.56078058 13.90791396 14.25504735 14.60218073 14.99891884 16.33814671 17.67737459 18.27784763 18.36479834 18.29342175 19.48324691 21.3521807 22.63355028 38.24097958 37.93221148 40.28593724 43.66663755 41.12065892 41.54315004 42.12280771 43.33113161 44.53945551 45.74777941 47.60338137 53.12689234 58.65040331 60.4860606 61.91195637 63.84635045 66.05455132 68.26275218 70.47095305 72.07388831 73.27331317 75.32799769 78.97102157 82.61404545 86.25706932 89.69326583 92.64686512 95.60046441 98.55406371 100.0581581 97.21373787 94.36931763 
49.06065885 46.90903518 44.7574115 43.20752565 43.06169473 42.91586381 42.77003288 42.72381391 42.72028577 42.71675763 38.46106285 34.20536808 29.9496733 27.08573284 26.30942385 25.53311485 24.75680586 21.18390467 16.91185543 13.10172446 13.44885784 13.79599123 14.14312461 14.98630524 16.32553312 17.664761 18.26523403 18.46179595 18.39041936 19.58024452 21.44917831 22.51902478 36.45252905 36.14376095 39.98481086 43.36551118 39.95771875 40.38020987 40.95986754 42.16819144 43.37651534 44.58483924 48.38227538 53.90578635 59.42929732 61.26495461 62.69085039 64.27320718 66.48140804 68.68960891 70.89780977 72.50074503 73.7001699 74.89959476 78.29825874 81.94128261 85.58430649 89.02050299 91.97410229 94.92770158 97.88130087 96.77628649 93.93186625 91.08744601 
49.1638176 47.01219392 44.86057025 42.70894657 42.26224674 42.11641581 41.97058489 41.92436591 41.92083777 41.91730963 39.57508985 35.31939507 31.0637003 28.19975983 27.42345084 26.64714184 24.99689779 20.72484855 16.45279932 12.64266834 12.98980173 13.33693511 13.6840685 14.97369165 16.31291952 17.6521474 18.25262044 18.55879356 18.48741697 19.67724213 21.47566822 22.40449928 34.66407852 34.35531042 39.68368449 43.0643848 39.65659238 39.2172697 39.79692738 41.00525127 42.21357517 43.63765842 49.16116939 54.68468036 60.20819133 62.04384863 63.4697444 64.89564017 66.90826476 69.11646563 71.32466649 72.92760176 74.12702662 75.32645148 77.6254959 81.26851978 84.91154366 88.34774016 91.30133945 94.25493875 96.33883511 93.49441487 90.64999462 87.80557438 
49.26697634 47.11535267 44.96372899 42.81210532 41.46279874 41.31696782 41.17113689 41.12491792 41.12138978 41.11786164 40.68911684 36.43342206 32.17772729 29.31378682 28.53747783 27.76116884 24.53784167 20.26579244 15.9937432 12.18361223 12.53074561 12.87787899 13.62185018 14.96107805 16.30030593 17.63953381 18.24000684 18.65579117 18.58441458 19.77423974 21.36114271 22.28997378 32.87562799 32.56685988 39.38255812 42.76325843 39.35546601 38.05432953 38.63398721 39.8423111 41.050635 44.41655244 49.94006341 55.46357438 60.98708535 62.82274264 64.24863841 65.67453419 67.33512149 69.54332235 71.75152321 73.35445848 74.55388334 75.75330821 76.95273307 80.59575695 84.23878082 87.67497732 90.62857662 93.58217591 93.05696348 90.21254324 87.368123 84.52370276 
49.37013509 47.21851141 45.06688774 42.91526406 40.76364038 40.51751982 40.3716889 40.32546993 40.32194179 40.31841365 40.31488551 37.54744905 33.29175428 30.42781382 29.65150482 28.35083479 24.07878556 19.80673632 15.53468708 11.72455611 12.07168949 12.41882288 13.60923658 14.94846446 16.28769233 17.62692021 18.22739325 18.64317758 18.68141219 19.87123735 21.24661721 22.17544827 31.08717746 32.04538919 39.08143175 42.46213206 39.05433964 36.89138936 37.47104704 38.67937094 39.88769483 45.19544645 50.71895742 56.24246839 61.76597936 63.60163665 65.02753243 66.4534282 67.87932397 69.97017907 72.17837994 73.7813152 74.98074006 76.18016493 77.37958979 79.92299411 83.56601799 87.00221449 89.95581378 92.6195121 89.77509186 86.93067162 84.08625137 81.24183113 
49.47329383 47.32167016 45.17004648 43.0184228 40.86679913 39.71807183 39.57224091 39.52602193 39.52249379 39.51896565 39.51543751 38.66147605 34.40578127 31.54184081 30.76553181 27.89177867 23.61972944 19.3476802 15.07563097 11.26549999 11.61263338 12.25739511 13.59662298 14.93585086 16.27507874 17.61430661 18.21477965 18.63056398 18.77840981 19.96823496 21.13209171 22.06092277 29.29872693 31.74426282 38.78030537 42.16100569 38.75321326 35.72844919 36.30810687 37.51643077 40.45082949 45.97434046 51.49785143 57.0213624 62.54487337 64.38053067 65.80642644 67.23232221 68.65821799 70.39703579 72.60523666 74.20817192 75.40759679 76.60702165 77.80644651 79.25023128 82.89325516 86.32945166 89.28305095 89.33764048 86.49322023 83.64879999 80.80437975 77.95995951 
49.57645258 47.4248289 45.27320522 43.12158155 40.96995787 38.91862384 38.77279291 38.72657394 38.7230458 38.71951766 38.71598952 38.71246138 35.51980826 32.6558678 31.70477179 27.43272256 23.16067332 18.88862409 14.61657485 10.80644388 11.15357726 12.24478151 13.58400939 14.92323727 16.26246514 17.60169302 18.20216606 18.61795039 18.87540742 20.06523257 21.01756621 21.94639727 27.5102764 31.44313645 38.479179 41.85987931 38.45208689 35.04429447 35.1451667 36.3534906 41.22972351 46.75323448 52.27674545 57.80025642 63.32376739 65.15942468 66.58532045 68.01121623 69.437112 70.86300777 73.03209338 74.63502864 75.83445351 77.03387837 78.23330324 79.4327281 82.22049232 85.65668882 88.61028812 86.05576885 83.21134861 80.36692837 77.52250812 74.67808788 
49.67961132 47.52798764 45.37636397 43.22474029 41.07311662 38.92149294 37.97334492 37.92712594 37.9235978 37.92006966 37.91654152 37.91301338 36.63383525 33.76989479 31.24571568 26.97366644 22.7016172 18.42956797 14.15751873 10.34738776 10.89294004 12.23216792 13.57139579 14.91062367 16.24985155 17.58907942 18.18955246 18.60533679 18.97240503 19.97420964 20.9030407 21.83187177 25.72182587 31.14201008 38.17805263 41.55875294 38.15096052 34.7431681 33.98222653 36.48510655 42.00861752 47.53212849 53.05563946 58.57915043 64.1026614 65.93831869 67.36421447 68.79011024 70.21600601 71.64190178 73.4589501 75.06188537 76.26131023 77.46073509 78.66015996 79.85958482 81.54772949 84.98392599 85.61831747 82.77389723 79.92947698 77.08505674 74.2406365 71.39621625 
49.78277006 47.63114639 45.47952271 43.32789904 41.17627536 39.02465169 37.17389692 37.12767795 37.12414981 37.12062167 37.11709353 37.11356539 37.11003725 34.88392178 30.78665956 26.51461032 22.24256109 17.97051185 13.69846261 9.888331641 10.88032645 12.21955432 13.5587822 14.89801008 16.23723795 17.57646583 18.17693887 18.5927232 19.00850753 19.85968414 20.7885152 21.71734627 23.93337534 30.8408837 37.87692626 41.25762657 37.84983415 34.44204172 32.81928636 37.26400056 42.78751153 48.3110225 53.83453347 59.35804444 64.88155542 66.71721271 68.14310848 69.56900425 70.99490003 72.4207958 73.88580683 75.48874209 76.68816695 77.88759182 79.08701668 80.28644154 81.48586641 84.31116316 82.33644584 79.4920256 76.64760536 73.80318512 70.95876487 68.11434463 
49.88592881 47.73430513 45.58268146 43.43105778 41.27943411 39.12781043 36.97618676 36.32822995 36.32470181 36.32117368 36.31764554 36.3141174 36.31058926 34.59965268 30.32760344 26.05555421 21.78350497 17.51145573 13.2394065 9.528484973 10.86771285 12.20694073 13.5461686 14.88539648 16.22462436 17.56385223 18.16432527 18.5801096 18.99589393 19.74515864 20.6739897 21.60282076 23.50371478 30.53975733 37.57579989 40.9565002 37.54870777 34.14091535 32.51938361 38.04289458 43.56640555 49.08991652 54.61342749 60.13693846 65.66044943 67.49610672 68.92200249 70.34789827 71.77379404 73.19968981 74.62558558 75.91559881 77.11502368 78.31444854 79.5138734 80.71329827 81.91272313 81.89899446 79.05457422 76.21015398 73.36573373 70.52131349 67.67689325 64.832473 
49.89563076 47.5468325 45.39520883 43.24358515 41.09196147 38.9403378 36.78871412 36.14075732 36.13722918 36.13370104 36.1301729 36.12664476 36.12311662 35.40993868 31.35855486 27.08650563 22.81445639 18.54240715 14.27035792 10.55943639 11.89866427 13.23789215 14.57712002 15.9163479 17.25557578 17.77189418 17.95602267 18.371807 18.78759133 19.53685603 20.4656871 21.39451816 21.8433017 28.71782804 35.7538706 39.13457091 35.72677848 32.31898606 32.13068039 37.65419136 43.17770233 48.7012133 54.22472427 59.74823524 65.11366322 66.90415394 68.33004971 69.75594548 71.18184126 72.60773703 73.9948003 74.97415352 76.17357838 77.37300324 78.57242811 79.77185297 80.97127783 81.23533634 78.98278299 76.13836274 73.2939425 70.44952226 67.60510202 64.76068177 
49.90533271 47.35935987 45.20773619 43.05611252 40.90448884 38.75286517 36.60124149 35.95328469 35.94975655 35.94622841 35.94270027 35.93917213 35.42393419 34.45490135 32.38950628 28.11745705 23.84540781 19.57335858 15.30130934 11.59038781 12.92961569 14.26884357 15.60807144 16.94729932 18.2865272 17.32160855 17.74772007 18.16350439 18.57928872 19.32855343 20.25738449 21.18621556 21.89034573 26.89589875 33.9319413 37.31264162 33.90484919 30.49705677 31.74197718 37.26548815 42.78899912 48.31251009 53.83602106 59.35953203 64.52171044 66.31220116 67.73809693 69.1639927 70.58988848 72.01578425 73.05335501 74.03270822 75.23213309 76.43155795 77.63098281 78.83040768 79.62718961 79.38794445 78.91099175 76.06657151 73.22215127 70.37773103 67.53331078 64.68889054 
49.91503466 47.32524524 45.02026356 42.86863989 40.71701621 38.56539253 36.41376886 35.76581206 35.76228392 35.75875578 35.75522764 35.7516995 34.46889686 33.49986402 33.4204577 29.14840847 24.87635923 20.60431 16.33226076 12.62133924 13.96056711 15.29979499 16.63902287 17.97825074 18.82373294 16.87132292 17.53941746 17.95520179 18.37098612 19.12025083 20.04908189 20.68271012 21.93738976 25.07396946 32.11001201 35.49071233 32.0829199 28.67512748 31.35327396 36.87678493 42.4002959 47.92380687 53.44731784 58.85791239 63.92975765 65.72024838 67.14614415 68.57203992 69.99793569 71.42383147 72.11190971 73.09126293 74.29068779 75.49011266 76.68953752 77.88896238 77.77979771 77.54055255 78.64191156 75.99478028 73.15036004 70.30593979 67.46151955 64.61709931 
49.9247366 47.33494719 44.83279093 42.68116725 40.52954358 38.3779199 36.22629623 35.57833943 35.57481129 35.57128315 35.56775501 35.223087 33.51385953 32.54482669 32.68608579 30.17935989 25.90731065 21.63526142 17.36321218 13.65229066 14.99151853 16.33074641 17.66997429 19.00920216 18.3734473 16.42103729 17.22356685 17.74689919 18.16268352 18.91194822 19.84077929 20.09486102 21.98443379 23.25204017 30.28808272 33.66878304 30.26099061 27.49018756 30.96457075 36.48808172 42.01159269 47.53510366 53.05861463 58.26595961 63.33780487 65.12829559 66.55419137 67.98008714 69.40598291 70.52121867 71.17046442 72.14981763 73.3492425 74.54866736 75.74809222 76.74619562 75.93240582 75.69316066 76.79451966 75.92298905 73.07856881 70.23414856 67.38972832 64.54530808 
49.93443855 47.34464914 44.75485973 42.49369462 40.34207094 38.19044727 36.03882359 35.39086679 35.38733865 35.38381051 35.38028237 34.26804967 32.5588222 31.58978936 31.73104846 31.21031131 26.93826207 22.66621284 18.3941636 14.68324208 16.02246995 17.36169783 18.70092571 19.87557169 17.92316167 15.97075166 16.77328122 17.53859658 17.95438091 18.70364562 19.63247668 19.50701192 22.03147782 21.43011088 28.46615343 31.84685374 28.43906132 27.10148434 30.57586753 36.0993785 41.62288947 47.14640044 52.60216156 57.67400682 62.74585209 64.53634281 65.96223858 67.38813436 68.81403013 69.57977338 70.22901912 71.20837234 72.4077972 73.60722207 74.80664693 74.89880373 74.08501392 73.84576876 74.94712777 75.85119782 73.00677757 70.16235733 67.31793709 64.47351685 
49.9441405 47.35435109 44.76456168 42.30622199 40.15459831 38.00297464 35.85135096 35.20339416 35.19986602 35.19633788 35.02223981 33.31301234 31.60378487 30.63475203 30.77601113 30.91727023 27.96921349 23.69716426 19.42511502 15.7141935 17.05342137 18.39264925 19.73187713 19.42528606 17.47287604 15.52046603 16.32299558 17.33029398 17.74607831 18.49534302 19.42417408 18.91916282 22.07852185 19.88506652 26.64422414 30.02492445 26.61713203 26.71278113 30.18716432 35.71067529 41.23418626 46.75769723 52.01020878 57.08205404 62.15389931 63.94439003 65.3702858 66.79618157 67.98908234 68.63832808 69.28757383 70.26692704 71.46635191 72.66577677 73.86520163 73.05141183 72.23762203 71.99837686 73.09973587 74.20109488 72.93498634 70.0905661 67.24614586 64.40172561 
49.95384245 47.36405304 44.77426363 42.18447422 39.96712568 37.815502 35.66387833 35.01592153 35.01239339 35.00886525 34.06720248 32.35797501 30.64874754 29.6797147 29.8209738 29.9622329 29.00016492 24.72811568 20.45606644 16.74514492 18.0843728 19.42360067 20.76282855 18.97500043 17.02259041 15.0701804 15.87270995 17.12199138 17.53777571 18.28704041 19.08935598 18.33131372 22.12556588 19.93211056 24.82229485 28.20299516 24.79520274 26.32407791 29.7984611 35.32197207 40.84548304 46.34641073 51.418256 56.49010126 61.56194653 63.35243725 64.77833302 66.20422879 67.04763704 67.69688279 68.34612853 69.32548175 70.52490661 71.72433148 72.01780974 71.20401993 70.39023013 70.15098497 71.25234398 72.35370299 72.86319511 70.01877487 67.17435462 64.32993438 
49.9635444 47.37375499 44.78396558 42.19417617 39.77965305 37.62802937 35.4764057 34.8284489 34.82492076 34.82139262 33.11216515 31.40293768 29.69371021 28.72467737 28.86593647 29.00719557 29.14845467 25.7590671 21.48701786 17.77609634 19.11532422 20.45455209 20.47712481 18.5247148 16.57230478 14.61989477 15.42242432 16.91368877 17.3294731 18.07873781 18.50150688 17.74346462 22.17260992 19.97915459 23.00036556 26.38106587 22.97327345 25.9353747 29.40975789 34.93326886 40.45677983 45.75445795 50.82630321 55.89814848 60.96999374 62.76048447 64.18638024 65.45694601 66.10619175 66.75543749 67.40468324 68.38403646 69.58346132 70.78288618 70.17041784 69.35662804 68.54283823 68.30359307 69.40495208 70.50631109 71.6076701 69.94698364 67.10256339 64.25814315 
49.97324635 47.38345694 44.79366753 42.20387811 39.6140887 37.44055674 35.28893306 34.64097626 34.63744812 33.86635529 32.15712782 30.44790035 28.73867288 27.76964004 27.91089914 28.05215824 28.19341734 26.79001852 22.51796928 18.80704776 20.14627564 21.48550351 20.02683918 18.07442917 16.12201915 14.16960914 14.97213869 16.46340314 17.1211705 17.87043521 17.91365778 17.15561552 22.21965395 20.02619862 21.17843627 24.55913658 22.58457023 25.54667148 29.02105467 34.54456565 40.06807662 45.16250517 50.23435043 55.3061957 60.37804096 62.16853168 63.59442746 64.51550071 65.16474646 65.8139922 66.46323794 67.44259116 68.64201602 69.13681575 68.32302595 67.50923614 66.69544634 66.45620118 67.55756019 68.6589192 69.76027821 69.8751924 67.03077216 64.18635192 
49.9829483 47.39315889 44.80336947 42.21358006 39.62379065 37.25308411 35.10146043 34.45350363 34.44997549 32.91131796 31.20209049 29.49286302 27.78363555 26.8146027 26.95586181 27.09712091 27.23838001 27.37963911 23.54892071 19.83799918 21.17722706 21.52896357 19.57655355 17.62414354 15.67173352 13.7193235 14.52185306 16.01311751 16.9128679 17.6621326 17.32580868 16.56776642 22.26669798 20.07324265 19.35650698 22.73720729 22.19586702 25.15796827 28.63235146 34.15586243 39.49870712 44.57055238 49.64239765 54.71424291 59.78608818 61.5765789 62.92480967 63.57405542 64.22330116 64.87254691 65.52179265 66.50114587 67.70057073 67.28942386 66.47563405 65.66184425 64.84805444 64.60880928 65.71016829 66.8115273 67.91288631 69.01424532 66.95898093 64.11456069 
49.99265024 47.40286083 44.81307142 42.22328201 39.6334926 37.06561148 34.9139878 34.266031 33.66550809 31.95628062 30.24705315 28.53782568 26.82859822 25.85956537 26.00082447 26.14208358 26.28334268 26.42460178 24.57987213 20.8689506 22.20817848 21.07867794 19.12626792 17.17385791 15.22144789 13.26903787 14.07156743 15.56283188 16.70456529 17.45383 16.73795958 15.97991732 22.31374201 20.12028668 17.92683135 20.915278 21.80716381 24.76926505 28.24364825 33.76715922 38.90675434 43.9785996 49.05044487 54.12229013 59.1941354 60.98462612 61.98336438 62.63261012 63.28185587 63.93110161 64.58034736 65.55970057 66.25582177 65.44203196 64.62824216 63.81445235 63.00066255 62.76141739 63.8627764 64.96413541 66.06549442 67.16685343 66.8871897 64.04276945 
50.00235219 47.41256278 44.82277337 42.23298396 39.64319455 37.05340514 34.72651517 34.07855837 32.71047076 31.00124329 29.29201582 27.58278835 25.87356088 24.90452804 25.04578714 25.18704624 25.32830535 25.46956445 25.61082355 21.89990202 22.58080232 20.62839231 18.67598229 16.72357227 14.77116226 12.81875224 13.6212818 15.11254625 16.49626269 16.90815273 16.15011048 15.39206822 22.36078604 20.16733071 17.97387538 19.09334871 21.41846059 24.38056184 27.85494503 33.24295629 38.31480156 43.38664682 48.45849209 53.53033735 58.60218262 60.39267334 61.04191908 61.69116483 62.34041057 62.98965632 63.63890206 64.61825528 64.40842987 63.59464007 62.78085026 61.96706046 61.15327065 60.91402549 62.0153845 63.11674351 64.21810252 65.31946153 66.42082054 63.97097822 
50.01205414 47.42226473 44.83247532 42.24268591 39.6528965 37.06310709 34.53904254 33.4646609 31.75543343 30.04620596 28.33697849 26.62775102 24.91852355 23.94949071 24.09074981 24.23200891 24.37326801 24.51452712 24.65578622 22.93085344 22.13051669 20.17810667 18.22569666 16.27328664 14.32087663 12.36846661 13.17099617 14.66226062 16.15352507 16.32030363 15.56226137 14.80421912 22.40783007 20.21437474 18.02091941 18.06765613 21.02975738 23.99185862 27.46624182 32.65100351 37.72284877 42.79469404 47.8665393 52.93838457 58.01022983 59.45122804 60.10047379 60.74971953 61.39896528 62.04821102 62.69745677 63.37482778 62.56103798 61.74724817 60.93345837 60.11966856 59.30587876 59.0666336 60.16799261 61.26935162 62.37071063 63.47206964 64.57342865 63.89918699 
50.02175609 47.43196668 44.84217727 42.25238786 39.66259845 37.07280903 34.48301962 32.50962357 30.8003961 29.09116863 27.38194116 25.67271369 23.96348622 22.99445338 23.13571248 23.27697158 23.41823068 23.55948978 23.70074889 23.63264107 21.68023106 19.72782104 17.77541103 15.82300101 13.870591 11.91818098 12.72071054 14.21197499 15.70323944 15.73245453 14.97441227 14.21637002 22.4548741 20.26141877 18.06796344 17.67895291 20.64105416 23.60315541 26.98720546 32.05905073 37.13089599 42.20274126 47.27458652 52.34643179 57.41827705 58.50978275 59.15902849 59.80827424 60.45751998 61.10676573 61.75601147 61.52743589 60.71364608 59.89985628 59.08606647 58.27227667 57.45848686 57.2192417 58.32060071 59.42195972 60.52331873 61.62467774 62.72603675 63.82739576 
