0.02084832205 0.02202333487 0.02319834769 0.02437336051 0.02554837334 0.02672338616 0.02789839898 0.02953428062 0.03136767747 0.03320107432 0.03503447118 0.03686786803 0.03870126488 0.0406928492 0.04292171472 0.04515058024 0.04737944577 0.04960831129 0.05183717681 0.05405625734 0.05618727296 0.05831828858 0.0604493042 0.06258031981 0.06471133543 0.06684235105 0.06762337982 0.06806691188 0.06851044394 0.06829479007 0.06772418994 0.06715358981 0.05271504207 0.05675823848 0.06080143488 0.06278757958 0.0609534854 0.05911939122 0.05739161432 0.05608910656 0.0547865988 0.05348409103 0.05218158327 0.0508790755 0.04957656774 0.04812712913 0.04666136487 0.04519560061 0.04372983635 0.04226407208 0.04079830782 0.03939508005 0.03803354325 0.03667200646 0.03531046967 0.03394893288 0.03258739609 0.03126218843 0.03002174874 0.02878130904 0.02754086935 0.02630042966 0.02505998997 0.02381955027 
0.02321800812 0.02447493271 0.02564994553 0.02682495835 0.02799997117 0.029174984 0.03034999682 0.03198587846 0.03381927531 0.03565267216 0.03748606902 0.03931946587 0.04117868204 0.04330427967 0.04563611354 0.04786497906 0.05009384458 0.0523227101 0.05455157562 0.05679403402 0.05911207252 0.06124308814 0.06337410375 0.06550511937 0.06763613499 0.06976715061 0.07054817938 0.07099171143 0.07143426851 0.07053381507 0.06996321494 0.06939261482 0.05725372689 0.06129692329 0.0653401197 0.06525231273 0.06351252874 0.06167843457 0.05995065767 0.0586481499 0.05734564214 0.05604313438 0.05474062661 0.05343811885 0.05205952123 0.05080357943 0.04933781517 0.04787205091 0.04640628665 0.04494052239 0.04347475813 0.04207153035 0.04070999356 0.03934845677 0.03798691998 0.03662538319 0.03529270426 0.03413641804 0.03303181619 0.0317913765 0.03055093681 0.02931049712 0.02807005742 0.02682961773 
0.02558769419 0.02685372009 0.02810154337 0.02927655619 0.03045156901 0.03162658184 0.03280159466 0.0344374763 0.03627087315 0.03810427 0.03993766685 0.04178827659 0.04370773783 0.04583333546 0.04826813767 0.05057937787 0.05280824339 0.05503710892 0.05726597444 0.05950843283 0.06187322705 0.06416788769 0.06629890331 0.06842991893 0.07056093455 0.07269195016 0.07347297893 0.07391651099 0.07435468062 0.07315138847 0.07220223995 0.07163163982 0.0617924117 0.06583560811 0.06892906137 0.06738696022 0.06607157209 0.06423747791 0.06250970101 0.06120719325 0.05990468549 0.05860217772 0.05729966996 0.05593058357 0.05453296348 0.05327702169 0.05201426548 0.05054850122 0.04908273696 0.0476169727 0.04615120844 0.04474798066 0.04338644387 0.04202490708 0.04066337029 0.03931626243 0.03809901494 0.03694272872 0.03592868544 0.03480144396 0.03356100427 0.03232056457 0.03108012488 0.02983968519 
0.02795738026 0.02922340616 0.03048943206 0.03172815403 0.03290316685 0.03407817967 0.0352531925 0.03688907414 0.03872247099 0.04055586784 0.04239787113 0.04431733238 0.04623679363 0.04836239126 0.05079719347 0.05323199568 0.05552264221 0.05775150773 0.05998037325 0.06222283164 0.06458762586 0.06695242009 0.06922370287 0.07135471848 0.0734857341 0.07561674972 0.07639777849 0.07684131055 0.07727509274 0.07607180059 0.07444126495 0.07387066482 0.06633109652 0.07037429292 0.07106370885 0.06952160771 0.06863061543 0.06679652126 0.06506874436 0.06376623659 0.06246372883 0.06116122107 0.05980164591 0.05840402582 0.05700640574 0.05575046395 0.05451026419 0.05322495153 0.05175918727 0.05029342301 0.04882765875 0.04742443097 0.04606289418 0.04470135739 0.04333982059 0.04212257311 0.04090532562 0.0397490394 0.03873499612 0.03772095285 0.03657107172 0.03533063203 0.03409019234 0.03284975265 
0.03032706633 0.03159309223 0.03285911813 0.03412514402 0.03535476469 0.03652977751 0.03770479034 0.03934067198 0.04117406883 0.04300746568 0.04492692693 0.04684638818 0.04876584942 0.05089144705 0.05332624926 0.05576105147 0.05819585368 0.06046590654 0.06269477206 0.06493723046 0.06730202468 0.0696668189 0.07203161312 0.07427951804 0.07641053366 0.07854154928 0.07932257805 0.07976172267 0.08019550486 0.07899221271 0.07690741899 0.07610968982 0.07086978133 0.07491297774 0.07319835634 0.07165625519 0.07076526292 0.0693555646 0.0676277877 0.06632527994 0.06502277218 0.06367270825 0.06227508816 0.06087746808 0.05947984799 0.0582239062 0.05698370644 0.05574350668 0.05443563758 0.05296987332 0.05150410905 0.05010088128 0.04873934448 0.04737780769 0.04614613128 0.04492888379 0.0437116363 0.04255535008 0.0415413068 0.04052726353 0.03951322026 0.03834069949 0.0371002598 0.0358598201 
0.0326967524 0.0339627783 0.0352288042 0.03649483009 0.03776085599 0.03898137535 0.04015638817 0.04179226982 0.04362566667 0.04553652148 0.04745598272 0.04937544397 0.05129490522 0.05342050285 0.05585530506 0.05829010727 0.06072490948 0.06315971169 0.06540917088 0.06765162927 0.07001642349 0.07238121771 0.07474601193 0.07711080616 0.07933533321 0.08146634883 0.0822473776 0.08268213479 0.08311591698 0.08191262483 0.07982783111 0.07834871482 0.07540846615 0.07722570206 0.07533300383 0.07379090268 0.07289991041 0.07191460795 0.07018683105 0.06888432328 0.06754377059 0.06614615051 0.06474853042 0.06335091033 0.06195329025 0.06069734846 0.0594571487 0.05821694894 0.05697674918 0.05564632362 0.05418055936 0.05277733158 0.05141579479 0.05016968944 0.04895244196 0.04773519447 0.04651794698 0.04536166076 0.04434761749 0.04333357421 0.04231953094 0.04130548766 0.04011032725 0.03886988756 
0.03506643847 0.03633246437 0.03759849027 0.03886451616 0.04013054206 0.04139656796 0.04260798601 0.04424386766 0.04614611602 0.04806557727 0.04998503852 0.05190449977 0.05382396101 0.05594955864 0.05838436085 0.06081916306 0.06325396527 0.06568876748 0.06812356969 0.07036602808 0.0727308223 0.07509561653 0.07746041075 0.07982520497 0.08218999919 0.08439114839 0.08516876471 0.0856025469 0.0860363291 0.08483303695 0.08274824323 0.0806634495 0.07994715096 0.07936034955 0.07746765131 0.07592555017 0.07503455789 0.07414356562 0.07274587439 0.07141483293 0.07001721285 0.06861959276 0.06722197268 0.06582435259 0.0644267325 0.06317079071 0.06193059095 0.0606903912 0.05945019144 0.05820999168 0.05685700967 0.05545378189 0.05419324761 0.05297600013 0.05175875264 0.05054150515 0.04932425766 0.04816797144 0.04715392817 0.04613988489 0.04512584162 0.04411179834 0.04309775507 0.04187995502 
0.03743612454 0.03870215044 0.03996817634 0.04123420223 0.04250022813 0.04376625403 0.04503227993 0.04675571057 0.04867517182 0.05059463307 0.05251409431 0.05443355556 0.05635301681 0.05847861444 0.06091341665 0.06334821886 0.06578302107 0.06821782328 0.07065262549 0.0730804269 0.07544522112 0.07781001534 0.08017480956 0.08253960378 0.084904398 0.08726919222 0.08808917683 0.08852295902 0.08895674122 0.08775344907 0.08566865535 0.08358386162 0.08338769527 0.08149499704 0.0796022988 0.07806019765 0.07716920538 0.07627821311 0.07528589527 0.07388827519 0.0724906551 0.07109303502 0.06969541493 0.06829779485 0.06690017476 0.06564423297 0.06440403321 0.06316383345 0.06192363369 0.06068343393 0.05944323418 0.05821680578 0.05699955829 0.05578231081 0.05456506332 0.05334781583 0.05213056835 0.05097428212 0.04996023885 0.04894619557 0.0479321523 0.04691810903 0.04590406575 0.04489002248 
0.03766034242 0.03892636832 0.04019239422 0.04145842012 0.04272444602 0.04399047192 0.04521909574 0.04694884371 0.04886830496 0.05078776621 0.05270722746 0.0546266887 0.05654614995 0.05877748153 0.06122550048 0.06366030269 0.0660951049 0.06852990711 0.07096470932 0.07339251073 0.07575730495 0.07812209917 0.08048689339 0.08285168761 0.08521648183 0.08756125017 0.0882813948 0.08871517699 0.08914895919 0.08794566704 0.08586087332 0.08377607959 0.08234692212 0.08045422389 0.07856152565 0.07734190557 0.0764509133 0.07555992103 0.07573182513 0.07445756624 0.07305994615 0.07166232606 0.07026470598 0.06886708589 0.06746946581 0.06621352402 0.06497332426 0.0637331245 0.06249292474 0.06125272498 0.05996477018 0.0583656677 0.05714842022 0.05593117273 0.05471392524 0.05349667776 0.05227943027 0.05112314405 0.05010910077 0.0490950575 0.04808101422 0.04706697095 0.04605292767 0.04521120258 
0.03788456031 0.03915058621 0.04041661211 0.04168263801 0.04294866391 0.0442146898 0.04533110741 0.04710592287 0.0490614381 0.05098089935 0.0529003606 0.05481982184 0.05673928309 0.05897061467 0.06153758431 0.06397238652 0.06640718873 0.06884199094 0.07127679315 0.07370459456 0.07606938878 0.078434183 0.08079897722 0.08316377144 0.08552856566 0.08783728742 0.08847361277 0.08890739497 0.08934117716 0.08813788501 0.08605309129 0.08396829757 0.08130614897 0.07941345074 0.0775207525 0.07662361349 0.07573262121 0.07484162894 0.07607906604 0.07502685728 0.0736292372 0.07223161711 0.07083399702 0.06943637694 0.06803875685 0.06678281506 0.0655426153 0.06430241555 0.06306221579 0.06182201603 0.06010426582 0.05850828544 0.05729728214 0.05608003465 0.05486278717 0.05364553968 0.05242829219 0.05127200597 0.05025796269 0.04924391942 0.04822987615 0.04721583287 0.0462017896 0.04553238268 
0.0381087782 0.03937480409 0.04064082999 0.04190685589 0.04317288179 0.04442644033 0.04544311908 0.04721793453 0.04925457125 0.05117403249 0.05309349374 0.05501295499 0.05693241623 0.05916374781 0.06184966814 0.06428447035 0.06671927256 0.06915407477 0.07158887698 0.07401667839 0.07638147261 0.07874626683 0.08111106105 0.08347585527 0.08582863396 0.08811332466 0.08866583074 0.08909961294 0.08953339513 0.08833010298 0.08624530926 0.08452397589 0.08026537582 0.07837267759 0.07647997935 0.0759053214 0.07501432913 0.07412333686 0.07642630695 0.07552213162 0.07419852824 0.07280090816 0.07140328807 0.07000566799 0.0686080479 0.06735210611 0.06611190635 0.06487170659 0.06363150683 0.06239130707 0.06024376146 0.05864778108 0.05744614406 0.05622889658 0.05501164909 0.0537944016 0.05257715411 0.05142086789 0.05040682462 0.04939278134 0.04837873807 0.04736469479 0.04648467677 0.04585356279 
0.03833299608 0.03959902198 0.04086504788 0.04213107378 0.04339709968 0.044538452 0.04555513074 0.0473299462 0.04942967739 0.05136716563 0.05328662688 0.05520608813 0.05712554938 0.05935688095 0.06205601802 0.06459655418 0.06703135639 0.0694661586 0.0719009608 0.07432876222 0.07669355644 0.07905835066 0.08142314488 0.0837879391 0.08610467121 0.0883893619 0.08889530172 0.08929183091 0.0897256131 0.08852232095 0.08643752723 0.08518350003 0.07922460267 0.07733190444 0.07569400606 0.07518702932 0.07429603705 0.073878615 0.07677354786 0.07586937252 0.07476781929 0.0733701992 0.07197257912 0.07057495903 0.06917733895 0.06792139716 0.0666811974 0.06544099764 0.06420079788 0.06257855776 0.0603832571 0.05878727672 0.05759084319 0.0563777585 0.05516051101 0.05394326352 0.05272601604 0.05156972981 0.05055568654 0.04954164327 0.04852759999 0.04751355672 0.04680585687 0.04617474289 
0.03855721397 0.03982323987 0.04108926577 0.04235529166 0.04362131756 0.04465046367 0.04566714241 0.04744195787 0.04954168906 0.05156029878 0.05347976002 0.05539922127 0.05731868252 0.05955001409 0.06224915116 0.06490863801 0.06734344022 0.06977824243 0.07221304463 0.07464084605 0.07700564027 0.07937043449 0.08173522871 0.08409601775 0.08638070845 0.08866539915 0.08917133896 0.08948404888 0.08991783107 0.08871453892 0.0866297452 0.08584302418 0.07818382952 0.07629113129 0.07497571397 0.07446873724 0.07357774497 0.0742258559 0.07712078876 0.07621661343 0.0753124381 0.07393949025 0.07254187016 0.07114425008 0.06974662999 0.0684906882 0.06725048844 0.06601028869 0.06477008893 0.0627180534 0.06052275274 0.05892677236 0.05773033883 0.05652662042 0.05530937293 0.05409212545 0.05287487796 0.05171859174 0.05070454846 0.04969050519 0.04867646192 0.04775815096 0.04712703698 0.04649592299 
0.03878143185 0.04004745775 0.04131348365 0.04257950955 0.04374579659 0.04476247533 0.04577915408 0.04755396953 0.04965370073 0.05175343192 0.05367289316 0.05559235441 0.05751181566 0.05974314724 0.06244228431 0.06514142138 0.06765552405 0.07009032626 0.07252512846 0.07495292987 0.0773177241 0.07968251832 0.08204731254 0.084372055 0.08665674569 0.08894143639 0.08944737621 0.08967626685 0.09011004905 0.08890675689 0.08682196317 0.08650254832 0.07714305637 0.07525035814 0.07425742189 0.07375044515 0.07285945288 0.07457309681 0.07746802967 0.07656385434 0.07565967901 0.0745087813 0.07311116121 0.07171354113 0.07031592104 0.06905997925 0.06781977949 0.06657957973 0.0650528497 0.06285754904 0.06066224838 0.059066268 0.05786983447 0.05667340095 0.05545823486 0.05424098737 0.05302373988 0.05186745366 0.05085341039 0.04983936711 0.04882532384 0.04807933107 0.04744821708 0.04681710309 
0.03900564974 0.04027167564 0.04153770154 0.04280372744 0.04385780825 0.044874487 0.04589116574 0.0476659812 0.04976571239 0.05186544358 0.05386602631 0.05578548755 0.0577049488 0.05993628038 0.06263541745 0.06533455452 0.06796760788 0.07040241008 0.07283721229 0.0752650137 0.07762980793 0.07999460215 0.08235939637 0.08464809224 0.08693278294 0.08921747363 0.08972341345 0.08986848482 0.09030226702 0.08909897487 0.08716994987 0.08716207246 0.07610228322 0.07420958499 0.07353912981 0.07303215307 0.0721411608 0.07492033772 0.07781527058 0.07691109525 0.07600691991 0.07507807234 0.07368045226 0.07228283217 0.07088521209 0.0696292703 0.06838907054 0.06714887078 0.06519234534 0.06299704468 0.06080174402 0.05920576364 0.05800933011 0.05681289659 0.05560709678 0.05438984929 0.05317260181 0.05201631558 0.05100227231 0.04998822904 0.04903162515 0.04840051117 0.04776939718 0.0471382832 
0.03922986763 0.04049589353 0.04176191942 0.04295314118 0.04396981992 0.04498649867 0.04600317741 0.04777799287 0.04987772406 0.05197745525 0.05405915945 0.0559786207 0.05789808194 0.06012941352 0.06282855059 0.06552768766 0.06822682473 0.07071449391 0.07314929612 0.07557709753 0.07794189176 0.08030668598 0.08263943879 0.08492412949 0.08720882018 0.08949351088 0.08999945069 0.09006070279 0.09049448499 0.08929119284 0.08782947401 0.0878215966 0.07506151007 0.07316881184 0.07282083772 0.07231386099 0.07142286872 0.07526757863 0.07816251149 0.07725833616 0.07635416082 0.07544998549 0.0742497433 0.07285212322 0.07145450313 0.07019856134 0.06895836158 0.06752714164 0.06533184098 0.06313654032 0.06094123966 0.05934525928 0.05814882575 0.05695239223 0.0557559587 0.05453871122 0.05332146373 0.05216517751 0.05115113423 0.05013709096 0.04935280526 0.04872169127 0.04809057728 0.0474594633 
0.03945408551 0.04072011141 0.04198613731 0.04306515284 0.04408183159 0.04509851033 0.04611518908 0.04789000453 0.04998973573 0.05208946692 0.05418919811 0.05617175384 0.05809121508 0.06032254666 0.06302168373 0.0657208208 0.06841995787 0.07102657774 0.07346137995 0.07588918136 0.07825397559 0.08061876981 0.08291547603 0.08520016673 0.08748485743 0.08976954812 0.09027548794 0.09033674003 0.09068670296 0.08948341081 0.08848899815 0.08848112074 0.07402073692 0.07240274478 0.07210254564 0.07159556891 0.07177010962 0.07561481953 0.0785097524 0.07760557706 0.07670140173 0.0757972264 0.07481903435 0.07342141427 0.07202379418 0.07076785239 0.06952765263 0.06766663728 0.06547133662 0.06327603596 0.0610807353 0.05948475492 0.05828832139 0.05709188787 0.05589545434 0.05468757314 0.05347032565 0.05231403943 0.05129999616 0.05030509935 0.04967398536 0.04904287137 0.04841175739 0.0477806434 
0.0396783034 0.0409443293 0.04216048577 0.04317716451 0.04419384325 0.045210522 0.04622720074 0.0480020162 0.05010174739 0.05220147858 0.05430120978 0.05636488698 0.05828434823 0.0605156798 0.06321481687 0.06591395395 0.06861309102 0.07131222809 0.07377346378 0.07620126519 0.07856605941 0.08090682258 0.08319151328 0.08547620397 0.08776089467 0.09004558537 0.09055152518 0.09061277728 0.09087892093 0.08967562878 0.08914852229 0.08914064488 0.07297996377 0.0716844527 0.07138425356 0.07087727682 0.07211735053 0.07596206044 0.0788569933 0.07795281797 0.07704864264 0.07614446731 0.07524029197 0.07399070531 0.07259308523 0.07133714344 0.07000143359 0.06780613292 0.06561083226 0.0634155316 0.06122023094 0.05962425056 0.05842781703 0.05723138351 0.05603494998 0.05483643506 0.05361918758 0.05246290135 0.05144885808 0.05062627945 0.04999516546 0.04936405148 0.04873293749 0.0481018235 
0.03990252129 0.04116854718 0.04227249743 0.04328917618 0.04430585492 0.04532253367 0.04633921241 0.04811402787 0.05021375906 0.05231349025 0.05441322144 0.05651295263 0.05847748137 0.06070881294 0.06340795002 0.06610708709 0.06880622416 0.07150536123 0.07408554761 0.07651334902 0.07887814324 0.08118285982 0.08346755052 0.08575224122 0.08803693191 0.09032162261 0.09082756243 0.09088881452 0.0910711389 0.08986784675 0.08980804643 0.08980016903 0.07193919062 0.07096616062 0.07066596148 0.07015898474 0.07246459144 0.07630930135 0.07920423421 0.07830005888 0.07739588355 0.07649170821 0.07558753288 0.07455999636 0.07316237627 0.07190643448 0.07014092923 0.06794562857 0.0657503279 0.06355502724 0.06135972658 0.0597637462 0.05856731268 0.05737087915 0.05617444562 0.0549780121 0.0537680495 0.05261176328 0.05159772 0.05094745955 0.05031634557 0.04968523158 0.04905411759 0.04842300361 
0.04012673917 0.04136783036 0.0423845091 0.04340118784 0.04441786659 0.04543454533 0.04645122408 0.04822603953 0.05032577073 0.05242550192 0.05452523311 0.0566249643 0.05867061451 0.06090194609 0.06360108316 0.06630022023 0.0689993573 0.07169849437 0.07439763144 0.07682543285 0.07917420637 0.08145889707 0.08374358776 0.08602827846 0.08831296916 0.09059765985 0.09110359967 0.09116485177 0.09126335687 0.09047544798 0.09046757058 0.09045969317 0.07089841747 0.07024786853 0.06994766939 0.06944069266 0.07281183235 0.07665654226 0.07955147512 0.07864729979 0.07774312445 0.07683894912 0.07593477379 0.07503059846 0.07373166732 0.07247572553 0.07028042487 0.06808512421 0.06588982354 0.06369452288 0.06149922222 0.05990324184 0.05870680832 0.05751037479 0.05631394126 0.05511750774 0.05391691142 0.0527606252 0.05189975364 0.05126863965 0.05063752567 0.05000641168 0.0493752977 0.04874418371 
0.04035095706 0.04147984202 0.04249652077 0.04351319951 0.04452987825 0.045546557 0.04656323574 0.0483380512 0.05043778239 0.05253751358 0.05463724478 0.05673697597 0.05883670716 0.06109507923 0.0637942163 0.06649335337 0.06919249044 0.07189162751 0.07459076458 0.07713751668 0.07945024361 0.08173493431 0.08401962501 0.0863043157 0.0885890064 0.0908736971 0.09137963691 0.09144088901 0.09150214111 0.09113497213 0.09112709472 0.09111921731 0.06985764432 0.06952957645 0.06922937731 0.06931436335 0.07315907326 0.07700378317 0.07989871603 0.07899454069 0.07809036536 0.07718619003 0.0762820147 0.07537783936 0.07430095837 0.07261522117 0.07041992051 0.06822461985 0.06602931918 0.06383401852 0.06163871786 0.06004273748 0.05884630396 0.05764987043 0.05645343691 0.05525700338 0.05406056985 0.05290948712 0.05222093374 0.05158981976 0.05095870577 0.05032759178 0.0496964778 0.04906536381 
0.04057517494 0.04159185369 0.04260853243 0.04362521118 0.04464188992 0.04565856867 0.04667524741 0.04845006287 0.05054979406 0.05264952525 0.05474925644 0.05684898763 0.05894871883 0.06128821237 0.06398734944 0.06668648651 0.06938562358 0.07208476065 0.07478389773 0.07744159016 0.07972628086 0.08201097155 0.08429566225 0.08658035295 0.08886504364 0.09114973434 0.09165567416 0.09171692625 0.09177817835 0.09179449627 0.09178661886 0.09177874145 0.06911148351 0.06881128437 0.06851108523 0.06966160425 0.07350631416 0.07735102407 0.08024595694 0.0793417816 0.07843760627 0.07753343094 0.0766292556 0.07572508027 0.07482090494 0.07275471681 0.07055941615 0.06836411549 0.06616881482 0.06397351416 0.0617782135 0.06018223312 0.0589857996 0.05778936607 0.05659293255 0.05539649902 0.05420006549 0.05317322783 0.05254211385 0.05191099986 0.05127988587 0.05064877189 0.0500176579 0.04938654392 
0.04068808614 0.04185805343 0.04287473217 0.04389141091 0.04490808966 0.0459247684 0.04694144715 0.0487162626 0.0508159938 0.05291572499 0.05501545618 0.05711518737 0.0592670446 0.06171079022 0.06440992729 0.06710906436 0.06980820143 0.0725073385 0.07520647557 0.07886042999 0.08051871827 0.08280340897 0.08508809966 0.08737279036 0.08965748106 0.09194217175 0.09244811157 0.09250936366 0.09240217483 0.09087954248 0.09087166507 0.09086378767 0.06442500076 0.06752352856 0.06722332942 0.06923083843 0.07332040262 0.07716511253 0.08006004539 0.07915587006 0.07825169472 0.07734751939 0.07644334406 0.07553916873 0.07287551887 0.07208946862 0.06989416796 0.06769886729 0.06550356663 0.06330826597 0.06111296531 0.05976857692 0.05869793938 0.05750150586 0.05630507233 0.05510863881 0.05391220528 0.05288536762 0.05225425363 0.05162313965 0.05099202566 0.05036091168 0.04972979769 0.04901980862 
0.04080099734 0.04198799668 0.04314093191 0.04415761065 0.04517428939 0.04619096814 0.04720764688 0.04898246234 0.05108219353 0.05318192472 0.05528165592 0.0574161378 0.05968962245 0.06213336806 0.06483250513 0.06753164221 0.07023077928 0.07292991635 0.0767036157 0.08035757012 0.08185925779 0.08359584638 0.08588053707 0.08816522777 0.09044991847 0.09273460916 0.09324054898 0.09330180108 0.09243662804 0.09049203703 0.08995671129 0.08994883388 0.05688049764 0.06623577275 0.06593557361 0.06794308262 0.07313449107 0.07697920098 0.07987413385 0.07896995851 0.07806578318 0.07716160785 0.07625743251 0.07381371697 0.07071019848 0.06992414823 0.06922891977 0.0670336191 0.06483831844 0.06264301778 0.06044771712 0.05910332873 0.05832621518 0.05721364565 0.05601721212 0.0548207786 0.05362434507 0.05259750741 0.05196639342 0.05133527944 0.05070416545 0.05007305146 0.04937182629 0.04865307333 
0.04091390854 0.04210090788 0.04328790722 0.04442381039 0.04544048913 0.04645716787 0.04747384662 0.04924866208 0.05134839327 0.05344812446 0.055565231 0.05783871564 0.06011220029 0.06255594591 0.06525508298 0.06795422005 0.07065335712 0.07430766067 0.07820075583 0.08185471025 0.08335639793 0.0848580856 0.08667297449 0.08895766518 0.09124235588 0.09352704658 0.09403298639 0.09409423849 0.09247108126 0.09052649024 0.0890417575 0.08903388009 0.04933599451 0.06448455417 0.0646478178 0.06665532681 0.07294857953 0.07679328944 0.0796882223 0.07878404697 0.07787987164 0.0769756963 0.07475191508 0.07164839659 0.0685448781 0.06775882785 0.06723027407 0.06636837091 0.06417307025 0.06197776959 0.05978246893 0.05843808053 0.05766096699 0.05688385344 0.05572935191 0.05453291839 0.05333648486 0.0523096472 0.05167853321 0.05104741922 0.05041630524 0.04972384397 0.049005091 0.04828633804 
0.04102681974 0.04221381908 0.04340081842 0.04458781776 0.04570668887 0.04672336761 0.04774004636 0.04951486181 0.051614593 0.0537143242 0.05598780884 0.05826129349 0.06053477814 0.06297852376 0.06567766083 0.0683767979 0.07191170563 0.0758048008 0.07969789596 0.08335185038 0.08485353806 0.08635522573 0.08785691341 0.08975010259 0.09203479329 0.09431948399 0.0948254238 0.0941286917 0.09250553447 0.09056094346 0.08844327271 0.08811892631 0.04179149139 0.05694005105 0.06336006199 0.065367571 0.07166082372 0.07660737789 0.07950231076 0.07859813542 0.07769396009 0.07569011318 0.07258659469 0.0694830762 0.06637955771 0.06559350746 0.06506495368 0.0645363999 0.06350782206 0.0613125214 0.05911722074 0.05777283234 0.0569957188 0.05621860525 0.0554414917 0.05424505817 0.05304862465 0.05202178699 0.051390673 0.05075955901 0.05007586164 0.04935710867 0.04863835571 0.04791960274 
0.04113973094 0.04232673028 0.04351372962 0.04470072896 0.0458877283 0.04698956735 0.04800624609 0.04978106155 0.05188079274 0.05413690204 0.05641038669 0.05868387134 0.06095735598 0.0634011016 0.06610023867 0.0695157506 0.07340884577 0.07730194093 0.0811950361 0.08484899051 0.08635067819 0.08785236586 0.08935405354 0.09085574121 0.0928272307 0.0951119214 0.09561786122 0.09416314492 0.09253998769 0.09059539667 0.08847772593 0.08720397252 0.03424698826 0.04939554792 0.06207230618 0.06407981519 0.07037306791 0.07642146635 0.07931639921 0.07841222388 0.07662831128 0.07352479279 0.07042127431 0.06731775582 0.06421423733 0.06342818708 0.0628996333 0.06237107952 0.06184252574 0.06064727321 0.05845197255 0.05710758415 0.0563304706 0.05555335706 0.05477624351 0.05395719796 0.05276076444 0.05173392677 0.05110281279 0.05042787931 0.04970912635 0.04899037338 0.04827162041 0.04755286745 
0.04125264214 0.04243964148 0.04362664082 0.04481364016 0.0460006395 0.04718763885 0.04827244583 0.05004726129 0.05228599524 0.05455947989 0.05683296454 0.05910644918 0.06137993383 0.06382367945 0.06711979557 0.07101289073 0.0749059859 0.07879908106 0.08269217623 0.08634613064 0.08784781832 0.08934950599 0.09085119367 0.09235288134 0.09385456902 0.09590435881 0.09582075536 0.09419759813 0.0925744409 0.09062984989 0.08851217914 0.0863945084 0.02670248514 0.0418510448 0.05699960446 0.06279205938 0.0690853121 0.07537856482 0.07913048767 0.07756650939 0.0744629909 0.07135947241 0.06825595392 0.06515243543 0.06204891694 0.06126286669 0.06073431291 0.06020575913 0.05967720535 0.05914865158 0.05778672435 0.05644233596 0.05566522241 0.05488810887 0.05411099532 0.05333388177 0.05247290423 0.05144606656 0.05077989698 0.05006114402 0.04934239105 0.04862363809 0.04790488512 0.04718613216 
0.04136555334 0.04255255268 0.04373955202 0.04492655136 0.0461135507 0.04730055004 0.04848754939 0.05043508844 0.05270857309 0.05498205774 0.05725554238 0.05952902703 0.06180251168 0.06472384053 0.0686169357 0.07251003086 0.07640312603 0.08029622119 0.08418931636 0.08784327077 0.08934495845 0.09084664612 0.0923483338 0.09385002148 0.09535170915 0.09685339683 0.09585520858 0.09423205135 0.09260889412 0.0906643031 0.08854663236 0.08642896161 0.01915798201 0.03430654167 0.04945510134 0.06150430357 0.06779755629 0.07409080901 0.07850470749 0.075401189 0.07229767051 0.06919415202 0.06609063354 0.06298711505 0.05988359656 0.05909754631 0.05856899253 0.05804043875 0.05751188497 0.05698333119 0.05645477741 0.05577708777 0.05499997422 0.05422286067 0.05344574713 0.05266863358 0.05189152003 0.05113191466 0.05041316169 0.04969440873 0.04897565576 0.04825690279 0.04753814983 0.04681939686 
0.0414482988 0.04263529814 0.04382229749 0.04500929683 0.04619629617 0.04738329551 0.04858053969 0.05069255513 0.05301156948 0.05528505413 0.05755853878 0.05983202343 0.06210550807 0.06502683693 0.06891993209 0.07281302726 0.07670612242 0.08059921759 0.08449231275 0.08807315589 0.08961504625 0.09111673392 0.0926184216 0.09412010927 0.09562179695 0.09712348462 0.09612529637 0.09450213914 0.09280879308 0.09008648326 0.08796881252 0.08585114177 0.02490074071 0.03699351819 0.05214207785 0.06419128008 0.0704845328 0.07677778552 0.07892700842 0.07689384923 0.07379033074 0.07068681226 0.06758329377 0.06447977528 0.06137625679 0.06059020654 0.06006165276 0.05953309898 0.0590045452 0.05847599142 0.05699340785 0.05555249438 0.05477538083 0.05399826729 0.05322115374 0.05244404019 0.05168096715 0.05094371427 0.05017138273 0.04945262976 0.0487338768 0.04801512383 0.04729637087 0.0465776179 
0.04153104427 0.04271804361 0.04390504295 0.04509204229 0.04627904164 0.04747457834 0.04867865241 0.05079066785 0.05329180103 0.05558805053 0.05786153517 0.06013501982 0.06240850447 0.06532983332 0.06922292849 0.07311602365 0.07700911882 0.08090221398 0.08471717254 0.08829801567 0.0898499567 0.09138682172 0.09288850939 0.09439019707 0.09589188475 0.09739357242 0.09639538417 0.09477222694 0.09276303113 0.08980425114 0.08739099268 0.08527332194 0.03321313444 0.0396804947 0.05482905436 0.0668782566 0.07317150932 0.07889354148 0.07904349241 0.07746905864 0.07528299098 0.07217947249 0.069075954 0.06597243551 0.06286891702 0.06208286677 0.06155431299 0.06102575921 0.06049720543 0.05920542782 0.05676881446 0.05532790099 0.05455078745 0.0537736739 0.05299656035 0.05222646706 0.05151955606 0.05078230318 0.04997425258 0.0492108508 0.04849209784 0.04777334487 0.04705459191 0.04633583894 
0.04161378973 0.04280078908 0.04398778842 0.04517478776 0.04636861699 0.04757269106 0.04877676514 0.05088878058 0.05338991375 0.05589104692 0.05816453157 0.06043801622 0.06271150086 0.06563282972 0.06952592488 0.07341902005 0.07731211521 0.08113575561 0.08494203232 0.08852287546 0.09007481648 0.09162675751 0.09315859719 0.09466028487 0.09616197254 0.09766366022 0.09666547197 0.09504231474 0.09271726918 0.08975848919 0.08681317284 0.0846955021 0.04152552816 0.04278416878 0.05751603087 0.06956523311 0.07585848583 0.07901002547 0.0791599764 0.07758554263 0.07601110885 0.07367213272 0.07056861423 0.06746509574 0.06436157725 0.063575527 0.06304697322 0.06251841944 0.06141744779 0.05898083443 0.05654422108 0.0551033076 0.05432619406 0.05354908051 0.05277196696 0.05206505596 0.05135814496 0.05062089208 0.04981284149 0.04900479089 0.04825031888 0.04753156591 0.04681281295 0.04609405998 
0.0416965352 0.04288353454 0.04407053388 0.04526265564 0.04646672972 0.04767080379 0.04887487786 0.0509868933 0.05348802647 0.05598915964 0.05846752796 0.06074101261 0.06301449726 0.06593582611 0.06982892128 0.07372201644 0.07755433869 0.08136061539 0.0851668921 0.08874773524 0.09029967626 0.09185161729 0.09340355831 0.09493037266 0.09643206034 0.09793374801 0.09693555977 0.09499655279 0.09267150723 0.08971272724 0.08641270563 0.08411768226 0.04983792189 0.05109656251 0.06020300739 0.07225220962 0.07854546234 0.07912650946 0.0792764604 0.07770202662 0.07612759284 0.07455315906 0.07206127446 0.06895775597 0.06585423748 0.06506818723 0.06453963345 0.06362946776 0.0611928544 0.05875624104 0.05631962769 0.05487871422 0.05410160067 0.05332448712 0.05261055587 0.05190364487 0.05119673387 0.05045948099 0.04965143039 0.0488433798 0.0480353292 0.04728978695 0.04657103398 0.04585228102 
0.04177928067 0.04296628001 0.0441566943 0.04536076837 0.04656484244 0.04776891651 0.04897299058 0.05108500602 0.0535861392 0.05608727237 0.05858840554 0.06104400901 0.06331749365 0.06623882251 0.07013191767 0.07397292176 0.07777919847 0.08158547518 0.08539175188 0.08897259502 0.09052453605 0.09207647707 0.0936284181 0.09518035912 0.09670214814 0.09820383581 0.09720564756 0.09495079083 0.09262574527 0.08966696528 0.08636694368 0.08353986242 0.05815031561 0.05940895623 0.0628899839 0.07493918613 0.07866194633 0.07924299345 0.07939294439 0.07781851061 0.07624407683 0.07466964306 0.07309520928 0.0704504162 0.06734689771 0.06656084746 0.06584148773 0.06340487437 0.06096826101 0.05853164766 0.0560950343 0.05465412083 0.05387700728 0.05315605577 0.05244914477 0.05174223377 0.05103532277 0.05029806989 0.0494900193 0.0486819687 0.04787391811 0.04706586751 0.04632925502 0.04561050206 
0.04186202613 0.04305073295 0.04425480702 0.04545888109 0.04666295516 0.04786702923 0.0490711033 0.05118311875 0.05368425192 0.05618538509 0.05868651826 0.06118765143 0.06362049005 0.0665418189 0.07039150484 0.07419778155 0.07800405825 0.08181033496 0.08561661167 0.08919745481 0.09074939583 0.09230133686 0.09385327788 0.0954052189 0.09695715993 0.09847392361 0.09723007444 0.09490502888 0.09257998332 0.08962120333 0.08632118173 0.08302116012 0.06646270934 0.06772134996 0.06897999058 0.07762616264 0.07877843032 0.07935947744 0.07950942838 0.0779349946 0.07636056082 0.07478612705 0.07321169327 0.07163725949 0.06883955795 0.0680535077 0.06561689434 0.06318028098 0.06074366762 0.05830705427 0.05587044091 0.05442952744 0.05370155567 0.05299464468 0.05228773368 0.05158082268 0.05087391168 0.0501366588 0.0493286082 0.04852055761 0.04771250701 0.04690445642 0.04609640582 0.0453687231 
0.0419447716 0.04314884567 0.04435291974 0.04555699381 0.04676106788 0.04796514196 0.04916921603 0.05128123147 0.05378236464 0.05628349781 0.05878463099 0.06128576416 0.06378689733 0.06681008792 0.07061636462 0.07442264133 0.07822891804 0.08203519474 0.08584147145 0.08942231459 0.09097425561 0.09252619664 0.09407813766 0.09563007869 0.09718201971 0.09873396074 0.09718431249 0.09485926693 0.09253422137 0.08957544138 0.08627541978 0.08297539817 0.07477510306 0.07603374368 0.0772923843 0.07831386719 0.07889491431 0.07947596143 0.07962591237 0.07805147859 0.07647704481 0.07490261104 0.07332817726 0.07175374348 0.07017930971 0.06782891431 0.06539230095 0.06295568759 0.06051907424 0.05808246088 0.05564584752 0.05424705558 0.05354014458 0.05283323358 0.05212632258 0.05141941158 0.05071250058 0.0499752477 0.04916719711 0.04835914651 0.04755109592 0.04674304532 0.04593499473 0.04512694414 
0.04195754718 0.04316026182 0.04436433589 0.04556840996 0.04677248403 0.0479765581 0.04918063218 0.05127511736 0.05377625053 0.0562773837 0.05877851687 0.06127965005 0.06378078322 0.0668039738 0.07061025051 0.07441652722 0.07822280393 0.08202908063 0.08583535734 0.08928055494 0.09083249597 0.09238443699 0.09393637801 0.09548831904 0.09704026006 0.09874647757 0.09732584706 0.0950008015 0.09267575594 0.08971697595 0.08641695434 0.08311693274 0.07282856963 0.07408721025 0.07534585087 0.07834787003 0.07892891715 0.07950996426 0.0796599152 0.07808548142 0.07651104765 0.07493661387 0.07336218009 0.07178774632 0.07002442315 0.06811630664 0.06567969328 0.06324307992 0.06080646657 0.05836985321 0.05593323985 0.05412004558 0.05341313458 0.05270622358 0.05199931258 0.05129240158 0.05058549058 0.0498482377 0.04904018711 0.04823213651 0.04742408592 0.04661603532 0.04580798473 0.04516300592 
0.04197032275 0.04317167797 0.04437575204 0.04557982611 0.04678390018 0.04798797425 0.04919204832 0.05127679447 0.05377013642 0.05627126959 0.05877240276 0.06127353593 0.06377466911 0.06679785969 0.0706041364 0.07441041311 0.07821668981 0.08202296652 0.08582924323 0.08913879529 0.09069073632 0.09224267734 0.09379461837 0.09534655939 0.09689850042 0.0988824156 0.09746738162 0.09514233606 0.0928172905 0.08985851051 0.08655848891 0.0832584673 0.0708820362 0.07214067682 0.07339931743 0.07847440063 0.07896291998 0.0795439671 0.07969391803 0.07811948426 0.07654505048 0.0749706167 0.07339618293 0.07182174915 0.06981556821 0.06840369897 0.06596708561 0.06353047226 0.0610938589 0.05865724554 0.05622063218 0.0542693038 0.05328612458 0.05257921358 0.05187230258 0.05116539158 0.05045848058 0.0497212277 0.04891317711 0.04810512651 0.04729707592 0.04648902532 0.04568097473 0.04519906771 
0.04198309833 0.04318415145 0.04438716819 0.04559124226 0.04679531633 0.0479993904 0.04920346447 0.05128821062 0.05376402231 0.05626515548 0.05876628865 0.06126742182 0.06376855499 0.06679174558 0.07059802229 0.07440429899 0.0782105757 0.08201685241 0.08568748358 0.08899703565 0.09054897667 0.09210091769 0.09365285872 0.09520479974 0.09684930666 0.09901835363 0.09760891619 0.09528387063 0.09295882507 0.09000004508 0.08670002347 0.08368434631 0.06893550276 0.07019414338 0.071452784 0.07871659096 0.07899692281 0.07957796993 0.07972792087 0.07815348709 0.07657905331 0.07500461954 0.07343018576 0.07172083099 0.06960671326 0.06819484402 0.06625447794 0.06381786459 0.06138125123 0.05894463787 0.05650802452 0.05455669613 0.05315911458 0.05245220358 0.05174529258 0.05103838158 0.05033147058 0.0495942177 0.0487861671 0.04797811651 0.04717006592 0.04636201532 0.04568079834 0.0452351295 
0.04199587391 0.04319692703 0.04439858434 0.04560265841 0.04680673248 0.04801080655 0.04921488062 0.05129962677 0.05376180381 0.05625904137 0.05876017454 0.06126130771 0.06376244088 0.06678563147 0.07059190818 0.07439818488 0.07820446159 0.0820107383 0.08554572393 0.088855276 0.09040721702 0.09195915805 0.09351109907 0.0950630401 0.09698524469 0.09915429166 0.0977479634 0.09542540519 0.09310035963 0.09014157964 0.08684155804 0.0841914666 0.06698896933 0.06824760995 0.07123561255 0.07895878128 0.07903092565 0.07961197276 0.0797619237 0.07818748993 0.07661305615 0.07503862237 0.07346418859 0.07151197605 0.06939785831 0.06798598907 0.06654187027 0.06410525692 0.06166864356 0.0592320302 0.05679541685 0.05484408846 0.05321628339 0.05232519358 0.05161828258 0.05091137158 0.05020446058 0.0494672077 0.0486591571 0.04785110651 0.04704305592 0.04623500532 0.04571686013 0.04527119129 
0.04200864949 0.0432097026 0.04441075572 0.04561407456 0.04681814863 0.0480222227 0.04922629677 0.05131104292 0.05377321996 0.05625292725 0.05875406043 0.0612551936 0.06375632677 0.06677951736 0.07058579406 0.07439207077 0.07819834748 0.0818991221 0.08540396428 0.08871351635 0.09026545737 0.0918173984 0.09336933942 0.09495213574 0.09712118272 0.09929022969 0.09788390143 0.09556693976 0.0932418942 0.09028311421 0.0869830926 0.08469858688 0.0650424359 0.06630107651 0.07147780287 0.0792009716 0.07906492848 0.0796459756 0.07979592654 0.07822149276 0.07664705898 0.0750726252 0.07341723883 0.0713031211 0.06918900336 0.06777713412 0.0664432925 0.06439264925 0.06195603589 0.05951942253 0.05708280918 0.05513148079 0.05350367572 0.05219818358 0.05149127258 0.05078436158 0.05007745058 0.0493401977 0.0485321471 0.04772409651 0.04691604591 0.04619859076 0.04575292192 0.04530725308 
0.04202142506 0.04322247818 0.0444235313 0.0456254907 0.04682956477 0.04803363885 0.04923771292 0.05132245907 0.0537846361 0.05624681314 0.05874794631 0.06124907949 0.06375021266 0.06677340324 0.07057967995 0.07438595666 0.07819223337 0.08175736245 0.08526220464 0.0885717567 0.09012369773 0.09167563875 0.09322757977 0.09508807377 0.09725712074 0.09942616772 0.09801983946 0.09570847432 0.09338342876 0.09042464877 0.08712462717 0.08520570716 0.06309590246 0.06435454308 0.07171999319 0.07944316192 0.07909893131 0.07967997843 0.07982992937 0.07825549559 0.07668106182 0.07510662804 0.07320838389 0.07109426615 0.06898014841 0.06756827918 0.06623443755 0.06468004158 0.06224342822 0.05980681487 0.05737020151 0.05541887312 0.05379106805 0.05216326298 0.05136426257 0.05065735157 0.04995044057 0.0492131877 0.0484051371 0.04759708651 0.04678903591 0.04623465255 0.04578898371 0.04534331487 
0.04203420064 0.04323525376 0.04443630688 0.04563735999 0.04684098092 0.04804505499 0.04924912907 0.05133387521 0.05379605225 0.05625822929 0.0587418322 0.06124296538 0.06374409855 0.06676728913 0.07057356584 0.07437984255 0.07811076062 0.08161560281 0.08512044499 0.08842999705 0.08998193808 0.0915338791 0.09308582013 0.0952240118 0.09739305877 0.09956210574 0.09815577749 0.09585000889 0.09352496333 0.09056618334 0.08738802364 0.08571282744 0.06114936903 0.06240800965 0.07196218351 0.07968535225 0.07934112164 0.07971398126 0.0798639322 0.07828949843 0.07671506465 0.07511364667 0.07299952894 0.0708854112 0.06877129347 0.06735942423 0.0660255826 0.06469174098 0.06253082055 0.0600942072 0.05765759384 0.05570626545 0.05407846038 0.05245065531 0.05123725257 0.05053034157 0.04982343057 0.0490861777 0.0482781271 0.04747007651 0.04671638318 0.04627071434 0.04582504549 0.04537937665 
0.04204697622 0.04324802933 0.04444908245 0.04565013557 0.04685239707 0.04805647114 0.04926054521 0.05134529136 0.0538074684 0.05626964544 0.05873571809 0.06123685126 0.06373798444 0.06676117502 0.07056745173 0.07437372844 0.07796900098 0.08147384316 0.08497868534 0.08828823741 0.08984017843 0.09139211945 0.09319090286 0.09535994983 0.0975289968 0.09969804377 0.09829171551 0.09599154345 0.09366649789 0.0907077179 0.08789514392 0.08621994772 0.0592028356 0.06046147621 0.07220437384 0.07992754257 0.07958331196 0.0797479841 0.07989793504 0.07832350126 0.07674906748 0.07490479173 0.07279067399 0.07067655625 0.06856243852 0.06715056928 0.06581672765 0.06448288603 0.06281821288 0.06038159953 0.05794498617 0.05599365779 0.05436585271 0.05273804764 0.05111024257 0.05040333157 0.04969642057 0.04895916769 0.0481511171 0.04734306651 0.04675244496 0.04630677612 0.04586110728 0.04541543844 
0.04205975179 0.04326080491 0.04446185803 0.04566291115 0.04686396427 0.04806788729 0.04927196136 0.05135670751 0.05381888455 0.05628106159 0.05874323863 0.06123073715 0.06373187032 0.06675506091 0.07056133762 0.07432239915 0.07782724133 0.08133208351 0.08483692569 0.08814647776 0.08969841878 0.09125035981 0.09332684089 0.09549588786 0.09766493483 0.0998339818 0.09842765354 0.09612748148 0.09380803246 0.09084925247 0.0884022642 0.08672706801 0.05725630216 0.06037941116 0.07244656416 0.08016973289 0.07982550228 0.07978198693 0.07993193787 0.07835750409 0.07678307032 0.07469593678 0.07258181904 0.07046770131 0.06835358357 0.06694171433 0.06560787271 0.06427403108 0.06294018946 0.06066899186 0.0582323785 0.05628105012 0.05465324505 0.05302543997 0.0513976349 0.05027632157 0.04956941057 0.04883215769 0.0480241071 0.04723417559 0.04678850675 0.04634283791 0.04589716907 0.04545150023 
0.04207252737 0.04327358049 0.04447463361 0.04567568673 0.04687673984 0.04807930344 0.04928337751 0.05136812366 0.0538303007 0.05629247774 0.05875465477 0.06122462304 0.06372575621 0.0667489468 0.07055522351 0.0741806395 0.07768548168 0.08119032386 0.08469516604 0.08800471811 0.08955665913 0.09129373194 0.09346277891 0.09563182589 0.09780087286 0.09996991983 0.09856359157 0.09626341951 0.09394956702 0.09099078703 0.08890938448 0.08723418829 0.05530976873 0.06062160149 0.07268875448 0.08041192321 0.0800676926 0.07981598977 0.0799659407 0.07839150693 0.07660119957 0.07448708183 0.07237296409 0.07025884636 0.06814472862 0.06673285938 0.06539901776 0.06406517613 0.06273133451 0.06095638419 0.05851977083 0.05656844245 0.05494063738 0.05331283231 0.05168502723 0.05014931157 0.04944240057 0.04870514769 0.0478970971 0.04727023738 0.04682456854 0.0463788997 0.04593323086 0.04548756202 
0.04208530295 0.04328635607 0.04448740918 0.0456884623 0.04688951542 0.04809071959 0.04929479366 0.05137953981 0.05384171685 0.05630389388 0.05876607092 0.06122824796 0.0637196421 0.06674283269 0.07053403767 0.07403887985 0.07754372203 0.08104856421 0.0845534064 0.08786295846 0.08941489949 0.09142966997 0.09359871694 0.09576776391 0.09793681088 0.1001058579 0.0986995296 0.09639935754 0.09409110159 0.0911323216 0.08941650477 0.08774130857 0.05336323529 0.06086379181 0.0729309448 0.08065411353 0.08030988292 0.07996565231 0.07999994354 0.07842550976 0.07639234462 0.07427822688 0.07216410915 0.07004999141 0.06793587367 0.06652400444 0.06519016281 0.06385632119 0.06252247956 0.06118863793 0.05880716316 0.05685583478 0.05522802971 0.05360022464 0.05197241957 0.0503446145 0.04931539057 0.04857813769 0.0477700871 0.04730629917 0.04686063033 0.04641496149 0.04596929265 0.04552362381 
0.04209807852 0.04329913164 0.04450018476 0.04570123788 0.046902291 0.04810334412 0.04930620981 0.05139095596 0.05385313299 0.05631531003 0.05877748707 0.06123966411 0.06371352799 0.06673671857 0.07039227802 0.0738971202 0.07740196238 0.08090680457 0.08441164675 0.08772119881 0.08939656103 0.091565608 0.09373465497 0.09590370194 0.09807274891 0.1002417959 0.09883546763 0.09653529556 0.09423263615 0.09159882124 0.08992362505 0.08824842885 0.05141670186 0.06110598213 0.07317313512 0.08089630386 0.08055207325 0.08020784264 0.08003394637 0.07829760741 0.07618348967 0.07406937193 0.0719552542 0.06984113646 0.06772701872 0.06631514949 0.06498130786 0.06364746624 0.06231362461 0.06097978299 0.05909455549 0.05714322711 0.05551542204 0.05388761697 0.0522598119 0.05063200683 0.04918838057 0.04845112769 0.0477880298 0.04734236096 0.04689669212 0.04645102328 0.04600535444 0.0455596856 
0.0421108541 0.04331190722 0.04451296034 0.04571401346 0.04691506658 0.04811611969 0.04931762596 0.0514023721 0.05386454914 0.05632672618 0.05878890322 0.06125108026 0.0637132573 0.06673060446 0.07025051837 0.07375536055 0.07726020274 0.08076504492 0.0842698871 0.08757943917 0.08953249906 0.09170154603 0.093870593 0.09603963997 0.09820868694 0.1003777339 0.09897140566 0.09667123359 0.09437106153 0.09210594152 0.09043074533 0.08875554913 0.04947016843 0.06134817245 0.07341532545 0.08113849418 0.08079426357 0.08045003296 0.0800679492 0.07808875246 0.07597463472 0.07386051699 0.07174639925 0.06963228151 0.06751816378 0.06610629454 0.06477245291 0.06343861129 0.06210476966 0.06077092804 0.05938194783 0.05743061944 0.05580281437 0.0541750093 0.05254720423 0.05091939916 0.04929159409 0.04832411769 0.04782409159 0.04737842275 0.04693275391 0.04648708507 0.04604141623 0.04559574739 
0.04212362968 0.0433246828 0.04452573592 0.04572678903 0.04692784215 0.04812889527 0.04932994839 0.05141378825 0.05387596529 0.05633814233 0.05880031937 0.06126249641 0.06372467344 0.06660391654 0.07010875872 0.07361360091 0.07711844309 0.08062328527 0.08412812745 0.08749939011 0.08966843708 0.09183748406 0.09400653103 0.096175578 0.09834462497 0.1005136719 0.09910734368 0.09680717162 0.09450699956 0.09261306181 0.09093786561 0.08926266942 0.04952320978 0.06159036278 0.07365751577 0.0813806845 0.08103645389 0.08069222328 0.07999401525 0.07787989751 0.07576577977 0.07365166204 0.0715375443 0.06942342656 0.06730930883 0.06589743959 0.06456359797 0.06322975634 0.06189591472 0.06056207309 0.05922823146 0.05771801177 0.0560902067 0.05446240163 0.05283459656 0.05120679149 0.04957898642 0.04830582222 0.04786015338 0.04741448454 0.04696881569 0.04652314685 0.04607747801 0.04563180917 
0.04210432775 0.04334855926 0.04454961238 0.0457506655 0.04695171862 0.04815277173 0.04935382485 0.05143766472 0.05389984175 0.05636201879 0.05882419583 0.06128637287 0.06374854991 0.06654775716 0.0700549355 0.07355977768 0.07706461986 0.08056946204 0.08407430423 0.08744556689 0.08961461386 0.09178366083 0.0939527078 0.09612175477 0.09829080174 0.1003418619 0.09919900532 0.09689883326 0.0945986612 0.09270472345 0.09102952725 0.08935433106 0.04894171769 0.06068139819 0.07274855118 0.08047171991 0.0801274893 0.07978325869 0.0799690557 0.07785493796 0.07574082022 0.07362670249 0.07151258475 0.06939846701 0.0670866386 0.0656182806 0.06428443897 0.06295059734 0.06161675572 0.06028291409 0.05896843446 0.05761311075 0.05598530568 0.05435750061 0.05272969554 0.05110189046 0.04947408539 0.04832270706 0.04785557935 0.04740991051 0.04696424167 0.04651857283 0.04607290399 0.04562723515 
0.04208502582 0.04337243572 0.04457348884 0.04577454196 0.04697559508 0.0481766482 0.04937770132 0.05146154118 0.05392371822 0.05638589526 0.0588480723 0.06131024933 0.06370660964 0.06647290852 0.07000111227 0.07350595445 0.07701079664 0.08051563882 0.084020481 0.08739174366 0.08956079063 0.0917298376 0.09389888457 0.09606793155 0.09823697852 0.1000756625 0.09929066696 0.0969904949 0.09469032283 0.09279638509 0.09112118889 0.0894459927 0.05182207771 0.0597724336 0.07183958659 0.07956275532 0.07921852471 0.0788742941 0.07994409615 0.07782997841 0.07571586067 0.07360174294 0.0714876252 0.06937350746 0.0668074796 0.0653391216 0.06400527997 0.06267143835 0.06133759672 0.0600037551 0.05886353344 0.05750820972 0.05588040465 0.05425259958 0.05262479451 0.05099698944 0.04944238597 0.04838250965 0.04785100533 0.04740533649 0.04695966765 0.04651399881 0.04606832997 0.04562266113 
0.04206572389 0.04336272899 0.04459736531 0.04579841843 0.04699947154 0.04820052466 0.04940157778 0.05148541764 0.05394759468 0.05640977172 0.05887194876 0.0613341258 0.06363176099 0.06639805987 0.06994728904 0.07345213123 0.07695697341 0.08046181559 0.08396665777 0.08733792043 0.08950696741 0.09167601438 0.09384506135 0.09601410832 0.09811236322 0.09980946304 0.0993823286 0.09708215654 0.09478198447 0.09288804672 0.09121285053 0.08933089444 0.05470243773 0.05886346901 0.070930622 0.07865379073 0.07830956012 0.07796532951 0.07991913659 0.07780501886 0.07569090112 0.07357678339 0.07146266565 0.069207326 0.06652832061 0.0650599626 0.06372612098 0.06239227935 0.06105843773 0.0597245961 0.05875863242 0.0574033087 0.05577550363 0.05414769856 0.05251989349 0.05089208842 0.04950218856 0.04844231223 0.04785358426 0.04740076247 0.04695509363 0.04650942478 0.04606375594 0.0456180871 
0.04204642197 0.04334342707 0.04462124177 0.04582229489 0.04702334801 0.04822440113 0.04942545424 0.05150929411 0.05397147115 0.05643364818 0.05889582522 0.06131412444 0.06355691235 0.06632321123 0.06987477656 0.073398308 0.07690315018 0.08040799237 0.08391283455 0.08728409721 0.08945314418 0.09162219115 0.09379123812 0.09596028509 0.09784616377 0.09954326359 0.09931494087 0.09717381818 0.09487364611 0.09297970836 0.09130451217 0.08915672194 0.05758279775 0.05795450442 0.07002165741 0.07774482614 0.07740059553 0.07744925605 0.07989417704 0.07778005931 0.07566594157 0.07355182384 0.0714377061 0.068928167 0.06624916161 0.06478080361 0.06344696198 0.06211312036 0.06077927873 0.05960033308 0.0586537314 0.05729840768 0.05567060261 0.05404279754 0.05241499247 0.0508237882 0.04956199115 0.04850211482 0.04791338685 0.04739618844 0.0469505196 0.04650485076 0.04605918192 0.04561351308 
0.04202712004 0.04332412514 0.04462113024 0.04584617135 0.04704722447 0.04824827759 0.04944933071 0.05153317057 0.05399534761 0.05645752465 0.05891970169 0.0612392758 0.06348206371 0.06624836259 0.06979992792 0.07334448477 0.07684932696 0.08035416914 0.08385901132 0.08723027398 0.08939932095 0.09156836792 0.0937374149 0.09588286451 0.09757996433 0.09927706415 0.09904874143 0.09726547982 0.09496530775 0.09307137 0.09139617381 0.08898254943 0.06046315777 0.05704553983 0.06911269282 0.07683586156 0.07649163095 0.0774242965 0.07986921749 0.07775509976 0.07564098202 0.07352686428 0.0713280134 0.06864900801 0.06597000261 0.06450164461 0.06316780299 0.06183396136 0.06050011973 0.05949543206 0.05854883037 0.05719350666 0.05556570158 0.05393789651 0.05231009144 0.05088359078 0.04962179373 0.0485619174 0.04797318943 0.04739161442 0.04694594558 0.04650027674 0.0460546079 0.04560893906 
0.04200781811 0.04330482321 0.04460182831 0.04587004782 0.04707110094 0.04827215405 0.04947320717 0.05155704704 0.05401922407 0.05648140111 0.05892163924 0.06116442715 0.06340721507 0.06617351395 0.06972507928 0.0732766446 0.07679550373 0.08030034591 0.08380518809 0.08717645076 0.08934549773 0.0915145447 0.09368359167 0.09561666507 0.09731376489 0.0990108647 0.09878254198 0.09735714146 0.09505696939 0.09316303164 0.09148783545 0.08880837693 0.0633435178 0.05669795666 0.06820372823 0.07592689697 0.07558266636 0.07739933695 0.07984425794 0.07773014021 0.07561602247 0.07350190473 0.0710488544 0.06836984901 0.06569084362 0.06422248561 0.06288864399 0.06155480236 0.06033713272 0.05939053103 0.05844392935 0.05708860563 0.05546080056 0.05383299549 0.05220519042 0.05094339337 0.04968159632 0.04862171999 0.04803299202 0.04744426405 0.04694137156 0.04649570272 0.04605003387 0.04560436503 
0.04198851618 0.04328552128 0.04458252638 0.04587953148 0.0470949774 0.04829603052 0.04949708364 0.0515809235 0.05404310054 0.05650527758 0.0588467906 0.06108957851 0.06333236643 0.06609866531 0.06965023063 0.07320179596 0.0767416805 0.08024652269 0.08375136487 0.08712262753 0.0892916745 0.09146072147 0.09362976844 0.09535046562 0.09704756544 0.09874466526 0.09851634254 0.09744880309 0.09514863103 0.09325469328 0.09149088571 0.08863420442 0.06622387782 0.05957831669 0.06729476364 0.07501793238 0.07467370177 0.0773743774 0.07981929839 0.07770518066 0.07559106292 0.0734487008 0.07076969541 0.06809069001 0.06541168462 0.06394332662 0.06260948499 0.06127564337 0.0602322317 0.05928563001 0.05833902833 0.05698370461 0.05535589954 0.05372809447 0.052264993 0.05100319595 0.0497413989 0.04868152257 0.0480927946 0.04750406663 0.04693679753 0.04649112869 0.04604545985 0.04559979101 
0.04196921425 0.04326621935 0.04456322446 0.04586022956 0.04711885386 0.04831990698 0.0495209601 0.05160479996 0.054066977 0.05652915404 0.05877194196 0.06101472987 0.06325751778 0.06602381666 0.06957538199 0.07312694732 0.07667851265 0.08019269946 0.08369754164 0.0870688043 0.08923785127 0.09140689825 0.09338716636 0.09508426618 0.096781366 0.09847846582 0.09825014309 0.09754046473 0.09524029267 0.09334635492 0.0913167132 0.08846003192 0.06910423784 0.06245867671 0.06638579906 0.07410896779 0.07376473718 0.07734941785 0.07979433884 0.07768022111 0.07556610337 0.0731695418 0.07049053641 0.06781153102 0.06513252562 0.06366416762 0.062330326 0.06107393236 0.06012733067 0.05918072899 0.0582341273 0.05687880359 0.05525099851 0.05362319344 0.05232479559 0.05106299854 0.04980120149 0.04874132516 0.04815259719 0.04756386922 0.04697514125 0.04648655467 0.04604088583 0.04559521699 
0.04194991233 0.04324691743 0.04454392253 0.04584092763 0.04713793273 0.04834378345 0.04954483656 0.05162867643 0.05409085347 0.0564543054 0.05869709331 0.06093988123 0.06318266914 0.06594896802 0.06950053335 0.07305209868 0.07660366401 0.08013887623 0.08364371842 0.08701498108 0.08918402805 0.09135307502 0.09312096691 0.09481806673 0.09651516655 0.09821226637 0.09798394365 0.09727426529 0.09533195431 0.09343801656 0.09114254069 0.08828585941 0.07198459786 0.06533903673 0.06547683447 0.0732000032 0.07373977763 0.0773244583 0.07976937929 0.07765526155 0.07554114382 0.07289038281 0.07021137742 0.06753237202 0.06485336663 0.06338500863 0.062051167 0.06096903134 0.06002242965 0.05907582796 0.05812922628 0.05677390256 0.05514609749 0.05364639523 0.05238459818 0.05112280112 0.04986100407 0.04880112775 0.04821239977 0.0476236718 0.04703494383 0.04648198065 0.04603631181 0.04559064296 
0.0419306104 0.0432276155 0.0445246206 0.0458216257 0.0471186308 0.04836765991 0.04956871303 0.05165255289 0.05411472993 0.05637945676 0.05862224467 0.06086503259 0.0631078205 0.06587411938 0.06942568471 0.07297725004 0.07652881537 0.08008038069 0.08358989519 0.08696115785 0.08913020482 0.09115766765 0.09285476747 0.09455186729 0.09624896711 0.09794606693 0.0977177442 0.09700806585 0.09542361595 0.0935296782 0.09096836819 0.0881116869 0.07486495788 0.06821939675 0.06456786988 0.07229103861 0.07371481808 0.07729949875 0.07974441974 0.077630302 0.07529022921 0.07261122381 0.06993221842 0.06725321303 0.06457420763 0.06310584963 0.061810732 0.06086413031 0.05991752863 0.05897092694 0.05802432526 0.05666900154 0.05504119647 0.05370619781 0.05244440076 0.05118260371 0.04992080666 0.04886093033 0.04827220236 0.04768347439 0.04709474642 0.04650601845 0.04603173778 0.04558606894 
0.04191130847 0.04320831357 0.04450531867 0.04580232377 0.04709932887 0.04839153637 0.04959258949 0.05167642935 0.0540618202 0.05630460811 0.05854739603 0.06079018394 0.06303297186 0.06579927074 0.06935083607 0.0729024014 0.07645396672 0.08000553205 0.08353607196 0.08690733463 0.0890763816 0.0908914682 0.09258856802 0.09428566784 0.09598276766 0.09767986748 0.09745154476 0.0967418664 0.09551527759 0.09362133984 0.09079419568 0.0879375144 0.0777453179 0.07109975677 0.06445419564 0.07138207402 0.07368985853 0.0772745392 0.07971946019 0.07760534245 0.07501107021 0.07233206482 0.06965305942 0.06697405403 0.06429504864 0.06282669063 0.06170583098 0.06075922929 0.0598126276 0.05886602592 0.05791942423 0.05656410052 0.05502779745 0.0537660004 0.05250420335 0.05124240629 0.04998060924 0.04892073292 0.04833200495 0.04774327697 0.047154549 0.04656582103 0.04602716376 0.04558149492 
0.04189200654 0.04318901164 0.04448601674 0.04578302184 0.04708002694 0.04837703204 0.04961646596 0.05170030582 0.05398697156 0.05622975947 0.05847254739 0.0607153353 0.06295812322 0.0657244221 0.06927598743 0.07282755275 0.07637911808 0.07993068341 0.08348224874 0.0868535114 0.08892816894 0.09062526876 0.09232236858 0.0940194684 0.09571656822 0.09741366804 0.09718534532 0.09647566696 0.09560693923 0.09347670446 0.09062002318 0.08776334189 0.08062567792 0.07398011679 0.06733455566 0.07047310943 0.07366489898 0.07724957965 0.07969450064 0.07741091661 0.07473191121 0.07205290582 0.06937390043 0.06669489503 0.06401588964 0.06254753164 0.06160092995 0.06065432827 0.05970772658 0.05876112489 0.05781452321 0.05645919949 0.05508760003 0.05382580298 0.05256400593 0.05130220888 0.05004041183 0.0489805355 0.04839180753 0.04780307956 0.04721435159 0.04662562362 0.04603689565 0.0455769209 
0.04187270461 0.04316970971 0.04446671481 0.04576371992 0.04706072502 0.04835773012 0.04964034242 0.051669335 0.05391212292 0.05615491083 0.05839769875 0.06064048666 0.06288327458 0.06564957346 0.06920113878 0.07275270411 0.07630426944 0.07985583477 0.0834074001 0.08679968817 0.0886619695 0.09035906932 0.09205616914 0.09375326896 0.09545036878 0.09714746859 0.09691914587 0.09620946751 0.09549978915 0.09330253195 0.09044585067 0.08758916939 0.08350603794 0.07686047681 0.07021491568 0.07005525875 0.07363993943 0.0772246201 0.07966954109 0.07713175761 0.07445275222 0.07177374682 0.06909474143 0.06641573604 0.06373673064 0.06244263061 0.06149602893 0.06054942724 0.05960282556 0.05865622387 0.05770962219 0.05640919967 0.05514740262 0.05388560557 0.05262380852 0.05136201147 0.05010021441 0.04904033809 0.04845161012 0.04786288215 0.04727415418 0.0466854262 0.04609669823 0.04557234687 
0.04185340268 0.04315040779 0.04444741289 0.04574441799 0.04704142309 0.04833842819 0.04963543329 0.05159448636 0.05383727427 0.05608006219 0.0583228501 0.06056563802 0.06280842593 0.06557472481 0.06912629014 0.07267785547 0.0762294208 0.07978098613 0.08333255145 0.08669867023 0.08839577005 0.09009286987 0.09178996969 0.09348706951 0.09518416933 0.09688126915 0.09665294643 0.09594326807 0.09523358971 0.09312835945 0.09027167816 0.08741499688 0.08638639796 0.07974083683 0.0730952757 0.0700302992 0.07361497987 0.07719966055 0.07953160401 0.07685259861 0.07417359322 0.07149458783 0.06881558243 0.06613657704 0.06345757165 0.06233772959 0.06139112791 0.06044452622 0.05949792453 0.05855132285 0.05760472116 0.05646900226 0.05520720521 0.05394540815 0.0526836111 0.05142181405 0.050160017 0.04910014067 0.0485114127 0.04792268473 0.04733395676 0.04674522879 0.04615650082 0.04556777285 
