20.50238559 20.42086748 20.33934937 20.25783126 20.17631314 20.09479503 20.01327692 20.01164405 20.04424771 20.07685137 20.10945503 20.14205868 20.17466234 20.34529209 20.72296096 21.10062983 21.47829871 21.85596758 22.23363645 22.54453533 22.25450423 21.96447313 21.67444204 21.38441094 21.09437984 20.80434874 21.21750544 21.80645908 22.39541272 22.49454752 22.32993372 22.16531992 23.80672369 24.01599615 24.22526862 24.10545861 23.37449543 22.64353225 22.11037658 22.36845095 22.62652531 22.88459968 23.14267404 23.40074841 23.65882277 23.79941764 23.92695923 24.05450082 24.18204241 24.309584 24.4371256 24.46599794 24.4290908 24.39218365 24.35527651 24.31836936 24.28146222 24.22728098 24.13279351 24.03830605 23.94381858 23.84933112 23.75484366 23.66035619 
23.61475444 22.87572493 22.79420682 22.71268871 22.6311706 22.54965249 22.46813438 22.46650151 22.49910517 22.53170883 22.56431248 22.59691614 22.55840342 22.45386647 22.66536792 23.04303679 23.42070567 23.79837454 24.17604341 24.49861104 24.30192996 24.01189886 23.72186777 23.43183667 23.14180557 22.85177447 23.26493117 23.85388481 24.36324696 24.30440996 24.13979616 23.97518236 25.53904364 25.74831611 25.95758857 26.10899141 25.38537552 24.65441234 24.12125667 24.37933104 24.6374054 24.89547977 25.15355413 25.41162849 25.52984311 25.74910693 25.87664852 26.00419011 26.1317317 26.25927329 26.38681488 26.41568723 26.37878009 26.34187294 26.3049658 26.26805865 26.27220444 26.4103409 26.41311832 26.31863086 26.22414339 26.12965593 26.03516846 25.940681 
26.72712329 25.91503696 25.24906428 25.16754617 25.08602806 25.00450995 24.92299184 24.92135897 24.95396263 24.98656628 25.01916994 25.00436268 24.79991175 24.6953748 24.74070882 24.98544375 25.36311263 25.7407815 26.11845037 26.441018 26.26767443 26.05932459 25.7692935 25.4792624 25.1892313 24.8992002 25.3123569 25.90131054 26.05251098 26.04727328 25.9496586 25.7850448 27.2713636 27.48063606 27.78689513 28.08680871 27.3962556 26.66529243 26.13213676 26.39021112 26.64828549 26.90635985 27.16443422 27.3001313 27.38338098 27.6026448 27.82633781 27.9538794 28.08142099 28.20896258 28.33650417 28.36537652 28.32846938 28.29156223 28.25465509 28.23827441 28.40663191 28.54476838 28.61238906 28.59895567 28.5044682 28.40998074 28.31549327 28.22100581 
29.83949214 29.02740582 28.21531949 27.62240363 27.54088552 27.45936741 27.3778493 27.37621643 27.40882008 27.44142374 27.45032194 27.24587101 27.04142007 26.93688312 26.98221714 27.02755117 27.30551959 27.68318846 28.06085733 28.38342496 28.21008139 28.03673781 27.81671923 27.52668813 27.23665703 26.94662593 27.35978263 27.94873627 27.74177501 27.7365373 27.75952104 27.59490724 29.00368355 29.21295602 29.76471244 30.06462602 29.40713569 28.67617251 28.14301684 28.40109121 28.65916557 28.91723994 29.07041949 29.15366917 29.23691885 29.45618267 29.69055917 29.90356869 30.03111028 30.15865187 30.28619346 30.31506581 30.27815867 30.24125152 30.20434438 30.37270188 30.54105939 30.67919585 30.74681653 30.81443722 30.78479301 30.69030555 30.59581808 30.50133062 
32.95186099 32.13977467 31.32768834 30.51560202 29.99574298 29.91422487 29.83270676 29.83107388 29.86367754 29.8962812 29.69183027 29.48737933 29.2829284 29.17839145 29.22372547 29.26905949 29.31439352 29.62559542 30.00326429 30.32583192 30.15248835 29.97914477 29.8058012 29.57411386 29.28408276 28.99405166 29.40720836 29.63800029 29.43103903 29.42580133 29.529184 29.40476967 30.73600351 30.94527597 31.74252974 32.04244332 31.38495299 30.6870526 30.15389693 30.41197129 30.67004566 30.84070768 30.92395736 31.00720704 31.09045672 31.30972054 31.54409704 31.77847354 31.98079957 32.10834116 32.23588275 32.2647551 32.22784795 32.19094081 32.33877185 32.50712936 32.67548687 32.81362333 32.88124401 32.94886469 33.01648538 32.97063036 32.87614289 32.78165543 
36.06422985 35.25214352 34.4400572 33.62797087 32.81588454 32.36908233 32.28756422 32.28593134 32.318535 32.13778953 31.93333859 31.72888766 31.52443672 31.41989977 31.46523379 31.51056782 31.55590184 31.60123586 31.94567125 32.26823888 32.09489531 31.92155173 31.74820816 31.57486458 31.33150849 31.04147739 31.45463409 31.32726432 31.12030305 31.11506535 31.21844803 31.21463211 32.46832346 32.90490829 33.72034705 34.02026063 33.3627703 32.69793268 32.16477701 32.42285138 32.61099587 32.69424555 32.77749523 32.86074491 32.94399459 33.16325841 33.39763491 33.63201141 33.86638791 34.05803045 34.18557204 34.21444439 34.17753724 34.30484182 34.47319933 34.64155684 34.80991434 34.9480508 35.01567149 35.08329217 35.15091285 35.21853353 35.1564677 35.06198023 
39.1765987 38.36451237 37.55242605 36.74033972 35.9282534 35.11616707 34.74242167 34.7407888 34.58374878 34.37929785 34.17484692 33.97039598 33.76594505 33.6614081 33.70674212 33.75207614 33.79741017 33.84274419 33.88807821 34.21064584 34.03730227 33.86395869 33.69061512 33.51727154 33.34392797 33.08890312 33.2234896 33.01652834 32.80956708 32.80432937 32.90771205 33.01109472 34.20064342 34.88272559 35.69816435 35.99807793 35.3405876 34.68309727 34.1756571 34.38128406 34.46453374 34.54778342 34.6310331 34.71428278 34.79753246 35.01679628 35.25117278 35.48554928 35.71992578 35.95430228 36.13526133 36.16413368 36.27091179 36.4392693 36.6076268 36.77598431 36.94434182 37.08247828 37.15009896 37.21771965 37.28534033 37.35296101 37.42058169 37.34230504 
42.28896755 41.47688122 40.6647949 39.85270857 39.04062225 38.22853592 37.4164496 37.02970804 36.82525711 36.62080618 36.41635524 36.21190431 36.00745337 35.90291642 35.94825044 35.99358447 36.03891849 36.08425251 36.12958654 36.1530528 35.97970923 35.80636565 35.63302208 35.4596785 35.28633493 35.11299135 34.91275362 34.70579236 34.4988311 34.4935934 34.59697607 34.70035875 36.04510414 36.8605429 37.67598166 37.97589524 37.31840491 36.66091458 36.15157225 36.23482193 36.31807161 36.40132129 36.48457097 36.56782065 36.65107033 36.87033415 37.10471065 37.33908715 37.57346365 37.80784015 38.04221665 38.23698176 38.40533927 38.57369677 38.74205428 38.91041179 39.0787693 39.21690576 39.28452644 39.35214712 39.4197678 39.48738849 39.55500917 39.62262985 
44.00093117 43.18884484 42.37675852 41.56467219 40.75258587 39.94049954 38.98464046 37.78142488 37.57697395 37.37252301 37.16807208 36.96362115 36.75917021 36.46501479 36.48664651 36.53198053 36.57731455 36.62264858 36.6679826 36.69144886 36.51810529 36.34476171 36.17141814 35.99807456 35.82473099 35.63906519 35.29946173 35.09250047 34.8855392 34.8803015 34.98368418 35.08706685 36.24141767 37.05685643 37.87229519 38.21643562 37.55894529 36.90145496 36.61804679 36.84607537 36.92932505 37.01257473 37.09582441 37.17907409 37.26232378 37.48158759 37.71596409 37.95034059 38.18471709 38.41909359 38.67993857 39.17917254 39.34753005 39.51588755 39.68424506 39.85260257 40.02096008 40.15909654 40.22671722 40.2943379 40.36195858 40.42957927 40.49719995 40.75575318 
45.71289479 44.90080846 44.08872214 43.27663581 42.46454949 41.65246316 40.26528583 38.76822107 38.32869079 38.12423985 37.91978892 37.71533798 37.51088705 37.21673163 37.02504257 37.07037659 37.11571062 37.16104464 37.20637866 37.22984493 37.05650135 36.88315778 36.7098142 36.53647063 36.36312705 36.15528125 35.68616983 35.47920857 35.27224731 35.2670096 35.37039228 35.47377495 36.43773121 37.25316997 38.06860873 38.456976 37.79948568 37.14199535 36.96869821 37.45732881 37.54057849 37.62382817 37.70707785 37.79032753 37.87357722 38.09284103 38.32721753 38.56159403 38.79597053 39.03034703 39.52940825 40.05954925 40.28972082 40.45807833 40.62643584 40.79479335 40.96315086 41.10128732 41.168908 41.23652868 41.30414936 41.37177005 41.43939073 41.8888765 
47.42485841 46.61277208 45.80068576 44.98859943 44.1765131 43.31650253 41.5459312 40.04886644 39.08040763 38.87595669 38.67150576 38.46705482 38.26260389 37.96844847 37.56343863 37.60877266 37.65410668 37.6994407 37.74477473 37.76824099 37.59489741 37.42155384 37.24821026 37.07486669 36.89412978 36.67149731 36.07287793 35.86591667 35.65895541 35.65371771 35.75710038 36.00374405 36.63404474 37.4494835 38.26492226 38.69751639 38.04002606 37.38253573 37.31934963 37.98171491 38.15183193 38.23508161 38.31833129 38.40158098 38.48483066 38.70409447 38.93847097 39.17284747 39.40722397 39.64160047 40.37887794 40.90901894 41.2319116 41.40026911 41.56862662 41.73698413 41.90534164 42.0434781 42.11109878 42.17871946 42.24634014 42.31396083 42.5300846 43.02199983 
49.13682203 48.3247357 47.51264937 46.70056305 45.88847672 44.5971479 42.82657657 41.3295118 39.94966414 39.62767353 39.4232226 39.21877166 39.01432073 38.72016531 38.29145316 38.14716872 38.19250274 38.23783677 38.28317079 38.30663705 38.13329348 37.9599499 37.78660633 37.61326275 37.41034584 37.18771338 36.51714513 36.25262477 36.04566351 36.04042581 36.14380848 36.57464486 36.83035828 37.64579704 38.49618047 38.93805677 38.28056644 37.67201435 37.67000105 38.33236633 38.76308537 38.84633505 38.92958474 39.01283442 39.0960841 39.31534792 39.54972442 39.78410092 40.01847742 40.46460169 41.22834762 41.75848862 42.13289301 42.34245989 42.5108174 42.67917491 42.84753242 42.98566888 43.05328956 43.12091024 43.18853092 43.25615161 43.66320792 44.15512315 
50.84878564 50.03669932 49.22461299 48.41252667 47.60044034 45.87779326 44.10722194 42.61015717 41.23030951 40.37939037 40.17493944 39.9704885 39.76603757 39.47188215 39.04317 38.68556478 38.7308988 38.77623283 38.82156685 38.84503312 38.67168954 38.49834596 38.32500239 38.14919437 37.9265619 37.70392944 37.03336119 36.63933288 36.43237161 36.42713391 36.53051658 37.14554567 37.02667181 37.84211057 38.73672085 39.17859716 38.52110683 38.02266577 38.02065247 38.68301775 39.34538303 39.4575885 39.54083818 39.62408786 39.70733754 39.92660136 40.16097786 40.39535436 40.62973086 41.31407137 42.07781731 42.60795831 42.98236269 43.28465067 43.45300818 43.62136569 43.78972319 43.92785965 43.99548034 44.06310102 44.1307217 44.30441602 44.79633125 45.28824648 
52.56074926 51.74866294 50.93657661 50.12449029 48.92900996 47.15843863 45.3878673 43.89080254 42.51095487 41.13110721 40.92665627 40.72220534 40.5177544 40.22359899 39.79488684 39.36617469 39.26929487 39.31462889 39.35996291 39.38342918 39.2100856 39.03674203 38.86339845 38.66541043 38.44277797 38.2201455 37.54957725 37.02604098 36.81907972 36.81384201 36.91722469 37.71644647 37.22298534 38.03842411 38.97726124 39.41913754 38.76164721 38.37331719 38.37130389 39.03366917 39.69603445 40.06884194 40.15209162 40.2353413 40.31859098 40.5378548 40.7722313 41.0066078 41.39979513 42.16354106 42.92728699 43.457428 43.83183238 44.20623676 44.39519896 44.56355647 44.73191397 44.87005043 44.93767112 45.0052918 45.07291248 45.43753935 45.92945458 46.4213698 
54.27271288 53.46062656 52.64854023 51.8364539 50.20965533 48.439084 46.66851267 45.17144791 43.79160024 42.41175258 41.67837311 41.47392218 41.26947124 40.97531582 40.54660368 40.11789153 39.80769093 39.85302495 39.89835898 39.92182524 39.74848167 39.57513809 39.40179451 39.18162649 38.95899403 38.73636156 38.06579332 37.41274908 37.20578782 37.20055011 37.36533036 38.28734728 37.41929888 38.23473764 39.21780162 39.65967792 39.0021876 38.72396861 38.72195531 39.38432059 40.04668587 40.68009538 40.76334506 40.84659474 40.92984442 41.14910824 41.38348474 41.61786124 42.24926481 43.01301074 43.77675668 44.30689768 44.68130206 45.05570645 45.33738974 45.50574725 45.67410475 45.81224121 45.8798619 45.94748258 46.07874744 46.57066267 47.0625779 47.55449313 
55.9846765 55.17259017 54.36050385 53.26087202 51.49030069 49.71972937 47.94915804 46.45209327 45.07224561 43.69239794 42.43008995 42.22563902 42.02118808 41.72703266 41.29832052 40.86960837 40.44089623 40.39142102 40.43675504 40.4602213 40.28687773 40.11353415 39.92047502 39.69784256 39.47521009 39.25257763 38.58200938 37.79945718 37.59249592 37.58725822 37.93623117 38.85824809 37.61561241 38.43105117 39.458342 39.90021831 39.24272798 39.07462003 39.07260672 39.73497201 40.39733729 41.05970258 41.3745985 41.45784818 41.54109786 41.76036168 41.99473818 42.33498856 43.0987345 43.86248043 44.62622636 45.15636737 45.53077175 45.90517613 46.27958052 46.44793803 46.61629553 46.75443199 46.82205268 46.88967336 47.21187077 47.703786 48.19570123 48.68761645 
57.69664012 56.88455379 56.07246747 54.54151739 52.77094606 51.00037473 49.22980341 47.73273864 46.35289098 44.97304331 43.59319565 42.97735586 42.77290492 42.4787495 42.05003736 41.62132521 41.19261307 40.92981708 40.9751511 40.99861737 40.82527379 40.65193022 40.43669108 40.21405862 39.99142615 39.76879369 39.09822544 38.31567324 37.97920402 37.97396632 38.50713198 39.4291489 37.81192595 38.66503943 39.69888239 40.14075869 39.5933794 39.42527145 39.42325814 40.08562343 40.74798871 41.41035399 41.98585194 42.06910162 42.1523513 42.37161512 42.60599162 43.18445825 43.94820418 44.71195012 45.47569605 46.00583705 46.38024144 46.75464582 47.1290502 47.3901288 47.55848631 47.69662277 47.76424346 47.85307887 48.34499409 48.83690932 49.32882455 49.82073978 
59.40860374 58.59651741 57.59273409 55.82216276 54.05159143 52.2810201 50.51044877 49.01338401 47.63353634 46.25368868 44.87384101 43.72907269 43.52462176 43.23046634 42.8017542 42.37304205 41.9443299 41.51561776 41.51354717 41.53701343 41.36366985 41.17553961 40.95290715 40.73027468 40.50764222 40.28500975 39.6144415 38.83188931 38.36591213 38.36067442 39.07803278 40.00004971 38.00823948 38.90557982 39.93942277 40.38129908 39.94403082 39.77592287 39.77390956 40.43627485 41.09864013 41.76100541 42.4233707 42.68035506 42.76360474 42.98286856 43.270182 44.03392793 44.79767387 45.5614198 46.32516573 46.85530674 47.22971112 47.6041155 47.97851989 48.33231958 48.50067709 48.63881355 48.70643424 48.98620219 49.47811742 49.97003265 50.46194788 50.9538631 
61.12056736 60.30848103 58.87337945 57.10280813 55.3322368 53.56166547 51.79109414 50.29402938 48.91418171 47.53433405 46.15448638 44.77463872 44.2763386 43.98218318 43.55347103 43.12475889 42.69604674 42.2673346 42.05194323 42.07540949 41.90206592 41.69175567 41.46912321 41.24649074 41.02385828 40.80122581 40.13065757 39.34810537 38.75262023 38.74738252 39.64893359 40.57095052 38.20455302 39.1461202 40.17996316 40.62183946 40.29468224 40.12657429 40.12456098 40.78692627 41.44929155 42.11165683 42.77402212 43.2916085 43.37485818 43.594122 44.11965169 44.88339762 45.64714355 46.41088949 47.17463542 47.70477642 48.07918081 48.45358519 48.82798957 49.20239396 49.44286787 49.58100433 49.64862501 50.11932552 50.61124074 51.10315597 51.5950712 52.08698643 
62.83253098 61.92459615 60.15402482 58.38345349 56.61288217 54.84231084 53.07173951 51.57467475 50.19482708 48.81497941 47.43513175 46.05528408 45.02805544 44.73390002 44.30518787 43.87647573 43.44776358 43.01905144 42.59033929 42.61380555 42.4306042 42.20797174 41.98533927 41.76270681 41.54007434 41.31744188 40.64687363 39.86432143 39.13932833 39.29781748 40.2198344 41.14185132 38.40086655 39.38666058 40.42050354 40.86237985 40.64533366 40.47722571 40.4752124 41.13757769 41.79994297 42.46230825 43.12467354 43.78703882 43.98611162 44.20537544 44.96912137 45.73286731 46.49661324 47.26035917 48.0241051 48.55424611 48.92865049 49.30305487 49.67745926 50.05186364 50.38505865 50.52319511 50.76053361 51.25244884 51.74436407 52.2362793 52.72819453 53.22010976 
64.54449459 63.20524152 61.43467019 59.66409886 57.89352753 56.12295621 54.35238488 52.85532011 51.47547245 50.09562478 48.71577712 47.33592945 45.95608179 45.48561686 45.05690471 44.62819257 44.19948042 43.77076828 43.34205613 43.15220162 42.94682026 42.7241878 42.50155533 42.27892287 42.0562904 41.83365794 41.16308969 40.38053749 39.5979853 39.86871829 40.79073521 41.71275213 38.59718009 39.62720097 40.66104392 41.16409303 40.99598508 40.82787713 40.82586382 41.4882291 42.15059439 42.81295967 43.47532496 44.13769024 44.59736506 45.05484513 45.81859106 46.58233699 47.34608292 48.10982886 48.87357479 49.40371579 49.77812018 50.15252456 50.52692894 50.90133333 51.27573771 51.46538589 51.89365694 52.38557217 52.87748739 53.36940262 53.86131785 54.35323308 
66.25645821 64.48588688 62.71531556 60.94474423 59.1741729 57.40360157 55.63303024 54.13596548 52.75611782 51.37627015 49.99642248 48.61657482 47.23672715 46.2373337 45.80862155 45.37990941 44.95119726 44.52248511 44.09377297 43.68566879 43.46303633 43.24040386 43.0177714 42.79513893 42.57250647 42.349874 41.67930575 40.89675356 40.11420136 40.43961909 41.36163602 42.28365294 38.8338984 39.86774135 40.90158431 41.51474445 41.3466365 41.17852854 41.17651524 41.83888052 42.50124581 43.16361109 43.82597638 44.48834166 45.15070694 45.90431481 46.66806074 47.43180668 48.19555261 48.95929854 49.72304447 50.25318548 50.62758986 51.00199425 51.37639863 51.75080301 52.1252074 52.53486503 53.02678026 53.51869549 54.01061072 54.50252595 54.99444118 55.48635641 
66.67629947 65.11878773 63.3482164 61.57764507 59.80707375 58.03650242 56.26593109 54.76886633 53.38901866 52.009171 50.62932333 49.24947567 47.9544756 47.12477734 46.6960652 46.26735305 45.8386409 45.40992876 44.98121661 44.62088332 44.75738186 44.5347494 44.31211693 44.08948447 43.866852 43.64421954 42.97365129 42.19109909 41.43065766 41.10642907 42.028446 42.95046292 39.84185324 40.88115892 41.91500187 43.08093079 43.07075678 42.90264882 42.90063552 43.5630008 44.22536609 44.88773137 45.55009666 46.21246194 46.75958539 47.86975235 48.63349828 49.39724422 50.16099015 50.92473608 51.68848202 52.86047913 53.55581157 53.93021595 54.30462033 54.67902472 55.0534291 55.46308674 55.95500197 56.4469172 56.93883242 57.43074765 57.92266288 58.78291038 
67.09614073 65.56230228 63.98111725 62.21054592 60.43997459 58.66940326 56.89883194 55.40176717 54.02191951 52.64207184 51.26222418 49.93894158 48.84191924 48.01222098 47.58350884 47.15479669 46.72608455 46.2973724 45.87153977 45.51120648 45.73748777 45.82909493 45.60646247 45.38383 45.16119754 44.93856507 44.26799682 43.48544463 42.82450166 42.17714684 42.69525598 43.6172729 40.84521442 41.89457649 42.92841944 44.09434836 44.79487706 44.6267691 44.6247558 45.28712108 45.94948637 46.61185165 47.27421694 47.83574561 48.3540586 49.46422557 50.59893583 51.36268176 52.12642769 52.89017362 53.65391956 54.82591667 56.27008123 56.85843765 57.23284204 57.60724642 57.9816508 58.39130844 58.88322367 59.3751389 59.86705413 60.35896936 61.17829105 62.07946435 
67.51598198 65.98214353 64.44830508 62.84344677 61.07287544 59.30230411 57.53173278 56.03466802 54.65482035 53.27497269 51.92340756 50.82638522 49.72936289 48.89966463 48.47095248 48.04224034 47.61352819 47.18737561 46.76186292 46.40152963 46.62781092 46.85409221 46.900808 46.67817553 46.45554307 46.23291061 45.56234236 44.77979016 44.21834565 43.57099083 43.36206596 44.28408288 41.84857561 42.90724914 43.94183701 45.10776592 46.51899734 46.35088939 46.34887608 47.01124136 47.67360665 48.33597193 48.91190584 49.43021883 49.94853182 51.05869878 52.2346273 53.3281193 54.09186523 54.85561116 55.6193571 56.79135421 58.23551877 59.67968334 60.16106374 60.53546812 60.90987251 61.31953014 61.81144537 62.3033606 62.79527583 63.57367171 64.47484502 65.37601833 
67.93582324 66.40198479 64.86814634 63.33430789 61.70577629 59.93520496 58.16463363 56.66756886 55.2877212 53.90787353 52.8108512 51.71382887 50.61680653 49.78710827 49.35839613 48.92968398 48.50321146 48.07769877 47.65218608 47.29185279 47.51813408 47.74441537 47.97069666 47.97252107 47.7498886 47.52725614 46.85668789 46.17363415 45.61218964 44.96483482 44.27122061 44.95089286 42.8519368 43.91061032 44.95525458 46.12118349 47.5324149 48.07500967 48.07299636 48.73536165 49.39772693 49.98806607 50.50637906 51.02469205 51.54300504 52.653172 53.82910052 55.00502903 56.05730277 56.82104871 57.58479464 58.75679175 60.20095631 61.64512088 63.08928544 63.46368983 63.83809421 64.24775185 64.73966708 65.23158231 65.96905238 66.87022569 67.771399 68.6725723 
68.3556645 66.82182605 65.28798759 63.75414914 62.22031069 60.5681058 58.79753448 57.30046971 55.92062205 54.79531718 53.69829484 52.60127251 51.50425018 50.67455192 50.24583977 49.8190473 49.39353461 48.96802192 48.54250923 48.18217594 48.40845723 48.63473852 48.86101981 49.0873011 49.04423414 48.82160167 48.15103343 47.56747815 47.00603363 46.35867881 45.6650646 45.61770284 43.85529798 44.91397151 45.96867214 47.13460106 48.54583247 49.79912995 49.79711664 50.45948193 51.06422629 51.58253928 52.10085227 52.61916526 53.13747825 54.24764522 55.42357373 56.59950225 57.77543076 58.78648625 59.55023218 60.72222929 62.16639386 63.61055842 65.05472298 66.39191153 66.76631591 67.17597355 67.66788878 68.36443305 69.26560636 70.16677966 71.06795297 71.96912628 
68.77550575 67.2416673 65.70782885 64.1739904 62.64015195 61.1063135 59.43043532 57.93337056 56.77978316 55.68276082 54.58573849 53.48871615 52.39169382 51.56199556 51.13488314 50.70937045 50.28385777 49.85834508 49.43283239 49.0724991 49.29878039 49.52506168 49.75134297 49.97762426 50.20390555 50.11594721 49.52276665 48.96132214 48.39987763 47.75252281 47.05890859 46.36529437 44.85865917 45.91733269 46.97600622 48.14801863 49.55925004 50.97048145 51.52123692 52.14038652 52.65869951 53.1770125 53.69532549 54.21363848 54.73195147 55.84211843 57.01804695 58.19397546 59.36990398 60.5458325 61.51566972 62.68766683 64.1318314 65.57599596 67.02016053 68.46432509 69.69453762 70.10419526 70.75981372 71.66098702 72.56216033 73.46333364 74.36450694 75.26568025 
69.19534701 67.66150856 66.12767011 64.59383166 63.05999321 61.52615476 59.9923163 58.76424913 57.6672268 56.57020447 55.47318213 54.3761598 53.27913746 52.45071899 52.0252063 51.59969361 51.17418092 50.74866823 50.32315554 49.96282225 50.18910354 50.41538483 50.64166612 50.86794741 51.0942287 51.32050999 50.91661064 50.35516613 49.79372162 49.1463668 48.45275258 47.75913837 45.86202035 46.92069388 47.97936741 49.16143619 50.5726676 51.98389902 53.21654674 53.73485973 54.25317272 54.77148571 55.2897987 55.8081117 56.32642469 57.43659165 58.61252016 59.78844868 60.9643772 62.14030571 63.31623423 64.65310437 66.09726894 67.5414335 68.98559807 70.42976263 71.8739272 73.15519438 74.05636769 74.957541 75.8587143 76.75988761 77.66106092 78.56223423 
70.08986145 68.55602299 67.02218454 65.48834609 63.95450764 62.42066919 60.02490418 58.22842312 57.09212918 55.99510684 54.89808451 53.80106217 52.70403984 51.87562136 51.45010868 51.02459599 50.5990833 50.17357061 49.74805792 49.30922734 49.18839471 49.414676 49.64095729 49.86723858 50.09351987 50.31980116 49.91590181 49.35445729 48.86242215 48.47952491 47.78591069 47.09229647 45.30906723 46.56791364 47.62658716 48.80865595 50.21988736 51.63111877 53.04942505 53.36733842 53.88565141 54.4039644 54.92227739 55.44059038 55.95890337 57.06907034 58.24499885 59.42092737 60.59685588 61.7727844 63.632163 65.51579322 66.95995778 68.40412235 69.84828691 71.29245147 72.45242909 72.82370935 73.89421741 74.79539072 75.69656403 76.59773734 77.49891064 78.40008395 
70.98437588 69.45053743 67.91669898 66.38286053 64.84902208 62.59691149 59.62652877 57.83004771 56.53666736 55.42000922 54.32298689 53.22596455 52.12894222 51.30052374 50.87501105 50.44949836 50.02398567 49.59847299 49.13785225 48.69902167 48.49141055 48.41396716 48.64024845 48.86652974 49.09281103 49.31909232 48.91519297 48.35374846 48.17405548 47.80072481 47.1190688 46.42545458 44.58778692 46.21513339 47.27380692 48.45587571 49.86710712 51.33231977 52.93956038 53.17158821 53.5181301 54.03644309 54.55475608 55.07306907 55.59138206 56.70154903 57.87747754 59.05340606 60.22933457 61.95202316 64.49485185 66.37848206 67.82264662 69.26681119 70.71097575 72.01304685 72.03627668 72.40755694 73.59095484 74.63324045 75.53441375 76.43558706 77.33676037 78.23793368 
71.87889032 70.34505186 68.81121341 67.27737496 65.1689188 62.19853609 59.22815337 57.4316723 56.13829195 54.8449116 53.74788926 52.65086693 51.55384459 50.72542612 50.29991343 49.87440074 49.44888805 48.99216821 48.52764657 48.08881599 47.88120488 47.67359377 47.63953961 47.8658209 48.09210219 48.31838348 47.91448413 47.35303962 47.48568882 47.11235814 46.45222691 45.75861269 43.86650661 45.83505685 46.92102668 48.10309546 49.51432688 51.22245511 52.82969572 53.06172355 53.29375137 53.66892178 54.18723477 54.70554776 55.22386075 56.33402771 57.50995623 58.68588475 60.27188331 62.814712 65.35754069 67.2411709 68.68533547 70.12950003 71.5736646 71.59689443 71.62012427 71.99140452 73.17480243 74.35820033 75.37226348 76.27343679 77.17461009 78.0757834 
72.77340475 71.2395663 69.70572785 67.74092612 64.7705434 61.80016068 58.82977796 57.0332969 55.73991655 54.44653619 53.17279164 52.07576931 50.97874697 50.1503285 49.72481581 49.29930312 48.84648417 48.38196253 47.9174409 47.47861032 47.27099921 47.06338809 46.85577698 46.86511207 47.09139336 47.31767465 46.9137753 46.66467295 46.79732215 46.42399147 45.77821009 45.0917708 43.1452263 45.11377654 46.56824643 47.75031522 49.16154663 51.11259044 52.71983106 52.95185888 53.18388671 53.41591453 53.81971346 54.33802645 54.85633944 55.9665064 57.14243492 58.59174347 61.13457216 63.67740085 66.22022953 68.10385975 69.54802431 70.99218888 71.15751219 71.18074202 71.20397186 71.57525211 72.75865002 73.94204792 75.12544583 76.11128651 77.01245982 77.91363313 
73.66791919 72.13408073 70.31293343 67.34255071 64.37216799 61.40178528 58.43140256 56.63492149 55.34154114 54.04816079 52.75478043 51.50067168 50.40364935 49.57523087 49.14971818 48.70080013 48.2362785 47.77175686 47.30723523 46.86840465 46.66079353 46.45318242 46.24557131 46.03796019 46.09068452 46.31696581 45.91306646 45.97630628 46.10895548 45.7356248 45.08984342 44.42492891 42.42394599 44.39249623 46.21546619 47.39753498 49.05168197 51.00272578 52.6099664 52.84199422 53.07402205 53.30604987 53.5380777 53.97050514 54.48881813 55.59898509 56.91160362 59.45443231 61.997261 64.54008969 67.08291838 68.96654859 70.41071316 70.71812994 70.74135977 70.76458961 70.78781944 71.1590997 72.3424976 73.52589551 74.70929341 75.89269132 76.85030954 77.75148285 
74.56243362 72.88494074 69.91455802 66.94417531 63.97379259 61.00340987 58.03302715 56.23654609 54.94316573 53.64978538 52.35640503 51.06302467 49.82855173 49.00013325 48.55511609 48.09059446 47.62607282 47.16155119 46.69702956 46.25819898 46.05058786 45.84297675 45.63536563 45.42775452 45.22014341 45.31625698 45.15529042 45.28793962 45.42058881 45.04725813 44.40147675 43.75569537 41.70266568 43.67121592 45.63976615 47.04475473 48.94181731 50.89286112 52.50010173 52.73212956 52.96415738 53.19618521 53.42821303 53.66024086 54.12129682 55.23146378 57.77429247 60.31712116 62.85994984 65.40277853 67.94560722 69.82923744 70.27874769 70.30197753 70.32520736 70.3484372 70.37166703 70.74294729 71.92634519 73.1097431 74.293141 75.4765389 76.65993681 77.58933258 
75.45694806 72.48656534 69.51618262 66.5457999 63.57541718 60.60503446 57.63465175 55.83817068 54.54479033 53.25140997 51.95802962 50.66464927 49.37126891 48.40943205 47.94491042 47.48038878 47.01586715 46.55134552 46.08682388 45.6479933 45.44038219 45.23277108 45.02515996 44.81754885 44.60993773 44.40232662 44.46692375 44.59957295 44.73222214 44.35889146 43.71311008 43.0673287 40.98138537 42.94993561 44.91848584 46.88090883 48.83195264 50.78299646 52.39023707 52.6222649 52.85429272 53.08632055 53.31834837 53.5503762 53.78240402 56.09415262 58.63698131 61.17981 63.72263869 66.26546738 68.80829607 69.83936544 69.86259528 69.88582511 69.90905495 69.93228478 69.95551462 70.32679487 71.51019278 72.69359068 73.87698859 75.06038649 76.2437844 77.4271823 
75.61925216 72.52075473 69.55037201 66.57998929 63.60960657 60.63922385 57.66884114 55.92949143 54.63611108 53.34273072 52.04935037 50.75597002 49.46258966 48.5007528 48.03623116 47.57170953 47.1071879 46.64266627 46.17814463 45.59431783 45.38670671 45.1790956 44.97148449 44.76387337 44.55626226 44.45437353 44.57305064 44.70569983 44.83834902 44.46501835 43.81923697 43.17345559 41.0845278 43.05307804 45.02162828 46.5890425 48.54008631 50.49113012 52.09837073 52.33039856 52.56242638 52.79445421 53.02648203 53.25850986 53.92419487 55.29841174 57.84124043 60.38406912 62.92689781 65.4697265 68.01255518 69.8847807 69.90801053 69.93124037 69.9544702 69.97770004 70.00092987 70.37221013 71.55560803 72.73900594 73.92240384 75.10580175 76.28919965 77.16561218 
75.78155627 72.55494412 69.5845614 66.61417868 63.64379596 60.67341325 57.70303053 55.99542047 54.72743183 53.43405147 52.14067112 50.84729077 49.55391041 48.59207355 48.12755191 47.66303028 47.19850865 46.73398702 46.26946538 45.54064235 45.33303124 45.12542012 44.91780901 44.7101979 44.50258678 44.59099834 44.67917752 44.81182671 44.94447591 44.57114523 43.92536385 43.27958247 41.18767024 43.15622048 45.12477072 46.51311879 48.24821997 50.19926378 51.8065044 52.03853222 52.27056005 52.50258787 52.7346157 52.96664352 54.18988776 54.50267086 57.04549955 59.58832824 62.13115692 64.67398561 67.2168143 69.36942519 69.95342578 69.97665562 69.99988545 70.02311529 70.04634512 70.41762538 71.60102329 72.78442119 73.96781909 75.151217 76.3346149 76.90404206 
75.94386038 72.68877829 69.61875079 66.64836807 63.67798535 60.70760264 57.73721992 56.02960986 54.81875258 53.52537222 52.23199187 50.93861152 49.64523116 48.6833943 48.21887266 47.75435103 47.2898294 46.82530777 46.21578991 45.48696688 45.27935576 45.07174465 44.86413353 44.65652242 44.51234474 44.72762315 44.7853044 44.9179536 45.05060279 44.67727211 44.03149073 43.51200478 41.29081268 43.25936292 45.22791315 46.70712336 47.95635364 49.90739745 51.51463806 51.74666589 51.97869371 52.21072154 52.44274936 52.98453232 54.45558066 54.76836376 56.24975866 58.79258735 61.33541604 63.87824473 66.42107342 68.57368431 69.99884104 70.02207087 70.04530071 70.06853054 70.09176038 70.46304063 71.64643854 72.82983644 74.01323435 75.19663225 76.14126375 76.64247193 
76.10616448 72.8510824 69.65294018 66.68255746 63.71217474 60.74179203 57.77140931 56.06379925 54.89737747 53.61669297 52.32331262 51.02993227 49.73655191 48.77471505 48.31019341 47.84567178 47.38115015 46.91662851 46.16211443 45.4332914 45.22568029 45.01806917 44.81045806 44.60284695 44.64896955 44.86424797 44.90498592 45.02408048 45.15672967 44.783399 44.13761762 43.7805115 41.39395511 43.36250535 45.4028479 46.90112793 47.6644873 49.61553111 51.22277173 51.45479955 51.68682738 51.9188552 52.15088303 53.25022522 54.72127356 55.03405665 55.45401778 57.99684647 60.53967516 63.08250385 65.62533254 67.77794343 69.67040912 70.06748613 70.09071596 70.1139458 70.13717563 70.50845589 71.69185379 72.8752517 74.0586496 75.24204751 75.87969363 76.38090181 
76.26846859 73.0133865 69.75830441 66.71674685 63.74636414 60.77598142 57.8055987 56.09798864 54.93156686 53.70801372 52.41463337 51.12125302 49.82787266 48.8660358 48.40151416 47.93699253 47.4724709 46.89517442 46.10843896 45.37961592 45.17200481 44.9643937 44.75678258 44.57031595 44.78559436 45.00087278 45.04161073 45.13020736 45.26285656 44.88952588 44.2437445 44.04901822 41.49709755 43.46564779 45.59685247 47.09513251 47.37262097 49.32366478 50.93090539 51.16293322 51.39496104 51.62698887 52.04486977 53.51591811 54.98696646 55.29974955 55.48383651 57.20110559 59.74393428 62.28676297 64.82959166 66.98220255 68.87466824 70.11290138 70.13613121 70.15936105 70.18259088 70.55387114 71.73726905 72.92066695 74.10406485 75.11691533 75.61812351 76.11933169 
76.4307727 73.17569061 69.92060852 66.75093624 63.78055353 60.81017081 57.83978809 56.13217803 54.96575625 53.79933447 52.50595412 51.21257376 49.91919341 48.95735655 48.49283491 48.02831328 47.56379165 46.84149895 46.05476348 45.32594045 45.11832933 44.91071822 44.70310711 44.70694076 44.92221917 45.13749759 45.17823555 45.23633425 45.36898344 44.99565276 44.34987138 44.31752494 41.60023999 43.56879023 45.79085704 47.28913708 47.08075463 49.03179844 50.63903906 50.87106688 51.10309471 51.33512253 52.31056267 53.78161101 55.25265935 55.56544245 55.7495294 56.40536471 58.9481934 61.49102208 64.03385077 66.18646166 68.07892736 69.97139305 70.18154647 70.2047763 70.22800614 70.59928639 71.7826843 72.9660822 74.14948011 74.85534521 75.35655339 75.85776157 
76.59307681 73.33799472 70.08291263 66.82783054 63.81474292 60.8443602 57.87397748 56.16636742 54.99994564 53.83352386 52.59727487 51.30389451 50.01051416 49.0486773 48.58415566 48.11963403 47.57455894 46.78782347 46.001088 45.27226497 45.06465386 44.85704275 44.64943163 44.84356557 45.05884399 45.2741224 45.31486036 45.34246113 45.47511032 45.10177965 44.51012488 44.58603166 41.70338243 43.67193266 45.98486162 47.48314165 47.2747592 48.73993211 50.34717272 50.57920055 50.81122837 51.10520722 52.57625556 54.04730391 55.51835225 55.83113535 56.0152223 56.19930926 58.15245251 60.6952812 63.23810989 65.39072078 67.28318647 69.17565217 70.22696172 70.25019156 70.27342139 70.64470165 71.82809955 73.01149746 74.0925669 74.59377508 75.09498326 75.59619145 
76.75538091 73.50029883 70.24521674 66.99013465 63.84893231 60.87854959 57.90816687 56.20055681 55.03413503 53.86771325 52.68859562 51.39521526 50.10183491 49.13999804 48.67547641 48.21095478 47.52088346 46.734148 45.94741253 45.2185895 45.01097838 44.80336727 44.76491197 44.98019038 45.1954688 45.41074722 45.45148517 45.44858801 45.58123721 45.20790653 44.7786316 44.85453838 41.80652486 43.7750751 46.17886619 47.67714623 47.46876378 48.44806577 50.05530639 50.28733421 50.51936204 51.37090012 52.84194846 54.31299681 55.78404515 56.09682824 56.2809152 56.46500216 57.35671163 59.89954032 62.44236901 64.5949799 66.48744559 68.37991128 70.27237698 70.29560681 70.31883665 70.6901169 71.87351481 73.05691271 73.83099678 74.33220496 74.83341314 75.33462132 
76.91768502 73.66260293 70.40752084 67.15243876 63.89735667 60.91273898 57.94235626 56.2347462 55.06832442 53.90190264 52.73548087 51.48653601 50.19315566 49.23131879 48.76679716 48.25394345 47.46720799 46.68047252 45.89373705 45.16491402 44.95730291 44.74969179 44.90153678 45.1168152 45.33209361 45.54737203 45.58810998 45.58521283 45.68736409 45.31403341 45.04713832 45.1230451 41.9096673 43.95561862 46.37287076 47.8711508 47.66276835 48.15619943 49.76344005 49.99546787 50.2274957 51.63659302 53.10764136 54.5786897 56.04973805 56.36252114 56.5466081 56.73069505 56.91478201 59.10379944 61.64662813 63.79923902 65.69170471 67.5841704 69.47663609 70.34102206 70.3642519 70.73553215 71.91893006 73.06821848 73.56942666 74.07063484 74.57184302 75.0730512 
77.07998913 73.82490704 70.56982495 67.31474286 64.05966077 60.94692837 57.97654565 56.26893559 55.10251381 53.93609203 52.76967026 51.57785676 50.28447641 49.32263954 48.85811791 48.20026798 47.41353251 46.62679704 45.84006158 45.11123855 44.90362743 44.82288318 45.03816159 45.25344001 45.46871842 45.68399684 45.7247348 45.72183764 45.79349097 45.4201603 45.31564504 45.39155181 42.01280974 44.14962319 46.56687534 48.06515537 47.85677292 47.8643331 49.47157371 49.70360154 50.43123757 51.90228591 53.37333426 54.8443826 56.31543094 56.62821404 56.81230099 56.99638795 57.18047491 58.30805856 60.85088724 63.00349813 64.89596383 66.78842952 68.68089521 70.38643732 70.40966715 70.78094741 71.96434531 72.80664836 73.30785654 73.80906472 74.3102729 74.81148108 
77.24229324 73.98721115 70.73212906 67.47704697 64.22196488 60.98111776 58.01073504 56.30312498 55.1367032 53.97028143 52.80385965 51.63743787 50.37579716 49.41396029 48.93332797 48.1465925 47.35985703 46.57312157 45.7863861 45.05756307 44.84995196 44.95950799 45.17478641 45.39006482 45.60534324 45.82062165 45.86135961 45.85846245 45.89961786 45.52628718 45.58415175 45.66005853 42.11595217 44.34362776 46.76087991 48.25915995 48.0507775 47.84239505 49.17970738 49.4117352 50.69693047 52.16797881 53.63902715 55.1100755 56.58112384 56.89390694 57.07799389 57.26208085 57.4461678 57.63025476 60.05514636 62.20775725 64.10022294 65.99268864 67.88515433 69.77762002 70.45508241 70.82636266 72.00976057 72.54507823 73.04628641 73.5474946 74.04870278 74.54991096 
77.40459734 74.14951525 70.89443317 67.63935108 64.38426899 61.1291869 58.04492443 56.33731437 55.17089259 54.00447082 52.83804904 51.67162726 50.46711791 49.50528104 48.87965249 48.09291703 47.30618156 46.51944609 45.73271063 45.00388759 44.88085439 45.0961328 45.31141122 45.52668963 45.74196805 45.95724647 45.99798442 45.99508726 46.00574474 45.77675169 45.85265847 45.92856525 42.21909461 44.53763234 46.95488448 48.45316452 48.24478207 48.03639962 48.88784104 49.49157502 50.96262337 52.43367171 53.90472005 55.3757684 56.84681674 57.15959983 57.34368679 57.52777375 57.7118607 57.89594766 59.25940548 61.41201637 63.30448206 65.19694775 67.08941345 68.98187914 70.50049766 70.87177791 71.78229993 72.28350811 72.78471629 73.28592447 73.78713265 74.28834083 
77.56690145 74.31181936 71.05673727 67.80165518 64.5465731 61.29149101 58.07911382 56.37150376 55.20508199 54.03866021 52.87223843 51.70581665 50.53939487 49.59660179 48.82597702 48.03924155 47.25250608 46.46577062 45.67903515 44.95021212 45.0174792 45.23275761 45.44803603 45.66331445 45.87859286 46.09387128 46.13460923 46.13171208 46.12881492 46.04525841 46.12116519 46.19707197 42.32223705 44.73163691 47.14888906 48.64716909 48.43878664 48.23040419 48.59597471 49.75726792 51.22831626 52.69936461 54.17041295 55.64146129 57.11250964 57.42529273 57.60937969 57.79346664 57.9775536 58.16164055 58.4636646 60.61627549 62.50874118 64.40120687 66.29367256 68.18613826 70.07860395 70.91719317 71.52072981 72.02193799 72.52314617 73.02435435 73.52556253 74.02677071 
77.72920556 74.47412347 71.21904138 67.96395929 64.7088772 61.45379511 58.19871303 56.40569315 55.23927138 54.0728496 52.90642782 51.74000604 50.57358426 49.55903701 48.77230154 47.98556607 47.19883061 46.41209514 45.62535967 44.9388256 45.15410401 45.36938243 45.58466084 45.79993926 46.01521767 46.23049609 46.27123405 46.26833689 46.26543973 46.31376513 46.38967191 46.46557869 42.50838934 44.92564148 47.34289363 48.84117367 48.63279122 48.42440877 48.55191248 50.02296082 51.49400916 52.9650575 54.43610585 55.90715419 57.37820253 57.69098563 57.87507258 58.05915954 58.2432465 58.42733345 58.61142041 59.82053461 61.7130003 63.60546599 65.49793168 67.39039737 69.28286307 70.7579515 71.25915969 71.76036787 72.26157605 72.76278423 73.26399241 73.76520059 
77.79605369 74.76464344 71.50956135 68.25447927 64.99939718 61.74431509 58.489233 56.69621313 55.52979135 54.36336957 53.19694779 52.03052602 50.86410424 49.5691081 48.77139378 47.98465832 47.19792285 46.41118738 45.62445192 44.93791784 45.15319625 45.36847467 45.58375308 45.7990315 46.01430992 46.11850103 46.12974015 46.12684299 46.12394583 46.17227123 46.24817801 46.32408479 42.44983946 44.86497448 47.28222663 48.78050667 48.57212422 48.36374177 48.48523191 49.95628026 51.4273286 52.89837694 54.36942529 55.84047363 57.19125317 57.46967376 57.65376071 57.83784767 58.02193462 58.20602158 58.40330597 59.71799964 61.61046533 63.50293102 65.39539672 67.28786241 69.1803281 70.37929354 70.97045697 71.47166516 71.97287334 72.47408152 72.9752897 73.47649788 
77.86290183 75.05516342 71.80008133 68.54499924 65.28991715 62.03483506 58.77975298 56.9867331 55.82031133 54.65388955 53.48746777 52.32104599 51.02621214 49.66700997 48.77048603 47.98375056 47.19701509 46.41027962 45.62354416 44.93701008 45.1522885 45.36756691 45.58284533 45.79812374 46.01340216 45.91763614 45.98824625 45.98534909 45.98245193 46.03077733 46.10668411 46.18259089 42.41367053 44.80430749 47.22155963 48.71983967 48.51145722 48.30307477 48.41855135 49.8895997 51.36064804 52.83169638 54.30274472 55.77379307 56.9699413 57.24836188 57.43244884 57.6165358 57.80062275 57.98470971 58.300771 59.61546468 61.50793037 63.40039606 65.29286175 67.18532744 68.87511158 69.82072508 70.68175426 71.18296244 71.68417063 72.18537881 72.68658699 73.18779517 
77.92974997 75.17171641 72.0906013 68.83551922 65.58043713 62.32535504 59.07027295 57.27725308 56.1108313 54.94440952 53.77798774 52.61156596 51.12411402 49.76491185 48.76957827 47.9828428 47.19610733 46.40937187 45.6226364 44.93610232 45.15138074 45.36665915 45.58193757 45.79721598 45.94584202 45.71677124 45.84675235 45.84385519 45.84095803 45.88928344 45.96519022 46.10360244 42.3775016 44.74364049 47.16089264 48.65917267 48.45079022 48.24240777 48.35187079 49.82291913 51.29396748 52.76501582 54.23606416 55.62120622 56.74862943 57.02705001 57.21113697 57.39522392 57.57931088 57.76339783 58.19823604 59.51292971 61.4053954 63.29786109 65.19032679 67.08279248 68.31654311 69.26215661 70.36306647 70.89425973 71.39546791 71.8966761 72.39788428 72.89909246 
77.99659811 75.23856455 72.38112128 69.12603919 65.8709571 62.61587501 59.36079292 57.56777305 56.40135127 55.2349295 54.06850772 52.81647789 51.22201589 49.86281372 48.85650129 47.98193504 47.19519958 46.40846411 45.62172864 44.93519456 45.15047298 45.3657514 45.58102981 45.79630823 45.74497712 45.51590634 45.67887134 45.70236129 45.69946414 45.74778954 45.82369632 46.04247268 42.34133267 44.68297349 47.10022564 48.59850568 48.39012323 48.17906808 48.28519023 49.75623857 51.22728692 52.69833526 54.1693836 55.39989435 56.52731756 56.80573814 56.98982509 57.17391205 57.35799901 57.64766544 58.09570107 59.41039475 61.30286044 63.19532613 65.08779182 66.87891674 67.75797465 68.70358814 69.804498 70.60555702 71.1067652 71.60797338 72.10918157 72.61038975 
78.06344625 75.30541268 72.54737912 69.41655916 66.16147708 62.90639499 59.6513129 57.85829303 56.69187125 55.52544947 54.35902769 52.91437977 51.31991777 49.96071559 48.95440317 47.98102729 47.19429182 46.40755635 45.62082088 44.93428681 45.14956522 45.36484364 45.58012205 45.77318301 45.54411223 45.31504145 45.47800645 45.5608674 45.55797024 45.60629564 45.68220242 45.98134292 42.30516373 44.62230649 47.03955864 48.53783868 48.32945623 48.11238752 48.21850967 49.68955801 51.16060635 52.6316547 54.05115927 55.17858248 56.30600568 56.58442627 56.76851322 56.95260018 57.13668713 57.54513047 57.99316611 59.30785978 61.20032547 63.09279116 64.98525686 66.32034827 67.19940618 68.14501968 69.24592954 70.31685431 70.81806249 71.31927067 71.82047885 72.32168704 
78.13029438 75.37226082 72.61422726 69.70707914 66.45199705 63.19691496 59.94183287 58.148813 56.98239122 55.81596945 54.60674364 53.01228164 51.41781964 50.05861747 49.05230504 48.04599262 47.19338406 46.40664859 45.61991313 44.93337905 45.14865746 45.36393588 45.5792143 45.57231811 45.34324733 45.11417655 45.27714155 45.4193735 45.41647634 45.46480174 45.54070852 45.92021316 42.2689948 44.56526884 46.97889164 48.47717168 48.26878923 48.04570696 48.15182911 49.62287745 51.09392579 52.56497414 53.8298474 54.95727061 56.08469381 56.36311439 56.54720135 56.73128831 56.99455987 57.44259551 57.89063114 59.20532481 61.09779051 62.9902562 64.88272189 65.7617798 66.64083771 67.58645121 68.68736107 69.78827093 70.52935978 71.03056796 71.53177614 72.03298432 
78.19714252 75.43910896 72.6810754 69.92304184 66.74251703 63.48743494 60.23235285 58.43933298 57.2729112 56.10648942 54.70464552 53.11018352 51.51572151 50.15651934 49.15020691 48.14389449 47.1924763 46.40574084 45.61900537 44.93247129 45.14774971 45.36302812 45.57830654 45.37145322 45.14238243 44.91331165 45.07627665 45.2778796 45.27498244 45.32330784 45.42600267 45.8590834 42.23282587 44.52909991 46.91822465 48.41650468 48.20812223 47.9790264 48.08514855 49.55619689 51.02724523 52.48111232 53.60853553 54.73595873 55.86338194 56.14180252 56.32588948 56.50997643 56.8920249 57.34006054 57.78809618 59.10278985 60.99525554 62.88772123 64.32415342 65.20321134 66.08226925 67.02788274 68.1287926 69.22970246 70.24065707 70.74186525 71.24307343 71.74428161 
78.26399066 75.5059571 72.74792353 69.98988997 67.033037 63.77795491 60.52287282 58.72985295 57.56343117 56.39700939 54.80254739 53.20808539 51.61362339 50.25442121 49.24810879 48.24179636 47.23548394 46.40483308 45.61809761 44.93156353 45.14684195 45.36212036 45.3996591 45.17058832 44.94151754 44.71244676 44.87541176 45.1363857 45.13348854 45.18181394 45.36487291 45.79795364 42.19665694 44.49293098 46.85755765 48.35583769 48.14745524 47.91234584 48.01846798 49.48951633 50.96056467 52.25980045 53.38722365 54.51464686 55.64207007 55.92049065 56.1045776 56.3414543 56.78948994 57.23752557 57.68556121 59.00025488 60.89272058 62.78518627 63.76558496 64.64464287 65.52370078 66.46931428 67.57022414 68.671134 69.77204386 70.45316254 70.95437072 71.4555789 
78.3308388 75.57280523 72.81477167 70.05673811 67.29870455 64.06847489 60.8133928 59.02037293 57.85395115 56.49491127 54.90044927 53.30598726 51.71152526 50.35232309 49.34601066 48.33969824 47.33338581 46.40392532 45.61718985 44.93065577 45.14593419 45.36121261 45.1987942 44.96972342 44.74065264 44.51158186 44.67454686 44.9355208 44.99199464 45.04032004 45.30374315 45.73682388 42.16048801 44.45676205 46.79689065 48.29517069 48.08077468 47.84566527 47.95178742 49.42283577 50.89388411 52.03848857 53.16591178 54.29333499 55.4207582 55.69917878 55.88326573 56.23891933 56.68695497 57.13499061 57.58302625 58.89771992 60.79018561 62.32795858 63.20701649 64.0860744 64.96513232 65.91074581 67.01165567 68.11256553 69.21347539 70.16445983 70.66566801 71.16687619 
78.39768693 75.63965337 72.88161981 70.12358625 67.36555269 64.35899486 61.10391277 59.3108929 58.14447112 56.59281314 54.99835114 53.40388914 51.80942713 50.45022496 49.44391254 48.43760011 47.43128768 46.42497526 45.6162821 44.92974802 45.14502643 45.22700009 44.99792931 44.76885853 44.53978774 44.31071696 44.47368196 44.73465591 44.85050074 44.89882615 45.24261339 45.67569412 42.12431908 44.42059312 46.73622365 48.23450369 48.01409411 47.77898471 47.88510686 49.3561552 50.68975349 51.8171767 52.94459991 54.07202312 55.19944632 55.4778669 55.68834873 56.13638437 56.58442001 57.03245564 57.48049128 58.79518495 60.68765065 61.76939011 62.64844803 63.52750594 64.40656385 65.35217734 66.4530872 67.55399706 68.65490692 69.75581678 70.3769653 70.87817348 
78.46453507 75.70650151 72.94846795 70.19043439 67.43240082 64.64951484 61.39443275 59.60141288 58.28517702 56.69071502 55.09625301 53.50179101 51.90732901 50.54812684 49.54181441 48.53550198 47.52918956 46.52287713 45.61537434 44.92884026 45.14411867 45.02613519 44.79706441 44.56799363 44.33892285 44.10985207 44.27281707 44.53379101 44.70900685 44.75733225 45.18148363 45.61456436 42.08815015 44.38442419 46.68069823 48.17383669 47.94741355 47.71230415 47.8184263 49.28947464 50.46844162 51.59586483 52.72328804 53.85071124 54.97813445 55.25655503 55.58581376 56.0338494 56.48188504 56.92992068 57.37795632 58.69264999 60.33176374 61.21082165 62.08987956 62.96893747 63.84799538 64.79360888 65.89451874 66.9954286 68.09633846 69.19724832 70.08826259 70.58947077 
78.53138321 75.77334965 73.01531609 70.25728252 67.49924896 64.7412154 61.68495272 59.89193285 58.38307889 56.78861689 55.19415489 53.59969288 52.00523088 50.64602871 49.63971628 48.63340386 47.62709143 46.62077901 45.61446658 44.9279325 45.05434108 44.8252703 44.59619951 44.36712873 44.13805795 43.90898717 44.07195217 44.33292611 44.56751295 44.68727314 45.12035387 45.5534346 42.05198122 44.34825526 46.6445293 48.1131697 47.88073299 47.64562359 47.75174574 49.11970654 50.24712975 51.37455296 52.50197616 53.62939937 54.75682258 55.03524316 55.4832788 55.93131444 56.37935008 56.82738571 57.27542135 58.59011502 59.77319527 60.65225318 61.53131109 62.410369 63.28942692 64.23504041 65.33595027 66.43686013 67.53776999 68.63867985 69.73958971 70.30076806 
78.59823135 75.84019779 73.08216422 70.32413066 67.5660971 64.80806354 61.9754727 60.07544277 58.48098077 56.88651876 55.29205676 53.69759476 52.10313276 50.74393058 49.73761816 48.73130573 47.72499331 46.71868088 45.71236845 44.92702474 44.85347618 44.6244054 44.39533462 44.16626384 43.93719305 43.70812227 43.87108727 44.13206122 44.39303516 44.62614338 45.05922411 45.49230484 42.01581229 44.31208633 46.60836037 48.04916183 47.81405243 47.57894303 47.68506518 48.89839467 50.02581788 51.15324108 52.28066429 53.4080875 54.53551071 54.93270819 55.38074383 55.82877947 56.27681511 56.72485075 57.17288639 58.33556889 59.2146268 60.09368471 60.97274263 61.85180054 62.73085845 63.67647195 64.77738181 65.87829166 66.97920152 68.08011138 69.18102124 70.01206535 
78.66507949 75.90704592 73.14901236 70.3909788 67.63294524 64.87491168 62.11687811 60.17334464 58.57888264 56.98442064 55.38995863 53.79549663 52.20103463 50.84183246 49.83552003 48.8292076 47.82289518 46.81658275 45.81027033 44.88168207 44.65261128 44.4235405 44.19446972 43.96539894 43.73632816 43.50725738 43.67022238 43.93119632 44.19217026 44.56501362 44.99809435 45.43117509 41.97964336 44.2759174 46.57219144 47.98248127 47.74737187 47.51226247 47.54965959 48.6770828 49.804506 50.93192921 52.05935242 53.18677563 54.31419883 54.83017323 55.27820887 55.72624451 56.17428015 56.62231578 57.07035142 57.77700043 58.65605834 59.53511625 60.41417416 61.29323207 62.17228998 63.11790348 64.21881334 65.3197232 66.42063306 67.52154292 68.62245278 69.72336264 
