2.521988908 2.471580561 2.421172214 2.370763867 2.320355519 2.269947172 2.219538825 2.169130477 2.11872213 2.068313783 2.018867185 1.986732079 1.954596974 1.922461868 1.890326762 1.858191656 1.826056551 1.793921445 1.761786339 1.729651234 1.697516128 1.665381022 1.633245916 1.601110811 1.582539383 1.567584937 1.552630491 1.537676045 1.522721599 1.507767152 1.492812706 1.47785826 1.462903814 1.447949368 1.432994921 1.418040475 1.403086029 1.386097229 1.367277511 1.348457793 1.329638075 1.310818356 1.291998638 1.27317892 1.254359202 1.235539484 1.216719766 1.197900047 1.179080329 1.160260611 1.143488818 1.132451217 1.121413616 1.110376014 1.099338413 1.088300811 1.07726321 1.066225608 1.055188007 1.044150406 1.033112804 1.022075203 1.011037601 1 
2.342252715 2.291844367 2.24143602 2.191027673 2.140619325 2.090210978 2.039802631 1.989394283 1.938985936 1.897335791 1.865405596 1.833270491 1.801135385 1.769000279 1.736865173 1.704730068 1.672594962 1.640459856 1.60832475 1.576189645 1.544054539 1.511919433 1.504254494 1.507883478 1.523143771 1.541505748 1.530058293 1.515103847 1.500149401 1.485194955 1.470240509 1.455286062 1.440331616 1.42537717 1.410422724 1.395468277 1.380513831 1.363525031 1.344705313 1.325885595 1.307065877 1.288246159 1.269426441 1.250606722 1.231787004 1.212967286 1.194147568 1.17532785 1.157553282 1.145352851 1.134851538 1.129107754 1.121413616 1.110376014 1.099338413 1.088300811 1.07726321 1.066225608 1.055188007 1.044150406 1.033112804 1.022075203 1.011037601 1 
2.162516521 2.112108173 2.061699826 2.011291479 1.960883131 1.910474784 1.860066437 1.80965809 1.775793012 1.743874202 1.711944008 1.679808902 1.647673796 1.61553869 1.583403585 1.551268479 1.519133373 1.486998267 1.454863162 1.422728056 1.411298476 1.41492746 1.418556443 1.422185427 1.437445721 1.455807697 1.474169673 1.492531649 1.477577203 1.462622757 1.447668311 1.432713865 1.417759418 1.402804972 1.387850526 1.37289608 1.357941634 1.340952834 1.322133116 1.303313397 1.284493679 1.265673961 1.246854243 1.228034525 1.209214807 1.190395088 1.171923754 1.159723323 1.147522892 1.135322461 1.124821148 1.119077364 1.113333579 1.107589795 1.099338413 1.088300811 1.07726321 1.066225608 1.055188007 1.044150406 1.033112804 1.022075203 1.011037601 1 
1.982780327 1.932371979 1.881963632 1.831555285 1.781146938 1.73073859 1.686169044 1.654250234 1.622331423 1.590412613 1.558482419 1.526347313 1.494212207 1.462077102 1.429941996 1.39780689 1.365671784 1.333536679 1.318342457 1.321971441 1.325600425 1.329229409 1.332858393 1.336487376 1.35174767 1.370109646 1.388471623 1.406833599 1.425195575 1.440050559 1.425096113 1.410141667 1.395187221 1.380232775 1.365278328 1.350323882 1.335369436 1.318380636 1.299560918 1.2807412 1.261921482 1.243101763 1.224282045 1.205462327 1.186642609 1.174093795 1.161893364 1.149692933 1.137492502 1.125292071 1.114790758 1.109046974 1.103303189 1.097559405 1.09181562 1.086071836 1.07726321 1.066225608 1.055188007 1.044150406 1.033112804 1.022075203 1.011037601 1 
1.803044133 1.752635786 1.702227438 1.651819091 1.601410744 1.564626266 1.532707455 1.500788645 1.468869835 1.436951024 1.40502083 1.372885724 1.340750619 1.308615513 1.276480407 1.244345301 1.225386439 1.229015423 1.232644407 1.236273391 1.239902374 1.243531358 1.247160342 1.250789326 1.266049619 1.284411596 1.302773572 1.321135548 1.339497524 1.357859501 1.376221477 1.387569469 1.372615023 1.357660577 1.342706131 1.327751684 1.312797238 1.295808438 1.27698872 1.258169002 1.239349284 1.220529566 1.201709848 1.188464266 1.176263835 1.164063405 1.151862974 1.139662543 1.127462112 1.115261681 1.104760368 1.099016584 1.093272799 1.087529015 1.08178523 1.076041446 1.070297661 1.064553877 1.055188007 1.044150406 1.033112804 1.022075203 1.011037601 1 
1.623307939 1.572899592 1.522491244 1.475002298 1.443083487 1.411164677 1.379245867 1.347327056 1.315408246 1.283489436 1.251559241 1.219424136 1.18728903 1.155153924 1.132430421 1.136059405 1.139688388 1.143317372 1.146946356 1.15057534 1.154204324 1.157833307 1.161462291 1.165091275 1.180351569 1.198713545 1.217075521 1.235437497 1.253799474 1.27216145 1.290523426 1.308885402 1.327247379 1.335088379 1.320133933 1.305179487 1.290225041 1.273236241 1.254416523 1.235596804 1.216777086 1.202834738 1.190634307 1.178433876 1.166233445 1.154033015 1.141832584 1.129632153 1.117431722 1.105231291 1.094729978 1.088986194 1.083242409 1.077498625 1.07175484 1.066011056 1.060267271 1.054523487 1.048779702 1.043035918 1.033112804 1.022075203 1.011037601 1 
1.443571745 1.393163398 1.353459519 1.321540709 1.289621899 1.257703088 1.225784278 1.193865468 1.161946657 1.130027847 1.098097653 1.065962547 1.039474403 1.043103386 1.04673237 1.050361354 1.053990338 1.057619322 1.061248305 1.064877289 1.068506273 1.072135257 1.07576424 1.079393224 1.094653518 1.113015494 1.13137747 1.149739447 1.168101423 1.186463399 1.204825375 1.223187352 1.241549328 1.259911304 1.27827328 1.282607289 1.267652843 1.250664043 1.231844325 1.217205209 1.205004779 1.192804348 1.180603917 1.168403486 1.156203055 1.144002625 1.131802194 1.119601763 1.107401332 1.095200901 1.084699588 1.078955804 1.073212019 1.067468235 1.06172445 1.055980666 1.050236881 1.044493097 1.038749312 1.033005528 1.027261743 1.021517959 1.011037601 1 
1.263835551 1.231916741 1.19999793 1.16807912 1.13616031 1.104241499 1.072322689 1.040403879 1.008485068 0.9765662581 0.9465183843 0.9501473681 0.9537763519 0.9574053357 0.9610343195 0.9646633033 0.968292287 0.9719212708 0.9755502546 0.9791792384 0.9828082222 0.986437206 0.9900661898 0.9936951736 1.008955467 1.027317443 1.04567942 1.064041396 1.082403372 1.100765348 1.119127325 1.137489301 1.155851277 1.174213253 1.19257523 1.210937206 1.229299182 1.231575681 1.21937525 1.207174819 1.194974389 1.182773958 1.170573527 1.158373096 1.146172665 1.133972235 1.121771804 1.109571373 1.097370942 1.085170511 1.074669198 1.068925414 1.063181629 1.057437845 1.05169406 1.045950276 1.040206491 1.034462707 1.028718922 1.022975138 1.017231353 1.011487569 1.005743784 1 
1.284321694 1.260996127 1.229077317 1.197158506 1.165239696 1.133320886 1.101402075 1.069483265 1.037564455 1.005645644 0.9755977705 0.9792267542 0.982855738 0.9864847218 0.9901137056 0.9937426894 0.9973716732 1.001000657 1.004629641 1.008258625 1.011887608 1.015516592 1.019145576 1.012945703 1.010101632 1.025404384 1.04376636 1.062128337 1.080490313 1.098852289 1.117214265 1.135576242 1.153938218 1.172300194 1.19066217 1.209024147 1.227386123 1.229662622 1.217462191 1.20526176 1.193061329 1.180860898 1.168660468 1.156460037 1.144259606 1.132059175 1.119858745 1.107658314 1.095457883 1.083095952 1.072762667 1.068925414 1.063181629 1.057437845 1.05169406 1.045950276 1.040206491 1.034462707 1.028718922 1.022975138 1.017231353 1.011487569 1.005743784 1 
1.304807837 1.284983221 1.258156703 1.226237892 1.194319082 1.162400272 1.130481461 1.098562651 1.066643841 1.03472503 1.004677157 1.00830614 1.011935124 1.015564108 1.019193092 1.022822076 1.026451059 1.030080043 1.033709027 1.037338011 1.040966994 1.044595978 1.039098166 1.029387987 1.026543916 1.025530807 1.041853301 1.060215277 1.078577254 1.09693923 1.115301206 1.133663182 1.152025159 1.170387135 1.188749111 1.207111087 1.225473064 1.227749562 1.215549132 1.203348701 1.19114827 1.178947839 1.166747408 1.154546978 1.142346547 1.130146116 1.117945685 1.105745254 1.093423698 1.08045614 1.070122856 1.067165539 1.063181629 1.057437845 1.05169406 1.045950276 1.040206491 1.034462707 1.028718922 1.022975138 1.017231353 1.011487569 1.005743784 1 
1.32529398 1.305469364 1.285644748 1.255317279 1.223398468 1.191479658 1.159560848 1.127642037 1.095723227 1.063804417 1.033756543 1.037385527 1.04101451 1.044643494 1.048272478 1.051901462 1.055530445 1.059159429 1.062788413 1.066417397 1.070046381 1.06525063 1.05554045 1.045830271 1.0429862 1.041973092 1.040959983 1.058302218 1.076664194 1.095026171 1.113388147 1.131750123 1.150112099 1.168474076 1.186836052 1.205198028 1.223560004 1.225836503 1.213636072 1.201435642 1.189235211 1.17703478 1.164834349 1.152633918 1.140433488 1.128233057 1.116032626 1.103751445 1.090783887 1.077816328 1.067483044 1.064525728 1.061568411 1.057437845 1.05169406 1.045950276 1.040206491 1.034462707 1.028718922 1.022975138 1.017231353 1.011487569 1.005743784 1 
1.345780123 1.325955507 1.306130891 1.284396665 1.252477854 1.220559044 1.188640234 1.156721423 1.124802613 1.092883803 1.062835929 1.066464913 1.070093896 1.07372288 1.077351864 1.080980848 1.084609832 1.088238815 1.091867799 1.095496783 1.091403093 1.081692914 1.071982734 1.062272555 1.059428484 1.058415376 1.057402267 1.056389159 1.074751135 1.093113111 1.111475088 1.129837064 1.14819904 1.166561016 1.184922993 1.203284969 1.221646945 1.223923444 1.211723013 1.199522582 1.187322151 1.175121721 1.16292129 1.150720859 1.138520428 1.126319998 1.114079192 1.101111633 1.088144075 1.075176517 1.064843232 1.061885916 1.058928599 1.055971283 1.05169406 1.045950276 1.040206491 1.034462707 1.028718922 1.022975138 1.017231353 1.011487569 1.005743784 1 
1.366266266 1.34644165 1.326617034 1.306792417 1.28155724 1.24963843 1.21771962 1.185800809 1.153881999 1.121963189 1.091915315 1.095544299 1.099173283 1.102802266 1.10643125 1.110060234 1.113689218 1.117318202 1.120947185 1.117555557 1.107845377 1.098135198 1.088425019 1.078714839 1.075870768 1.07485766 1.073844551 1.072831443 1.072838076 1.091200052 1.109562028 1.127924005 1.146285981 1.164647957 1.183009933 1.201371909 1.219733886 1.222010385 1.209809954 1.197609523 1.185409092 1.173208661 1.161008231 1.1488078 1.136607369 1.124406938 1.11143938 1.098471822 1.085504263 1.072536705 1.062203421 1.059246104 1.056288788 1.053331471 1.050374154 1.045950276 1.040206491 1.034462707 1.028718922 1.022975138 1.017231353 1.011487569 1.005743784 1 
1.386752409 1.366927793 1.347103177 1.32727856 1.307453944 1.278717816 1.246799006 1.214880196 1.182961385 1.151042575 1.120994701 1.124623685 1.128252669 1.131881652 1.135510636 1.13913962 1.142768604 1.146397588 1.14370802 1.133997841 1.124287662 1.114577482 1.104867303 1.095157123 1.092313053 1.091299944 1.090286836 1.089273727 1.088260619 1.089286993 1.107648969 1.126010945 1.144372922 1.162734898 1.181096874 1.19945885 1.217820826 1.220097325 1.207896895 1.195696464 1.183496033 1.171295602 1.159095171 1.146894741 1.13469431 1.121767127 1.108799568 1.09583201 1.082864452 1.069896893 1.059563609 1.056606293 1.053648976 1.050691659 1.047734343 1.044777026 1.040206491 1.034462707 1.028718922 1.022975138 1.017231353 1.011487569 1.005743784 1 
1.407238553 1.387413936 1.36758932 1.347764703 1.327940087 1.307797202 1.275878392 1.243959582 1.212040771 1.180121961 1.150074087 1.153703071 1.157332055 1.160961039 1.164590022 1.168219006 1.17184799 1.169860484 1.160150305 1.150440125 1.140729946 1.131019766 1.121309587 1.111599408 1.108755337 1.107742228 1.10672912 1.105716011 1.104702903 1.103689794 1.10573591 1.124097886 1.142459862 1.160821838 1.179183815 1.197545791 1.215907767 1.218184266 1.205983835 1.193783404 1.181582974 1.169382543 1.157182112 1.144981681 1.132094873 1.119127315 1.106159757 1.093192198 1.08022464 1.067257082 1.056923797 1.053966481 1.051009164 1.048051848 1.045094531 1.042137214 1.039179898 1.034462707 1.028718922 1.022975138 1.017231353 1.011487569 1.005743784 1 
1.427724696 1.407900079 1.388075463 1.368250846 1.34842623 1.328601614 1.304957778 1.273038968 1.241120158 1.209201347 1.179153473 1.182782457 1.186411441 1.190040425 1.193669409 1.197298392 1.196012948 1.186302768 1.176592589 1.166882409 1.15717223 1.147462051 1.137751871 1.128041692 1.125197621 1.124184512 1.123171404 1.122158295 1.121145187 1.120132078 1.11911897 1.122184827 1.140546803 1.158908779 1.177270755 1.195632732 1.213994708 1.216271207 1.204070776 1.191870345 1.179669914 1.167469484 1.155269053 1.14242262 1.129455062 1.116487503 1.103519945 1.090552387 1.077584828 1.06461727 1.054283986 1.051326669 1.048369353 1.045412036 1.042454719 1.039497403 1.036540086 1.03358277 1.028718922 1.022975138 1.017231353 1.011487569 1.005743784 1 
1.448210839 1.428386222 1.408561606 1.38873699 1.368912373 1.349087757 1.32926314 1.302118354 1.270199544 1.238280733 1.20823286 1.211861843 1.215490827 1.219119811 1.222748795 1.222165411 1.212455232 1.202745052 1.193034873 1.183324694 1.173614514 1.163904335 1.154194155 1.144483976 1.141639905 1.140626797 1.139613688 1.13860058 1.137587471 1.136574363 1.135561254 1.134548146 1.138633744 1.15699572 1.175357696 1.193719672 1.212081649 1.214358148 1.202157717 1.189957286 1.177756855 1.165556424 1.152750367 1.139782808 1.12681525 1.113847692 1.100880133 1.087912575 1.074945017 1.061977458 1.051644174 1.048686858 1.045729541 1.042772224 1.039814908 1.036857591 1.033900275 1.030942958 1.027985641 1.022975138 1.017231353 1.011487569 1.005743784 1 
1.468696982 1.448872365 1.429047749 1.409223133 1.389398516 1.3695739 1.349749283 1.329924667 1.29927893 1.267360119 1.237312246 1.240941229 1.244570213 1.248199197 1.248317875 1.238607695 1.228897516 1.219187336 1.209477157 1.199766978 1.190056798 1.180346619 1.170636439 1.16092626 1.158082189 1.157069081 1.156055972 1.155042864 1.154029755 1.153016647 1.152003538 1.15099043 1.149977321 1.155082661 1.173444637 1.191806613 1.210168589 1.212445088 1.200244657 1.188044227 1.175843796 1.163078113 1.150110555 1.137142997 1.124175438 1.11120788 1.098240322 1.085272763 1.072305205 1.059337647 1.049004363 1.046047046 1.043089729 1.040132413 1.037175096 1.034217779 1.031260463 1.028303146 1.02534583 1.022388513 1.017231353 1.011487569 1.005743784 1 
1.489183125 1.469358508 1.449533892 1.429709276 1.409884659 1.390060043 1.370235427 1.35041081 1.328358316 1.296439506 1.266391632 1.270020616 1.273649599 1.274470338 1.264760159 1.255049979 1.2453398 1.235629621 1.225919441 1.216209262 1.206499082 1.196788903 1.187078724 1.177368544 1.174524473 1.173511365 1.172498256 1.171485148 1.170472039 1.169458931 1.168445822 1.167432714 1.166419606 1.165406497 1.171531578 1.189893554 1.20825553 1.210532029 1.198331598 1.186131167 1.17340586 1.160438302 1.147470743 1.134503185 1.121535627 1.108568068 1.09560051 1.082632952 1.069665393 1.056697835 1.046364551 1.043407234 1.040449918 1.037492601 1.034535284 1.031577968 1.028620651 1.025663335 1.022706018 1.019748701 1.016791385 1.011487569 1.005743784 1 
1.509669268 1.489844651 1.470020035 1.450195419 1.430370802 1.410546186 1.39072157 1.370896953 1.351072337 1.325518892 1.295471018 1.299100002 1.300622802 1.290912622 1.281202443 1.271492264 1.261782084 1.252071905 1.242361725 1.232651546 1.222941367 1.213231187 1.203521008 1.193810828 1.190966758 1.189953649 1.188940541 1.187927432 1.186914324 1.185901215 1.184888107 1.183874998 1.18286189 1.181848781 1.180835673 1.187980495 1.206342471 1.20861897 1.196418539 1.183733607 1.170766048 1.15779849 1.144830932 1.131863373 1.118895815 1.105928257 1.092960698 1.07999314 1.067025582 1.054058023 1.043724739 1.040767423 1.037810106 1.034852789 1.031895473 1.028938156 1.02598084 1.023023523 1.020066206 1.01710889 1.014151573 1.011194257 1.005743784 1 
1.530155411 1.510330795 1.490506178 1.470681562 1.450856945 1.431032329 1.411207713 1.391383096 1.37155848 1.351733864 1.324550404 1.326775265 1.317065086 1.307354907 1.297644727 1.287934548 1.278224368 1.268514189 1.25880401 1.24909383 1.239383651 1.229673471 1.219963292 1.210253112 1.207409042 1.206395933 1.205382825 1.204369716 1.203356608 1.202343499 1.201330391 1.200317282 1.199304174 1.198291065 1.197277957 1.196264848 1.204429412 1.20670591 1.194061353 1.181093795 1.168126237 1.155158678 1.14219112 1.129223562 1.116256003 1.103288445 1.090320887 1.077353328 1.06438577 1.051418212 1.041084928 1.038127611 1.035170294 1.032212978 1.029255661 1.026298345 1.023341028 1.020383711 1.017426395 1.014469078 1.011511761 1.008554445 1.005597128 1 
1.550641554 1.530816938 1.510992321 1.491167705 1.471343088 1.451518472 1.431693856 1.411869239 1.392044623 1.372220007 1.352927729 1.34321755 1.33350737 1.323797191 1.314087011 1.304376832 1.294666653 1.284956473 1.275246294 1.265536114 1.255825935 1.246115755 1.236405576 1.226695397 1.223851326 1.222838217 1.221825109 1.220812 1.219798892 1.218785783 1.217772675 1.216759566 1.215746458 1.214733349 1.213720241 1.212707133 1.211694024 1.2043891 1.191421542 1.178453983 1.165486425 1.152518867 1.139551308 1.12658375 1.113616192 1.100648633 1.087681075 1.074713517 1.061745958 1.0487784 1.038445116 1.035487799 1.032530483 1.029573166 1.026615849 1.023658533 1.020701216 1.0177439 1.014786583 1.011829266 1.00887195 1.005914633 1.002957317 1 
1.595739497 1.575914881 1.556090265 1.536265648 1.516441032 1.496616416 1.476791799 1.456967183 1.437142566 1.391772248 1.321388566 1.311678386 1.301968207 1.292258027 1.282547848 1.272837669 1.263127489 1.25341731 1.24370713 1.233996951 1.224286772 1.214576592 1.193901536 1.168165769 1.154141891 1.143241184 1.141187276 1.140174168 1.139161059 1.138147951 1.137134842 1.136121734 1.135108625 1.134095517 1.133082408 1.1320693 1.131056191 1.123751267 1.110783709 1.09781615 1.084848592 1.071881034 1.058913476 1.045945917 1.032978359 1.020010801 1.007043242 0.994075684 0.9837793922 0.9877298554 0.9966100699 1.019293588 1.032530483 1.029573166 1.026615849 1.023658533 1.020701216 1.0177439 1.014786583 1.011829266 1.00887195 1.005914633 1.002957317 1 
1.640837441 1.621012825 1.601188208 1.581363592 1.561538975 1.541714359 1.521889743 1.502065126 1.433987517 1.360233084 1.289849402 1.280139223 1.270429043 1.260718864 1.251008685 1.241298505 1.231588326 1.221878146 1.212167967 1.202457788 1.183469636 1.157733868 1.1319981 1.106262332 1.092238455 1.081337748 1.070437042 1.059536335 1.058523226 1.057510118 1.056497009 1.055483901 1.054470793 1.053457684 1.052444576 1.051431467 1.050418359 1.043113434 1.030145876 1.017178318 1.004210759 0.9912432011 0.9782756428 0.9653080845 0.9523405262 0.9393729679 0.9272958318 0.931246295 0.9351967582 0.9391472214 0.9480274358 0.9707109539 0.9933944719 1.01607799 1.026615849 1.023658533 1.020701216 1.0177439 1.014786583 1.011829266 1.00887195 1.005914633 1.002957317 1 
1.685935384 1.666110768 1.646286152 1.626461535 1.606636919 1.586812302 1.549957218 1.476202786 1.402448353 1.328693921 1.258310239 1.24860006 1.23888988 1.229179701 1.219469521 1.209759342 1.200049162 1.190338983 1.173037735 1.147301968 1.1215662 1.095830432 1.070094664 1.044358896 1.030335019 1.019434312 1.008533605 0.9976328987 0.9867321921 0.9768722852 0.9758591768 0.9748460683 0.9738329598 0.9728198513 0.9718067428 0.9707936343 0.9697805258 0.9624756017 0.9495080434 0.936540485 0.9235729267 0.9106053684 0.8976378101 0.8846702518 0.8717026935 0.8747627345 0.8787131977 0.8826636609 0.8866141241 0.8905645873 0.8994448018 0.9221283198 0.9448118379 0.9674953559 0.9901788739 1.012862392 1.020701216 1.0177439 1.014786583 1.011829266 1.00887195 1.005914633 1.002957317 1 
1.731033328 1.711208711 1.691384095 1.671559479 1.651734862 1.592172487 1.518418055 1.444663622 1.37090919 1.297154758 1.226771076 1.217060896 1.207350717 1.197640537 1.187930358 1.178220179 1.162605835 1.136870067 1.111134299 1.085398531 1.059662763 1.033926996 1.008191228 0.9824554597 0.9684315823 0.9575308757 0.9466301691 0.9357294624 0.9248287558 0.9139280492 0.9030273426 0.8942082355 0.8931951271 0.8921820186 0.8911689101 0.8901558016 0.8891426931 0.8818377689 0.8688702106 0.8559026523 0.842935094 0.8299675357 0.8169999774 0.818279174 0.8222296372 0.8261801004 0.8301305636 0.8340810268 0.83803149 0.8419819532 0.8508621677 0.8735456858 0.8962292038 0.9189127218 0.9415962399 0.9642797579 0.9869632759 1.009646794 1.014786583 1.011829266 1.00887195 1.005914633 1.002957317 1 
1.776131271 1.756306655 1.736482039 1.708142188 1.634387756 1.560633324 1.486878891 1.413124459 1.339370027 1.265615594 1.195231912 1.185521733 1.175811553 1.166101374 1.152173935 1.126438167 1.100702399 1.074966631 1.049230863 1.023495095 0.9977593272 0.9720235593 0.9462877914 0.9205520235 0.9065281461 0.8956274394 0.8847267328 0.8738260262 0.8629253196 0.8520246129 0.8411239063 0.8302231997 0.8193224931 0.8115441858 0.8105310774 0.8095179689 0.8085048604 0.8011999362 0.7882323779 0.7752648196 0.7622972613 0.7617956135 0.7657460767 0.76969654 0.7736470032 0.7775974664 0.7815479296 0.7854983928 0.789448856 0.7933993192 0.8022795337 0.8249630517 0.8476465697 0.8703300878 0.8930136058 0.9156971238 0.9383806419 0.9610641599 0.9837476779 1.006431196 1.00887195 1.005914633 1.002957317 1 
1.821229215 1.801404598 1.750357457 1.676603025 1.602848592 1.52909416 1.455339728 1.381585296 1.307830863 1.234076431 1.163692749 1.15398257 1.141742034 1.116006266 1.090270498 1.06453473 1.038798962 1.013063195 0.9873274267 0.9615916588 0.9358558909 0.910120123 0.8843843551 0.8586485872 0.8446247098 0.8337240032 0.8228232966 0.8119225899 0.8010218833 0.7901211767 0.7792204701 0.7683197634 0.7574190568 0.7465183502 0.7356176436 0.7288801361 0.7278670277 0.7205621035 0.7075945452 0.7053120531 0.7092625163 0.7132129795 0.7171634427 0.7211139059 0.7250643691 0.7290148323 0.7329652955 0.7369157587 0.7408662219 0.7448166851 0.7536968996 0.7763804176 0.7990639357 0.8217474537 0.8444309717 0.8671144898 0.8897980078 0.9124815258 0.9351650439 0.9578485619 0.98053208 1.003215598 1.002957317 1 
1.866327158 1.792572726 1.718818294 1.645063861 1.571309429 1.497554997 1.423800565 1.350046132 1.2762917 1.202537268 1.131310134 1.105574366 1.079838598 1.05410283 1.028367062 1.002631294 0.9768955262 0.9511597583 0.9254239904 0.8996882225 0.8739524546 0.8482166868 0.8224809189 0.796745151 0.7827212736 0.7718205669 0.7609198603 0.7500191537 0.7391184471 0.7282177404 0.7173170338 0.7064163272 0.6955156205 0.6846149139 0.6737142073 0.6628135007 0.651912794 0.6488284926 0.6527789558 0.656729419 0.6606798822 0.6646303454 0.6685808086 0.6725312718 0.676481735 0.6804321982 0.6843826614 0.6883331247 0.6922835879 0.6962340511 0.7051142655 0.7277977836 0.7504813016 0.7731648196 0.7958483377 0.8185318557 0.8412153738 0.8638988918 0.8865824098 0.9092659279 0.9319494459 0.9546329639 0.977316482 1 
2.282960151 2.042586153 1.898676115 1.824921682 1.75116725 1.677412818 1.603658385 1.529903953 1.456149521 1.382395089 1.311167954 1.285432187 1.259696419 1.233960651 1.208224883 1.182489115 1.156753347 1.131017579 1.105281811 1.079546043 1.053810276 1.028074508 0.964339891 0.8830673442 0.8573515133 0.8464508067 0.8355501 0.8246493934 0.8137486868 0.8028479802 0.7919472735 0.7810465669 0.7701458603 0.7592451537 0.748344447 0.7333165783 0.7126138617 0.6961332866 0.6834526387 0.6812758505 0.6852263137 0.6891767769 0.6931272401 0.6970777033 0.7010281665 0.7049786297 0.7089290929 0.7128795561 0.7168300193 0.7207804826 0.7262514704 0.7359799274 0.7504813016 0.7731648196 0.7958483377 0.8185318557 0.8412153738 0.8638988918 0.8865824098 0.9092659279 0.9319494459 0.9546329639 0.977316482 1 
2.699593143 2.459219146 2.218845148 2.004779503 1.931025071 1.857270639 1.783516206 1.709761774 1.636007342 1.562252909 1.491025775 1.465290007 1.43955424 1.413818472 1.388082704 1.362346936 1.336611168 1.3108754 1.285139632 1.259403864 1.201515224 1.120242678 1.038970131 0.9576975839 0.931981753 0.9210810464 0.9101803398 0.8992796332 0.8883789265 0.8774782199 0.8665775133 0.8556768067 0.8447761 0.8307800219 0.8100773053 0.7893745887 0.7686718721 0.7521912969 0.7395106491 0.7268300012 0.7141493534 0.7137232084 0.7176736716 0.7216241348 0.725574598 0.7295250612 0.7334755244 0.7374259876 0.7413764508 0.745326914 0.7507979019 0.7605263589 0.7702548159 0.7799832728 0.7958483377 0.8185318557 0.8412153738 0.8638988918 0.8865824098 0.9092659279 0.9319494459 0.9546329639 0.977316482 1 
3.116226135 2.875852138 2.635478141 2.395104143 2.154730146 2.037128459 1.963374027 1.889619595 1.815865163 1.74211073 1.670883596 1.645147828 1.61941206 1.593676292 1.567940525 1.542204757 1.516468989 1.490733221 1.438690558 1.357418011 1.276145464 1.194872917 1.11360037 1.032327824 1.006611993 0.9957112862 0.9848105795 0.9739098729 0.9630091663 0.9521084597 0.941207753 0.9282434654 0.9075407488 0.8868380322 0.8661353156 0.845432599 0.8247298824 0.8082493073 0.7955686594 0.7828880116 0.7702073637 0.7575267159 0.744846068 0.7461705663 0.7501210295 0.7540714927 0.7580219559 0.7619724191 0.7659228823 0.7698733455 0.7753443334 0.7850727904 0.7948012474 0.8045297043 0.8142581613 0.8239866183 0.8412153738 0.8638988918 0.8865824098 0.9092659279 0.9319494459 0.9546329639 0.977316482 1 
3.532859128 3.29248513 3.052111133 2.811737135 2.571363138 2.330989141 2.143231848 2.069477416 1.995722983 1.921968551 1.850741417 1.825005649 1.799269881 1.773534113 1.747798345 1.722062578 1.675865891 1.594593344 1.513320797 1.432048251 1.350775704 1.269503157 1.18823061 1.106958063 1.081242233 1.070341526 1.059440819 1.048540113 1.037639406 1.025706909 1.005004192 0.9843014757 0.9635987591 0.9428960425 0.9221933259 0.9014906094 0.8807878928 0.8643073176 0.8516266698 0.8389460219 0.826265374 0.8135847262 0.8009040783 0.7882234305 0.7755427826 0.7786179242 0.7825683874 0.7865188506 0.7904693138 0.794419777 0.7998907649 0.8096192219 0.8193476788 0.8290761358 0.8388045928 0.8485330498 0.8582615067 0.8679899637 0.8865824098 0.9092659279 0.9319494459 0.9546329639 0.977316482 1 
3.94949212 3.709118123 3.468744125 3.228370128 2.98799613 2.747622133 2.507248136 2.266874138 2.175580804 2.101826372 2.030599238 2.00486347 1.979127702 1.953391934 1.913041224 1.831768678 1.750496131 1.669223584 1.587951037 1.50667849 1.425405944 1.344133397 1.26286085 1.181588303 1.155872472 1.144971766 1.134071059 1.123170352 1.102467636 1.081764919 1.061062203 1.040359486 1.019656769 0.9989540529 0.9782513363 0.9575486197 0.9368459031 0.920365328 0.9076846801 0.8950040322 0.8823233844 0.8696427365 0.8569620887 0.8442814408 0.831600793 0.8189201451 0.8071148189 0.8110652821 0.8150157453 0.8189662085 0.8244371964 0.8341656534 0.8438941103 0.8536225673 0.8633510243 0.8730794812 0.8828079382 0.8925363952 0.9022648522 0.9119933091 0.9319494459 0.9546329639 0.977316482 1 
4.366125112 4.125751115 3.885377118 3.64500312 3.404629123 3.164255125 2.923881128 2.683507131 2.443133133 2.281684193 2.210457059 2.184721291 2.150216558 2.068944011 1.987671464 1.906398917 1.825126371 1.743853824 1.662581277 1.58130873 1.500036183 1.418763637 1.33749109 1.256218543 1.230502712 1.219602005 1.199931079 1.179228363 1.158525646 1.13782293 1.117120213 1.096417496 1.07571478 1.055012063 1.034309347 1.01360663 0.9929039134 0.9764233383 0.9637426904 0.9510620426 0.9383813947 0.9257007469 0.913020099 0.9003394512 0.8876588033 0.8749781555 0.8622975076 0.8496168597 0.8395621768 0.84351264 0.8489836279 0.8587120849 0.8684405418 0.8781689988 0.8878974558 0.8976259127 0.9073543697 0.9170828267 0.9268112837 0.9365397406 0.9462681976 0.9559966546 0.977316482 1 
4.782758105 4.542384107 4.30201011 4.061636113 3.821262115 3.580888118 3.34051412 3.100140123 2.859766125 2.619392128 2.387391891 2.306119344 2.224846798 2.143574251 2.062301704 1.981029157 1.89975661 1.818484064 1.737211517 1.65593897 1.574666423 1.493393876 1.412121329 1.330848783 1.297394523 1.276691806 1.25598909 1.235286373 1.214583657 1.19388094 1.173178223 1.152475507 1.13177279 1.111070074 1.090367357 1.06966464 1.048961924 1.032481349 1.019800701 1.007120053 0.9944394051 0.9817587572 0.9690781094 0.9563974615 0.9437168137 0.9310361658 0.9183555179 0.9056748701 0.8929942222 0.8803135744 0.8735300594 0.8832585163 0.8929869733 0.9027154303 0.9124438873 0.9221723442 0.9319008012 0.9416292582 0.9513577151 0.9610861721 0.9708146291 0.9805430861 0.990271543 1 
4.618571935 4.494877923 4.254503925 4.014129928 3.77375593 3.533381933 3.293007936 3.052633938 2.812259941 2.571885943 2.339885707 2.25861316 2.177340613 2.096068066 2.014795519 1.933522973 1.852250426 1.770977879 1.689705332 1.608432785 1.527160238 1.445887692 1.364615145 1.310029962 1.284200663 1.263497946 1.24279523 1.222092513 1.201389796 1.18068708 1.159984363 1.139281647 1.11857893 1.097876213 1.077173497 1.05647078 1.03994944 1.031584878 1.022051939 1.009371292 0.9966906437 0.9840099959 0.971329348 0.9586487002 0.9459680523 0.9332874045 0.9206067566 0.9079261088 0.8952454609 0.8825648131 0.875155954 0.8832585163 0.8929869733 0.9027154303 0.9124438873 0.9221723442 0.9319008012 0.9416292582 0.9513577151 0.9610861721 0.9708146291 0.9805430861 0.990271543 1 
4.454385765 4.378228043 4.206997741 3.966623743 3.726249746 3.485875748 3.245501751 3.005127754 2.764753756 2.524379759 2.292379522 2.211106975 2.129834428 2.048561882 1.967289335 1.886016788 1.804744241 1.723471694 1.642199147 1.560926601 1.479654054 1.398381507 1.341890083 1.296836101 1.271006803 1.250304086 1.229601369 1.208898653 1.188195936 1.16749322 1.146790503 1.126087786 1.10538507 1.084682353 1.063979637 1.046993699 1.035118331 1.026753769 1.021548932 1.01162253 0.9989418824 0.9862612346 0.9735805867 0.9608999389 0.948219291 0.9355386431 0.9228579953 0.9101773474 0.8974966996 0.8848160517 0.8774071926 0.8847593421 0.8929869733 0.9027154303 0.9124438873 0.9221723442 0.9319008012 0.9416292582 0.9513577151 0.9610861721 0.9708146291 0.9805430861 0.990271543 1 
4.290199596 4.214041874 4.137884151 3.919117559 3.678743561 3.438369564 3.197995566 2.957621569 2.717247572 2.476873574 2.244873337 2.163600791 2.082328244 2.001055697 1.91978315 1.838510603 1.757238057 1.67596551 1.594692963 1.513420416 1.432147869 1.373750205 1.328696223 1.283642241 1.257812942 1.237110226 1.216407509 1.195704793 1.175002076 1.154299359 1.133596643 1.112893926 1.09219121 1.071488493 1.054037958 1.04216259 1.030287223 1.021922661 1.016717824 1.011512987 1.001193121 0.9885124732 0.9758318254 0.9631511775 0.9504705297 0.9377898818 0.925109234 0.9124285861 0.8997479383 0.8870672904 0.8796584313 0.8870105808 0.8943627303 0.9027154303 0.9124438873 0.9221723442 0.9319008012 0.9416292582 0.9513577151 0.9610861721 0.9708146291 0.9805430861 0.990271543 1 
4.126013426 4.049855704 3.973697982 3.871611374 3.631237377 3.390863379 3.150489382 2.910115384 2.669741387 2.42936739 2.197367153 2.116094606 2.034822059 1.953549512 1.872276966 1.791004419 1.709731872 1.628459325 1.547186778 1.465914231 1.405610327 1.360556345 1.315502363 1.270448381 1.244619082 1.223916366 1.203213649 1.182510932 1.161808216 1.141105499 1.120402783 1.099700066 1.078997349 1.061082217 1.049206849 1.037331482 1.025456115 1.017091553 1.011886715 1.006681878 1.001477041 0.9907637119 0.9780830641 0.9654024162 0.9527217683 0.9400411205 0.9273604726 0.9146798248 0.9019991769 0.8893185291 0.88190967 0.8892618195 0.896613969 0.9039661184 0.9124438873 0.9221723442 0.9319008012 0.9416292582 0.9513577151 0.9610861721 0.9708146291 0.9805430861 0.990271543 1 
3.961827256 3.885669534 3.809511812 3.73335409 3.583731192 3.343357195 3.102983197 2.8626092 2.622235202 2.381861205 2.149860968 2.068588421 1.987315875 1.906043328 1.824770781 1.743498234 1.662225687 1.58095314 1.499680594 1.437470449 1.392416467 1.347362485 1.302308503 1.257254521 1.231425222 1.210722505 1.190019789 1.169317072 1.148614356 1.127911639 1.107208922 1.086506206 1.068126476 1.056251109 1.044375741 1.032500374 1.020625006 1.012260444 1.007055607 1.00185077 0.9966459329 0.9914410957 0.9803343027 0.9676536549 0.954973007 0.9422923592 0.9296117113 0.9169310635 0.9042504156 0.8915697677 0.8841609087 0.8915130581 0.8988652076 0.9062173571 0.9135695066 0.9221723442 0.9319008012 0.9416292582 0.9513577151 0.9610861721 0.9708146291 0.9805430861 0.990271543 1 
3.797641086 3.721483364 3.645325642 3.56916792 3.493010198 3.29585101 3.055477013 2.815103015 2.574729018 2.33435502 2.102354784 2.021082237 1.93980969 1.858537143 1.777264596 1.695992049 1.614719503 1.533446956 1.469330571 1.424276589 1.379222607 1.334168625 1.289114643 1.244060661 1.218231362 1.197528645 1.176825929 1.156123212 1.135420495 1.114717779 1.094015062 1.075170735 1.063295368 1.05142 1.039544633 1.027669265 1.015793898 1.007429336 1.002224499 0.9970196617 0.9918148245 0.9866099874 0.9814051502 0.9699048935 0.9572242457 0.9445435978 0.93186295 0.9191823021 0.9065016543 0.8938210064 0.8864121473 0.8937642968 0.9011164463 0.9084685958 0.9158207453 0.9231728948 0.9319008012 0.9416292582 0.9513577151 0.9610861721 0.9708146291 0.9805430861 0.990271543 1 
3.633454917 3.557297195 3.481139473 3.40498175 3.328824028 3.248344825 3.007970828 2.767596831 2.527222833 2.286848836 2.054848599 1.973576052 1.892303505 1.811030958 1.729758412 1.648485865 1.567213318 1.501190693 1.456136711 1.411082729 1.366028747 1.320974765 1.275920783 1.2308668 1.205037502 1.184334785 1.163632068 1.142929352 1.122226635 1.101523919 1.082214994 1.070339627 1.058464259 1.046588892 1.034713524 1.022838157 1.01096279 1.002598228 0.9973933905 0.9921885534 0.9869837162 0.9817788791 0.9765740419 0.9713692048 0.9594754844 0.9467948365 0.9341141887 0.9214335408 0.9087528929 0.8960722451 0.888663386 0.8960155355 0.903367685 0.9107198345 0.9180719839 0.9254241334 0.9327762829 0.9416292582 0.9513577151 0.9610861721 0.9708146291 0.9805430861 0.990271543 1 
3.469268747 3.393111025 3.316953303 3.240795581 3.164637859 3.088480137 2.960464643 2.720090646 2.479716649 2.239342651 2.007342414 1.926069868 1.844797321 1.763524774 1.682252227 1.60097968 1.533050815 1.487996833 1.442942851 1.397888869 1.352834887 1.307780905 1.262726922 1.21767294 1.191843641 1.171140925 1.150438208 1.129735492 1.109032775 1.089259253 1.077383886 1.065508518 1.053633151 1.041757784 1.029882416 1.018007049 1.006131681 0.9977671194 0.9925622822 0.9873574451 0.9821526079 0.9769477708 0.9717429336 0.9665380965 0.9613332593 0.9490460752 0.9363654273 0.9236847795 0.9110041316 0.8983234838 0.8909146247 0.8982667742 0.9056189236 0.9129710731 0.9203232226 0.9276753721 0.9350275216 0.9423796711 0.9513577151 0.9610861721 0.9708146291 0.9805430861 0.990271543 1 
3.305082577 3.228924855 3.152767133 3.076609411 3.000451689 2.924293967 2.848136245 2.672584461 2.432210464 2.191836467 1.95983623 1.878563683 1.797291136 1.716018589 1.634746042 1.564910937 1.519856955 1.474802973 1.429748991 1.384695009 1.339641026 1.294587044 1.249533062 1.20447908 1.178649781 1.157947065 1.137244348 1.116541632 1.096303512 1.084428145 1.072552777 1.06067741 1.048802043 1.036926675 1.025051308 1.01317594 1.001300573 0.9929360111 0.9877311739 0.9825263368 0.9773214996 0.9721166625 0.9669118253 0.9617069882 0.956502151 0.9512973139 0.938616666 0.9259360181 0.9132553703 0.9005747224 0.8931658634 0.9005180128 0.9078701623 0.9152223118 0.9225744613 0.9299266108 0.9372787603 0.9446309097 0.9519830592 0.9610861721 0.9708146291 0.9805430861 0.990271543 1 
3.140896407 3.064738685 2.988580963 2.912423241 2.836265519 2.760107797 2.683950075 2.607792353 2.384704279 2.144330282 1.912330045 1.831057498 1.749784951 1.668512405 1.596771059 1.551717077 1.506663095 1.461609113 1.416555131 1.371501148 1.326447166 1.281393184 1.236339202 1.19128522 1.165455921 1.144753205 1.124050488 1.103347771 1.091472404 1.079597037 1.067721669 1.055846302 1.043970934 1.032095567 1.0202202 1.008344832 0.9964694648 0.9881049028 0.9829000656 0.9776952285 0.9724903913 0.9672855542 0.962080717 0.9568758799 0.9516710427 0.9464662056 0.9408679047 0.9281872568 0.915506609 0.9028259611 0.895417102 0.9027692515 0.910121401 0.9174735505 0.9248257 0.9321778494 0.9395299989 0.9468821484 0.9542342979 0.9615864474 0.9708146291 0.9805430861 0.990271543 1 
2.976710238 2.900552516 2.824394794 2.748237072 2.672079349 2.595921627 2.519763905 2.443606183 2.337198095 2.096824097 1.86482386 1.783551314 1.702278767 1.628631181 1.583577199 1.538523217 1.493469235 1.448415253 1.40336127 1.358307288 1.313253306 1.268199324 1.223145342 1.17809136 1.152262061 1.131559344 1.110856628 1.098516663 1.086641296 1.074765928 1.062890561 1.051015193 1.039139826 1.027264459 1.015389091 1.003513724 0.9916383565 0.9832737945 0.9780689573 0.9728641202 0.967659283 0.9624544459 0.9572496087 0.9520447715 0.9468399344 0.9416350972 0.9364302601 0.9304384955 0.9177578476 0.9050771998 0.8976683407 0.9050204902 0.9123726397 0.9197247892 0.9270769386 0.9344290881 0.9417812376 0.9491333871 0.9564855366 0.963837686 0.9711898355 0.9805430861 0.990271543 1 
2.812524068 2.736366346 2.660208624 2.584050902 2.50789318 2.431735458 2.355577736 2.279420014 2.203262292 2.049317913 1.817317676 1.736045129 1.660491303 1.615437321 1.570383339 1.525329357 1.480275374 1.435221392 1.39016741 1.345113428 1.300059446 1.255005464 1.209951482 1.1648975 1.139068201 1.118365484 1.105560922 1.093685555 1.081810187 1.06993482 1.058059453 1.046184085 1.034308718 1.02243335 1.010557983 0.9986826156 0.9868072482 0.9784426861 0.973237849 0.9680330118 0.9628281747 0.9576233375 0.9524185004 0.9472136632 0.9420088261 0.9368039889 0.9315991518 0.9263943146 0.9200090863 0.9073284385 0.8999195794 0.9072717289 0.9146238783 0.9219760278 0.9293281773 0.9366803268 0.9440324763 0.9513846258 0.9587367752 0.9660889247 0.9734410742 0.9807932237 0.990271543 1 
2.648337898 2.572180176 2.496022454 2.419864732 2.34370701 2.267549288 2.191391566 2.115233844 2.039076122 1.9629184 1.769811491 1.692351425 1.647297443 1.602243461 1.557189479 1.512135496 1.467081514 1.422027532 1.37697355 1.331919568 1.286865586 1.241811604 1.196757622 1.151703639 1.125874341 1.112605181 1.100729814 1.088854446 1.076979079 1.065103712 1.053228344 1.041352977 1.029477609 1.017602242 1.005726875 0.9938515072 0.9819761398 0.9736115778 0.9684067407 0.9632019035 0.9579970664 0.9527922292 0.9475873921 0.9423825549 0.9371777178 0.9319728806 0.9267680435 0.9215632063 0.9163583692 0.9095796771 0.9021708181 0.9095229675 0.916875117 0.9242272665 0.931579416 0.9389315655 0.9462837149 0.9536358644 0.9609880139 0.9683401634 0.9756923129 0.9830444624 0.9903966118 1 
2.484151729 2.407994006 2.331836284 2.255678562 2.17952084 2.103363118 2.027205396 1.951047674 1.874889952 1.79873223 1.724211547 1.679157565 1.634103583 1.589049601 1.543995618 1.498941636 1.453887654 1.408833672 1.36377969 1.318725708 1.273671726 1.228617743 1.183563761 1.138509779 1.11964944 1.107774073 1.095898706 1.084023338 1.072147971 1.060272603 1.048397236 1.036521869 1.024646501 1.012771134 1.000895766 0.9890203989 0.9771450315 0.9687804695 0.9635756324 0.9583707952 0.9531659581 0.9479611209 0.9427562838 0.9375514466 0.9323466095 0.9271417723 0.9219369352 0.916732098 0.9115272609 0.9063224237 0.9044220567 0.9117742062 0.9191263557 0.9264785052 0.9338306547 0.9411828041 0.9485349536 0.9558871031 0.9632392526 0.9705914021 0.9779435516 0.985295701 0.9926478505 1 
2.445489625 2.368447274 2.292289551 2.216131829 2.139974107 2.063816385 1.987658663 1.911500941 1.835343219 1.759185497 1.684664814 1.639610832 1.59455685 1.549502868 1.504448885 1.459394903 1.414340921 1.369286939 1.324232957 1.279178975 1.234124993 1.189071011 1.144017028 1.125242183 1.113890169 1.102014802 1.090139435 1.078264067 1.0663887 1.054513332 1.042637965 1.030762598 1.01888723 1.007011863 0.9951364954 0.983261128 0.9803758446 0.9791220232 0.9724137113 0.9672088741 0.962004037 0.9567991998 0.9515943627 0.9463895255 0.9411846884 0.9359798512 0.9307750141 0.9255701769 0.9203653398 0.9151605026 0.9108051137 0.9117742062 0.9191263557 0.9264785052 0.9338306547 0.9411828041 0.9485349536 0.9558871031 0.9632392526 0.9705914021 0.9779435516 0.985295701 0.9926478505 1 
2.406827521 2.329424765 2.252742818 2.176585096 2.100427374 2.024269652 1.94811193 1.871954208 1.795796486 1.719638764 1.645118081 1.600064099 1.555010117 1.509956135 1.464902152 1.41984817 1.374794188 1.329740206 1.284686224 1.239632242 1.19457826 1.149524278 1.128872351 1.119482912 1.108130898 1.096255531 1.084380164 1.072504796 1.060629429 1.048754061 1.036878694 1.025003327 1.013127959 1.001252592 0.9893772244 0.9854930428 0.9925967417 0.9913429203 0.9825673306 0.976046953 0.9708421159 0.9656372787 0.9604324416 0.9552276044 0.9500227673 0.9448179301 0.939613093 0.9344082558 0.9292034187 0.9239985815 0.9196431926 0.9176662588 0.9191263557 0.9264785052 0.9338306547 0.9411828041 0.9485349536 0.9558871031 0.9632392526 0.9705914021 0.9779435516 0.985295701 0.9926478505 1 
2.368165417 2.290762662 2.213359906 2.137038363 2.060880641 1.984722919 1.908565197 1.832407475 1.756249753 1.680092031 1.605571348 1.560517366 1.515463384 1.470409402 1.425355419 1.380301437 1.335247455 1.290193473 1.245139491 1.200085509 1.155031527 1.132502519 1.12311308 1.113723641 1.102371627 1.09049626 1.078620893 1.066745525 1.054870158 1.04299479 1.031119423 1.019244056 1.007368688 0.9954933209 0.990610241 0.9977139399 1.004817639 1.003563817 0.9947882277 0.986012638 0.9796801948 0.9744753576 0.9692705205 0.9640656833 0.9588608462 0.953656009 0.9484511719 0.9432463347 0.9380414976 0.9328366604 0.9284812715 0.9265043377 0.9245274039 0.9264785052 0.9338306547 0.9411828041 0.9485349536 0.9558871031 0.9632392526 0.9705914021 0.9779435516 0.985295701 0.9926478505 1 
2.329503314 2.252100558 2.174697802 2.09749163 2.021333908 1.945176186 1.869018464 1.792860742 1.71670302 1.640545298 1.566024615 1.520970633 1.475916651 1.430862669 1.385808686 1.340754704 1.295700722 1.25064674 1.205592758 1.160538776 1.136132687 1.126743248 1.117353809 1.107964371 1.096612356 1.084736989 1.072861622 1.060986254 1.049110887 1.03723552 1.025360152 1.013484785 1.001609417 0.9957274393 1.002831138 1.009934837 1.017038536 1.015784714 1.007009125 0.9982335351 0.9894579454 0.9833134366 0.9781085994 0.9729037622 0.9676989251 0.9624940879 0.9572892508 0.9520844136 0.9468795765 0.9416747393 0.9373193504 0.9353424166 0.9333654828 0.931388549 0.9338306547 0.9411828041 0.9485349536 0.9558871031 0.9632392526 0.9705914021 0.9779435516 0.985295701 0.9926478505 1 
2.29084121 2.213438454 2.136035698 2.058632942 1.981787175 1.905629453 1.829471731 1.753314009 1.677156287 1.600998565 1.526477882 1.4814239 1.436369918 1.391315936 1.346261954 1.301207971 1.256153989 1.211100007 1.166046025 1.139762855 1.130373416 1.120983977 1.111594538 1.1022051 1.090853086 1.078977718 1.067102351 1.055226983 1.043351616 1.031476249 1.019600881 1.007725514 1.000844637 1.007948336 1.015052035 1.022155734 1.029259433 1.028005612 1.019230022 1.010454432 1.001678843 0.9929032528 0.9869466783 0.9817418412 0.976537004 0.9713321668 0.9661273297 0.9609224925 0.9557176554 0.9505128182 0.9461574293 0.9441804955 0.9422035617 0.9402266279 0.9382496941 0.9411828041 0.9485349536 0.9558871031 0.9632392526 0.9705914021 0.9779435516 0.985295701 0.9926478505 1 
2.252179106 2.17477635 2.097373595 2.019970839 1.942568083 1.86608272 1.789924998 1.713767276 1.637609554 1.561451832 1.486931149 1.441877167 1.396823185 1.351769203 1.306715221 1.261661238 1.216607256 1.171553274 1.143393023 1.134003584 1.124614145 1.115224706 1.105835267 1.096445829 1.085093815 1.073218447 1.06134308 1.049467712 1.037592345 1.025716978 1.01384161 1.005961836 1.013065535 1.020169233 1.027272932 1.034376631 1.04148033 1.040226509 1.031450919 1.022675329 1.01389974 1.00512415 0.9963485602 0.9905799201 0.9853750829 0.9801702458 0.9749654086 0.9697605715 0.9645557343 0.9593508971 0.9549955082 0.9530185744 0.9510416406 0.9490647068 0.947087773 0.9451108392 0.9485349536 0.9558871031 0.9632392526 0.9705914021 0.9779435516 0.985295701 0.9926478505 1 
2.213517003 2.136114247 2.058711491 1.981308735 1.903905979 1.826535987 1.750378265 1.674220543 1.598062821 1.521905099 1.447384416 1.402330434 1.357276452 1.31222247 1.267168488 1.222114505 1.177060523 1.147023191 1.137633752 1.128244313 1.118854874 1.109465435 1.100075997 1.090686558 1.079334544 1.067459176 1.055583809 1.043708441 1.031833074 1.019957707 1.011079034 1.018182733 1.025286432 1.032390131 1.039493829 1.046597528 1.053701227 1.052447406 1.043671816 1.034896226 1.026120637 1.017345047 1.008569457 0.9997938677 0.9942131618 0.9890083247 0.9838034875 0.9785986504 0.9733938132 0.9681889761 0.9638335871 0.9618566533 0.9598797195 0.9579027857 0.9559258519 0.9539489181 0.9519719843 0.9558871031 0.9632392526 0.9705914021 0.9779435516 0.985295701 0.9926478505 1 
2.174854899 2.097452143 2.020049387 1.942646631 1.865243875 1.78784112 1.710831532 1.63467381 1.558516088 1.482358366 1.407837683 1.362783701 1.317729719 1.272675737 1.227621755 1.182567772 1.150653359 1.14126392 1.131874481 1.122485042 1.113095603 1.103706164 1.094316726 1.084927287 1.073575273 1.061699905 1.049824538 1.03794917 1.026073803 1.016196232 1.023299931 1.03040363 1.037507329 1.044611028 1.051714726 1.058818425 1.065922124 1.064668303 1.055892713 1.047117123 1.038341534 1.029565944 1.020790354 1.012014765 1.003239175 0.9978464036 0.9926415664 0.9874367293 0.9822318921 0.977027055 0.9726716661 0.9706947322 0.9687177984 0.9667408646 0.9647639308 0.962786997 0.9608100632 0.9588331294 0.9632392526 0.9705914021 0.9779435516 0.985295701 0.9926478505 1 
2.136192795 2.058790039 1.981387283 1.903984528 1.826581772 1.749179016 1.67177626 1.595127077 1.518969355 1.442811633 1.36829095 1.323236968 1.278182986 1.233129004 1.188075022 1.154283527 1.144894088 1.135504649 1.12611521 1.116725771 1.107336332 1.097946894 1.088557455 1.079168016 1.067816002 1.055940634 1.044065267 1.0321899 1.02131343 1.028417129 1.035520828 1.042624527 1.049728226 1.056831925 1.063935624 1.071039322 1.078143021 1.0768892 1.06811361 1.059338021 1.050562431 1.041786841 1.033011252 1.024235662 1.015460072 1.006684482 1.001479645 0.9962748082 0.991069971 0.9858651339 0.981509745 0.9795328112 0.9775558773 0.9755789435 0.9736020097 0.9716250759 0.9696481421 0.9676712083 0.9656942745 0.9705914021 0.9779435516 0.985295701 0.9926478505 1 
2.097530691 2.020127936 1.94272518 1.865322424 1.787919668 1.710516912 1.633114156 1.555711401 1.479422622 1.4032649 1.328744217 1.283690235 1.238636253 1.193582271 1.157913695 1.148524256 1.139134817 1.129745378 1.120355939 1.1109665 1.101577061 1.092187623 1.082798184 1.073408745 1.062056731 1.050181363 1.038305996 1.026430629 1.033534327 1.040638026 1.047741725 1.054845424 1.061949123 1.069052822 1.076156521 1.08326022 1.090363918 1.089110097 1.080334507 1.071558918 1.062783328 1.054007738 1.045232149 1.036456559 1.027680969 1.01890538 1.010317724 1.005112887 0.9999080499 0.9947032128 0.9903478239 0.9883708901 0.9863939563 0.9844170224 0.9824400886 0.9804631548 0.978486221 0.9765092872 0.9745323534 0.9725554196 0.9779435516 0.985295701 0.9926478505 1 
2.058868588 1.981465832 1.904063076 1.82666032 1.749257564 1.671854809 1.594452053 1.517049297 1.439875889 1.363718167 1.289197484 1.244143502 1.19908952 1.161543863 1.152154424 1.142764985 1.133375546 1.123986107 1.114596668 1.105207229 1.09581779 1.086428352 1.077038913 1.067649474 1.05629746 1.044422092 1.032546725 1.038651526 1.045755225 1.052858923 1.059962622 1.067066321 1.07417002 1.081273719 1.088377418 1.095481117 1.102584816 1.101330994 1.092555404 1.083779815 1.075004225 1.066228635 1.057453046 1.048677456 1.039901866 1.031126277 1.022350687 1.013950966 1.008746129 1.003541292 0.9991859028 0.997208969 0.9952320352 0.9932551014 0.9912781675 0.9893012337 0.9873242999 0.9853473661 0.9833704323 0.9813934985 0.9794165647 0.985295701 0.9926478505 1 
2.020206484 1.942803728 1.865400972 1.787998216 1.710595461 1.633192705 1.555789949 1.478387193 1.400984437 1.324171434 1.249650751 1.204596769 1.165174031 1.155784592 1.146395153 1.137005714 1.127616275 1.118226836 1.108837397 1.099447958 1.09005852 1.080669081 1.071279642 1.061890203 1.050538189 1.038662821 1.043768724 1.050872423 1.057976122 1.065079821 1.072183519 1.079287218 1.086390917 1.093494616 1.100598315 1.107702014 1.114805713 1.113551891 1.104776302 1.096000712 1.087225122 1.078449532 1.069673943 1.060898353 1.052122763 1.043347174 1.034571584 1.025795994 1.017584208 1.012379371 1.008023982 1.006047048 1.004070114 1.00209318 1.000116246 0.9981393126 0.9961623788 0.994185445 0.9922085112 0.9902315774 0.9882546436 0.9862777098 0.9926478505 1 
1.98154438 1.904141624 1.826738869 1.749336113 1.671933357 1.594530601 1.517127845 1.439725089 1.362322334 1.284919578 1.210104018 1.168804199 1.15941476 1.150025321 1.140635882 1.131246443 1.121857004 1.112467565 1.103078126 1.093688687 1.084299249 1.07490981 1.065520371 1.056130932 1.044778918 1.048885922 1.055989621 1.06309332 1.070197019 1.077300718 1.084404416 1.091508115 1.098611814 1.105715513 1.112819212 1.119922911 1.12702661 1.125772788 1.116997199 1.108221609 1.099446019 1.09067043 1.08189484 1.07311925 1.064343661 1.055568071 1.046792481 1.038016891 1.029241302 1.021217449 1.016862061 1.014885127 1.012908193 1.010931259 1.008954325 1.006977392 1.005000458 1.003023524 1.00104659 0.9990696563 0.9970927225 0.9951157887 0.9931388549 1 
1.942882277 1.865479521 1.788076765 1.710674009 1.633271253 1.555868497 1.478465742 1.401062986 1.32366023 1.246257474 1.172434366 1.163044928 1.153655489 1.14426605 1.134876611 1.125487172 1.116097733 1.106708294 1.097318855 1.087929417 1.078539978 1.069150539 1.0597611 1.050371661 1.05400312 1.061106819 1.068210518 1.075314217 1.082417916 1.089521615 1.096625314 1.103729012 1.110832711 1.11793641 1.125040109 1.132143808 1.139247507 1.137993685 1.129218096 1.120442506 1.111666916 1.102891327 1.094115737 1.085340147 1.076564558 1.067788968 1.059013378 1.050237789 1.041462199 1.032686609 1.025700139 1.023723206 1.021746272 1.019769338 1.017792404 1.01581547 1.013838537 1.011861603 1.009884669 1.007907735 1.005930801 1.003953868 1.001976934 1 
