0.07216864786 0.08003078095 0.08789291403 0.09575504711 0.1036171802 0.1114793133 0.1193414464 0.1272035794 0.1350657125 0.1429278456 0.1500038806 0.1429301507 0.1358564207 0.1287826907 0.1217089608 0.1146352308 0.1075615008 0.1004877709 0.0934140409 0.08634031093 0.07926658097 0.072192851 0.06511912103 0.05804539107 0.05732880354 0.058307454 0.05928610446 0.06026475492 0.06124340538 0.06222205584 0.0632007063 0.06417935676 0.06515800722 0.06613665768 0.06711530814 0.0680939586 0.06907260906 0.06690838236 0.0619155662 0.05692275004 0.05192993388 0.04693711773 0.04194430157 0.03695148541 0.03195866925 0.0269658531 0.02197303694 0.01698022078 0.01198740463 0.006994588468 0.00324988417 0.00299989308 0.00274990199 0.0024999109 0.00224991981 0.00199992872 0.00174993763 0.00149994654 0.00124995545 0.0009999643601 0.0007499732701 0.00049998218 0.00024999109 0 
2.14103065 2.148892784 2.156754917 2.16461705 2.172479183 2.180341316 2.188203449 2.196065582 2.203927715 1.96748571 1.740029771 1.732956041 1.725882311 1.718808581 1.711734852 1.704661122 1.697587392 1.690513662 1.683439932 1.676366202 1.669292472 1.592368893 1.395702718 1.199036542 1.006455133 0.8149629959 0.6639910242 0.6649696747 0.6659483252 0.6669269756 0.6679056261 0.6688842765 0.669862927 0.6708415775 0.6718202279 0.6727988784 0.6737775288 0.6716133021 0.666620486 0.6616276698 0.6566348537 0.6516420375 0.6466492213 0.6416564052 0.636663589 0.6316707729 0.6266779567 0.6216851406 0.4906747509 0.3360360661 0.199701893 0.1146203527 0.02953881229 0.0024999109 0.00224991981 0.00199992872 0.00174993763 0.00149994654 0.00124995545 0.0009999643601 0.0007499732701 0.00049998218 0.00024999109 0 
4.209892653 4.217754786 4.225616919 4.233479052 4.241341185 4.249203318 4.257065452 4.036910389 3.797210994 3.5575116 3.330055662 3.322981932 3.315908202 3.308834472 3.301760742 3.294687012 3.287613282 3.280539552 3.273465822 3.086778197 2.890112021 2.693445845 2.49677967 2.300113494 2.107532086 1.916039948 1.72454781 1.533055673 1.341563535 1.271631895 1.272610546 1.273589196 1.274567847 1.275546497 1.276525148 1.277503798 1.278482449 1.276318222 1.271325406 1.26633259 1.261339773 1.256346957 1.251354141 1.246361325 1.241368509 1.173366906 1.018728221 0.8640895364 0.7094508516 0.5548121669 0.4184779938 0.3333964534 0.2483149131 0.1632333727 0.07815183233 0.00199992872 0.00174993763 0.00149994654 0.00124995545 0.0009999643601 0.0007499732701 0.00049998218 0.00024999109 0 
6.278754656 6.286616789 6.294478922 6.302341055 6.310203188 6.106335068 5.866635673 5.626936279 5.387236885 5.147537491 4.920081553 4.913007823 4.905934093 4.898860363 4.891786633 4.884712903 4.777853675 4.5811875 4.384521324 4.187855149 3.991188973 3.794522797 3.597856622 3.401190446 3.208609038 3.0171169 2.825624762 2.634132625 2.442640487 2.25114835 2.059656212 1.878294116 1.879272767 1.880251417 1.881230067 1.882208718 1.883187368 1.881023142 1.876030326 1.871037509 1.866044693 1.861051877 1.856059061 1.701420376 1.546781691 1.392143007 1.237504322 1.082865637 0.9282269524 0.7735882677 0.6372540946 0.5521725542 0.4670910139 0.3820094735 0.2969279331 0.2118463927 0.1267648524 0.04168331199 0.00124995545 0.0009999643601 0.0007499732701 0.00049998218 0.00024999109 0 
8.347616658 8.355478791 8.363340924 8.175759747 7.936060352 7.696360958 7.456661564 7.21696217 6.977262776 6.737563382 6.510107444 6.503033714 6.495959984 6.468929154 6.272262979 6.075596803 5.878930627 5.682264452 5.485598276 5.288932101 5.092265925 4.89559975 4.698933574 4.502267398 4.30968599 4.118193852 3.926701715 3.735209577 3.543717439 3.352225302 3.160733164 2.969241027 2.777748889 2.586256752 2.485934987 2.486913638 2.487892288 2.485728061 2.480735245 2.475742429 2.384112531 2.229473846 2.074835162 1.920196477 1.765557792 1.610919107 1.456280423 1.301641738 1.147003053 0.9923643684 0.8560301954 0.770948655 0.6858671146 0.6007855743 0.5157040339 0.4306224935 0.3455409531 0.2604594128 0.1753778724 0.09029633203 0.005214791653 0.00049998218 0.00024999109 0 
10.41647866 10.24518443 10.00548503 9.765785637 9.526086243 9.286386849 9.046687455 8.806988061 8.567288667 8.327589273 8.100133334 7.963338457 7.766672282 7.570006106 7.373339931 7.176673755 6.98000758 6.783341404 6.586675228 6.390009053 6.193342877 5.996676702 5.800010526 5.60334435 5.410762942 5.219270804 5.027778667 4.836286529 4.644794391 4.453302254 4.261810116 4.070317979 3.878825841 3.687333704 3.495841566 3.304349428 3.112857291 3.066804686 2.912166001 2.757527317 2.602888632 2.448249947 2.293611262 2.138972578 1.984333893 1.829695208 1.675056523 1.520417839 1.365779154 1.211140469 1.074806296 0.9897247558 0.9046432154 0.819561675 0.7344801347 0.6493985943 0.5643170539 0.4792355136 0.3941539732 0.3090724328 0.2239908924 0.1389093521 0.05382781169 0 
13.85635466 13.3524026 13.02647339 12.786774 12.5470746 12.30737521 12.06767581 11.82797642 11.58827703 11.34857763 11.11114314 10.91447697 10.71781079 10.52114462 10.32447844 10.12781227 9.931146091 9.734479915 9.53781374 9.341147564 9.144481389 8.947815213 8.473796198 7.779988141 7.147180178 6.53958731 6.348095173 6.156603035 5.965110898 5.77361876 5.582126623 5.390634485 5.199142347 5.00765021 4.816158072 4.624665935 4.433173797 4.261078214 4.106439529 3.951800844 3.797162159 3.642523475 3.48788479 3.333246105 3.17860742 3.023968736 2.869330051 2.714691366 2.548526563 2.028894122 1.546599747 1.168851958 0.9358969441 0.8508154037 0.7657338634 0.680652323 0.5955707826 0.5104892422 0.4254077019 0.3403261615 0.2552446211 0.1701630807 0.08508154037 0 
17.52473299 17.02078093 16.51682888 16.0462561 15.80655671 15.56685731 15.32715792 15.08745853 14.84775913 14.60805974 14.37062525 14.17395907 13.9772929 13.78062672 13.58396055 13.38729437 13.1906282 12.99396202 12.79729584 12.60062967 12.09521222 11.40140416 10.7075961 10.01378805 9.380980085 8.764438814 8.147897543 7.531356273 7.32196733 7.130475192 6.938983054 6.747490917 6.555998779 6.364506642 6.173014504 5.981522367 5.790030229 5.617934646 5.463295961 5.308657276 5.154018591 4.999379907 4.844741222 4.690102537 4.535463852 4.380825168 4.191608127 3.671975686 3.152343245 2.632710804 2.150416429 1.772668639 1.39492085 1.017173061 0.7657338634 0.680652323 0.5955707826 0.5104892422 0.4254077019 0.3403261615 0.2552446211 0.1701630807 0.08508154037 0 
21.19311132 20.68915926 20.18520721 19.68125515 19.17730309 18.82633942 18.58664002 18.34694063 18.10724124 17.86754184 17.63010735 17.43344118 17.236775 17.04010883 16.84344265 16.64677648 16.4501103 16.25344412 15.71662824 15.02282018 14.32901213 13.63520407 12.94139601 12.24758795 11.61477999 10.99823872 10.38169745 9.765156179 9.148614909 8.532073638 8.295839486 8.104347349 7.912855211 7.721363074 7.529870936 7.338378798 7.146886661 6.974791077 6.820152393 6.665513708 6.510875023 6.356236338 6.201597654 6.046958969 5.834689691 5.31505725 4.795424809 4.275792368 3.756159927 3.236527485 2.754233111 2.376485321 1.998737532 1.620989743 1.243241954 0.8654941644 0.5955707826 0.5104892422 0.4254077019 0.3403261615 0.2552446211 0.1701630807 0.08508154037 0 
24.86148965 24.35753759 23.85358554 23.34963348 22.84568142 22.34172936 21.84612213 21.60642273 21.36672334 21.12702395 20.88958946 20.69292328 20.49625711 20.29959093 20.10292476 19.90625858 19.33804426 18.6442362 17.95042815 17.25662009 16.56281203 15.86900398 15.17519592 14.48138786 13.8485799 13.23203863 12.61549736 11.99895609 11.38241482 10.76587354 10.14933227 9.532791003 9.269711643 9.078219505 8.886727368 8.69523523 8.503743093 8.331647509 8.177008825 8.02237014 7.867731455 7.71309277 7.477771255 6.958138814 6.438506373 5.918873932 5.399241491 4.87960905 4.359976608 3.840344167 3.358049793 2.980302003 2.602554214 2.224806425 1.847058636 1.469310846 1.091563057 0.7138152678 0.4254077019 0.3403261615 0.2552446211 0.1701630807 0.08508154037 0 
28.52986798 28.02591593 27.52196387 27.01801181 26.51405975 26.0101077 25.50615564 25.00220358 24.62620544 24.38650605 24.14907156 23.95240539 23.75573921 23.55907304 22.95946028 22.26565223 21.57184417 20.87803611 20.18422805 19.49042 18.79661194 18.10280388 17.40899583 16.71518777 16.08237981 15.46583853 14.84929726 14.23275599 13.61621472 12.99967345 12.38313218 11.76659091 11.15004964 10.53350837 10.2435838 10.05209166 9.860599525 9.688503941 9.533865256 9.379226572 9.120852819 8.601220378 8.081587937 7.561955496 7.042323055 6.522690614 6.003058173 5.483425731 4.96379329 4.444160849 3.961866474 3.584118685 3.206370896 2.828623107 2.450875317 2.073127528 1.695379739 1.31763195 0.9398841604 0.5621363712 0.2552446211 0.1701630807 0.08508154037 0 
32.19824631 31.69429426 31.1903422 30.68639014 30.18243808 29.67848603 29.17453397 28.67058191 28.16662985 27.6626778 27.40855367 27.21188749 26.5808763 25.88706825 25.19326019 24.49945213 23.80564408 23.11183602 22.41802796 21.7242199 21.03041185 20.33660379 19.64279573 18.94898767 18.31617971 17.69963844 17.08309717 16.4665559 15.85001463 15.23347336 14.61693209 14.00039082 13.38384955 12.76730827 12.150767 11.53422573 11.21745596 11.04536037 10.76393438 10.24430194 9.724669501 9.20503706 8.685404619 8.165772178 7.646139737 7.126507296 6.606874854 6.087242413 5.567609972 5.047977531 4.565683156 4.187935367 3.810187578 3.432439789 3.054691999 2.67694421 2.299196421 1.921448632 1.543700842 1.165953053 0.7882052638 0.4104574746 0.08508154037 0 
35.87609751 35.37214545 34.86819339 34.36424134 33.86028928 33.35633722 32.85238516 32.34843311 31.84448105 31.34052899 30.70966853 30.01586048 29.32205242 28.62824436 27.93443631 27.24062825 26.54682019 25.85301213 25.15920408 24.46539602 23.77158796 23.07777991 22.38397185 21.53678639 20.38049492 19.76395365 19.14741238 18.53087111 17.91432984 17.29778857 16.6812473 16.06470603 15.44816475 14.83162348 14.21508221 13.59854094 12.98199967 12.41646305 11.89683061 11.37719817 10.85756572 10.33793328 9.818300843 9.298668401 8.77903596 8.259403519 7.739771078 7.220138637 6.700506196 6.180873755 5.064389538 4.532973471 4.155225682 3.777477892 3.399730103 3.021982314 2.644234525 2.266486735 1.888738946 1.510991157 1.133243368 0.7554955785 0.3777477892 0 
39.56657918 39.06262713 38.55867507 38.05472301 37.55077095 37.0468189 36.54286684 36.03891478 35.53496272 34.97533639 34.12734626 33.43353821 32.73973015 32.04592209 31.35211403 30.65830598 29.96449792 29.27068986 28.57688181 27.88307375 27.18926569 26.49545763 25.62735708 24.27123753 22.81319287 21.60228926 20.98574799 20.36920672 19.75266545 19.13612418 18.51958291 17.90304164 17.28650037 16.6699591 16.05341783 15.43687655 14.82033528 14.25479866 13.73516622 13.21553378 12.69590134 12.1762689 11.65663646 11.13700401 10.61737157 10.09773913 9.578106691 9.058474249 8.538841808 7.338864234 5.950241964 4.71375968 4.155225682 3.777477892 3.399730103 3.021982314 2.644234525 2.266486735 1.888738946 1.510991157 1.133243368 0.7554955785 0.3777477892 0 
43.25706086 42.7531088 42.24915675 41.74520469 41.24125263 40.73730057 40.23334852 39.72939646 39.2254444 38.39301412 37.54502399 36.85121593 36.15740788 35.46359982 34.76979176 34.07598371 33.38217565 32.68836759 31.99455953 31.30075148 30.60694342 29.71792776 28.36180821 27.00568866 25.547644 24.06241932 22.8240836 22.20754233 21.59100106 20.97445979 20.35791852 19.74137725 19.12483598 18.50829471 17.89175344 17.27521217 16.6586709 16.09313427 15.57350183 15.05386939 14.53423695 14.01460451 13.49497207 12.97533963 12.45570719 11.93607474 11.4164423 10.89680986 9.667674639 8.22471666 6.836094391 5.599612107 4.363129823 3.777477892 3.399730103 3.021982314 2.644234525 2.266486735 1.888738946 1.510991157 1.133243368 0.7554955785 0.3777477892 0 
46.94754254 46.44359048 45.93963842 45.43568637 44.93173431 44.42778225 43.92383019 43.41987814 42.66724765 41.81069185 40.96270172 40.26889366 39.57508561 38.88127755 38.18746949 37.49366143 36.79985338 36.10604532 35.41223726 34.71842921 33.80849845 32.4523789 31.09625935 29.74013979 28.28209514 26.79687045 25.31164577 24.04587795 23.42933668 22.8127954 22.19625413 21.57971286 20.96317159 20.34663032 19.73008905 19.11354778 18.49700651 17.93146989 17.41183744 16.892205 16.37257256 15.85294012 15.33330768 14.81367524 14.2940428 13.77441036 13.25477792 11.99648504 10.55352707 9.110569086 7.721946817 6.485464533 5.248982249 4.012499965 3.399730103 3.021982314 2.644234525 2.266486735 1.888738946 1.510991157 1.133243368 0.7554955785 0.3777477892 0 
50.63802421 50.13407216 49.6301201 49.12616804 48.62221598 48.11826393 47.61431187 46.94148118 46.08492538 45.22836958 44.38037945 43.68657139 42.99276333 42.29895528 41.60514722 40.91133916 40.21753111 39.52372305 38.82991499 37.89906914 36.54294958 35.18683003 33.83071048 32.47459093 31.01654627 29.53132159 28.0460969 26.56087222 25.26767229 24.65113102 24.03458975 23.41804848 22.8015072 22.18496593 21.56842466 20.95188339 20.33534212 19.7698055 19.25017306 18.73054062 18.21090817 17.69127573 17.17164329 16.65201085 16.13237841 15.61274597 14.32529545 12.88233747 11.43937949 9.996421513 8.607799243 7.371316959 6.134834675 4.898352391 3.661870107 3.021982314 2.644234525 2.266486735 1.888738946 1.510991157 1.133243368 0.7554955785 0.3777477892 0 
54.32850589 53.82455383 53.32060178 52.81664972 52.31269766 51.8087456 51.21571471 50.35915891 49.50260311 48.64604731 47.79805718 47.10424912 46.41044106 45.71663301 45.02282495 44.32901689 43.63520883 42.94140078 41.98963982 40.63352027 39.27740072 37.92128117 36.56516161 35.20904206 33.7509974 32.26577272 30.78054804 29.29532335 27.81009867 26.48946663 25.87292536 25.25638409 24.63984282 24.02330155 23.40676028 22.790219 22.17367773 21.60814111 21.08850867 20.56887623 20.04924379 19.52961135 19.0099789 18.49034646 17.97071402 16.65410585 15.21114788 13.7681899 12.32523192 10.88227394 9.493651669 8.257169385 7.020687101 5.784204817 4.547722533 3.311240249 2.644234525 2.266486735 1.888738946 1.510991157 1.133243368 0.7554955785 0.3777477892 0 
58.01898757 57.51503551 57.01108345 56.50713139 56.00317934 55.48994823 54.63339243 53.77683663 52.92028083 52.06372503 51.21573491 50.52192685 49.82811879 49.13431073 48.44050268 47.74669462 47.05288656 46.08021051 44.72409096 43.3679714 42.01185185 40.6557323 39.29961275 37.9434932 36.48544854 35.00022385 33.51499917 32.02977449 30.5445498 29.05932512 27.71126097 27.0947197 26.47817843 25.86163716 25.24509589 24.62855462 24.01201335 23.44647672 22.92684428 22.40721184 21.8875794 21.36794696 20.84831452 20.32868208 18.98291626 17.53995828 16.0970003 14.65404232 13.21108434 11.76812636 10.3795041 9.143021811 7.906539527 6.670057243 5.433574959 4.197092675 2.960610391 2.266486735 1.888738946 1.510991157 1.133243368 0.7554955785 0.3777477892 0 
61.70946924 61.20551719 60.70156513 60.19761307 59.69366101 58.90762596 58.05107016 57.19451436 56.33795856 55.48140276 54.63341263 53.93960458 53.24579652 52.55198846 51.85818041 51.16437235 50.17078119 48.81466164 47.45854209 46.10242254 44.74630299 43.39018343 42.03406388 40.67794433 39.21989967 37.73467499 36.2494503 34.76422562 33.27900094 31.79377625 30.30855157 28.93305531 28.31651404 27.69997277 27.0834315 26.46689023 25.85034896 25.28481234 24.76517989 24.24554745 23.72591501 23.20628257 22.68665013 21.31172666 19.86876869 18.42581071 16.98285273 15.53989475 14.09693677 12.65397879 11.26535652 10.02887424 8.792391953 7.555909669 6.319427385 5.082945101 3.846462817 2.609980533 1.888738946 1.510991157 1.133243368 0.7554955785 0.3777477892 0 
65.39995092 64.89599886 64.39204681 63.88809475 63.18185949 62.32530369 61.46874789 60.61219209 59.75563629 58.89908049 58.05109036 57.35728231 56.66347425 55.96966619 55.27585813 54.26135188 52.90523233 51.54911278 50.19299322 48.83687367 47.48075412 46.12463457 44.76851502 43.41239546 41.95435081 40.46912612 38.98390144 37.49867675 36.01345207 34.52822738 33.0430027 31.55777802 30.15484965 29.53830838 28.92176711 28.30522584 27.68868457 27.12314795 26.60351551 26.08388307 25.56425062 25.04461818 23.64053707 22.19757909 20.75462111 19.31166313 17.86870515 16.42574717 14.9827892 13.53983122 12.15120895 10.91472666 9.67824438 8.441762096 7.205279812 5.968797528 4.732315244 3.49583296 2.259350676 1.510991157 1.133243368 0.7554955785 0.3777477892 0 
69.0904326 68.58648054 68.08252848 67.45609302 66.59953722 65.74298142 64.88642562 64.02986982 63.17331402 62.31675822 61.46876809 60.77496003 60.08115198 59.38734392 58.35192257 56.99580301 55.63968346 54.28356391 52.92744436 51.57132481 50.21520525 48.8590857 47.50296615 46.1468466 44.68880194 43.20357726 41.71835257 40.23312789 38.7479032 37.26267852 35.77745383 34.29222915 32.80700447 31.376644 30.76010273 30.14356145 29.52702018 28.96148356 28.44185112 27.92221868 27.40258624 25.96934747 24.5263895 23.08343152 21.64047354 20.19751556 18.75455758 17.3115996 15.86864162 14.42568364 13.03706137 11.80057909 10.56409681 9.327614522 8.091132238 6.854649954 5.61816767 4.381685386 3.145203102 1.908720818 1.133243368 0.7554955785 0.3777477892 0 
72.78091427 72.27696222 71.73032655 70.87377075 70.01721495 69.16065915 68.30410335 67.44754755 66.59099175 65.73443595 64.88644582 64.19263776 63.49882971 62.44249325 61.0863737 59.73025415 58.3741346 57.01801504 55.66189549 54.30577594 52.94965639 51.59353684 50.23741728 48.88129773 47.42325307 45.93802839 44.45280371 42.96757902 41.48235434 39.99712965 38.51190497 37.02668028 35.5414556 34.05623091 32.59843834 31.98189707 31.3653558 30.79981917 30.28018673 29.74111586 28.29815788 26.8551999 25.41224192 23.96928394 22.52632596 21.08336799 19.64041001 18.19745203 16.75449405 15.31153607 13.9229138 12.68643152 11.44994923 10.21346695 8.976984664 7.74050238 6.504020096 5.267537812 4.031055528 2.794573244 1.55809096 0.7554955785 0.3777477892 0 
76.47139595 75.96744389 75.14800428 74.29144848 73.43489268 72.57833688 71.72178108 70.86522528 70.00866948 69.15211368 68.30412355 67.61031549 66.53306394 65.17694439 63.82082483 62.46470528 61.10858573 59.75246618 58.39634663 57.04022707 55.68410752 54.32798797 52.97186842 51.61574886 50.15770421 48.67247952 47.18725484 45.70203016 44.21680547 42.73158079 41.2463561 39.76113142 38.27590673 36.79068205 35.30545736 33.82023268 33.20369141 32.63815479 32.06992626 30.62696828 29.18401031 27.74105233 26.29809435 24.85513637 23.41217839 21.96922041 20.52626243 19.08330445 17.64034647 16.1973885 14.80876623 13.57228394 12.33580166 11.09931937 9.86283709 8.626354806 7.389872522 6.153390238 4.916907954 3.68042567 2.443943386 1.207461102 0.3777477892 0 
80.16187763 79.4222378 78.565682 77.70912621 76.85257041 75.99601461 75.13945881 74.28290301 73.42634721 72.56979141 71.72180128 70.62363462 69.26751507 67.91139552 66.55527597 65.19915642 63.84303686 62.48691731 61.13079776 59.77467821 58.41855865 57.0624391 55.70631955 54.3502 52.89215534 51.40693066 49.92170597 48.43648129 46.9512566 45.46603192 43.98080724 42.49558255 41.01035787 39.52513318 38.0399085 36.55468381 35.06945913 34.39873667 32.95577869 31.51282071 30.06986273 28.62690475 27.18394677 25.7409888 24.29803082 22.85507284 21.41211486 19.96915688 18.5261989 17.08324092 15.69461865 14.45813637 13.22165408 11.9851718 10.74868952 9.512207232 8.275724948 7.039242664 5.80276038 4.566278096 3.329795812 2.093313528 0.8568312442 0 
82.64013453 82.65400426 81.79744846 80.94089266 80.08433686 79.22778106 78.37122526 77.51466946 76.65811366 75.80155786 74.91870923 73.56258968 72.20647013 70.85035057 69.49423102 68.13811147 66.78199192 65.42587237 64.06975281 62.71363326 61.35751371 60.00139416 58.64527461 57.11761618 55.62228047 54.13705578 52.6518311 51.16660642 49.68138173 48.19615705 46.71093236 45.22570768 43.74048299 42.25525831 40.77003362 39.28480894 37.44392535 35.53311518 33.83105209 32.38809411 30.94513613 29.50217815 28.05922017 26.61626219 25.17330421 23.73034623 22.28738826 20.84443028 19.4014723 17.95851432 16.45926206 14.83778741 13.60130512 12.36482284 11.12834056 9.891858272 8.655375988 7.418893704 6.18241142 4.945929136 3.709446852 2.472964568 1.236482284 0 
84.20922286 84.33707688 84.4649309 84.03322565 83.17666985 82.32011405 81.46355825 80.60700245 79.75044665 78.89389085 78.01104223 76.65492267 75.29880312 73.94268357 72.58656402 71.23044447 69.87432491 68.51820536 67.16208581 65.80596626 64.44425305 62.91100097 61.37774889 59.84449681 58.34916109 56.86393641 55.37871172 53.89348704 52.40826235 50.92303767 49.43781298 47.9525883 46.46736362 44.98213893 43.10940529 41.11988813 39.13037097 37.2195608 35.37958692 33.53961304 31.81247525 30.36951727 28.9265593 27.48360132 26.04064334 24.59768536 23.15472738 21.7117694 20.26881142 18.82585344 17.32660118 15.66972494 14.01284869 12.36482284 11.12834056 9.891858272 8.655375988 7.418893704 6.18241142 4.945929136 3.709446852 2.472964568 1.236482284 0 
85.77831119 85.90616521 86.03401923 86.16187325 86.26900285 85.41244705 84.55589125 83.69933545 82.84277965 81.98622385 81.10337522 79.74725567 78.39113612 77.03501657 75.67889701 74.32277746 72.96665791 71.61053836 70.23763783 68.70438575 67.17113367 65.63788159 64.10462951 62.57137743 61.07604171 59.59081703 58.10559234 56.62036766 55.13514298 53.64991829 52.16469361 50.67946892 48.77488523 46.78536807 44.79585091 42.80633375 40.81681659 38.90600641 37.06603253 35.22605865 33.38608477 31.54611089 29.79389842 28.35094044 26.90798246 25.46502448 24.0220665 22.57910853 21.13615055 19.69319257 18.19394031 16.53706406 14.88018781 13.22331157 11.56643532 9.90955907 8.655375988 7.418893704 6.18241142 4.945929136 3.709446852 2.472964568 1.236482284 0 
87.34739952 87.47525354 87.60310756 87.73096158 87.8588156 87.98666961 87.64822425 86.79166845 85.93511265 85.07855685 84.19570822 82.83958866 81.48346911 80.12734956 78.77123001 77.41511046 76.03102261 74.49777053 72.96451845 71.43126637 69.89801429 68.36476221 66.83151013 65.29825805 63.80292233 62.31769765 60.83247297 59.34724828 57.8620236 56.37679891 54.44036517 52.45084801 50.46133085 48.47181369 46.48229653 44.49277936 42.5032622 40.59245203 38.75247815 36.91250427 35.07253039 33.23255651 31.39258263 29.55260875 27.77532159 26.33236361 24.88940563 23.44644765 22.00348967 20.56053169 19.06127943 17.40440318 15.74752694 14.09065069 12.43377444 10.7768982 9.120021948 7.4631457 6.18241142 4.945929136 3.709446852 2.472964568 1.236482284 0 
88.91648785 89.04434187 89.17219589 89.30004991 89.42790393 89.55575794 89.68361196 89.81146598 89.02744564 88.17088984 87.28804121 85.93192166 84.57580211 83.21968256 81.82440739 80.29115531 78.75790323 77.22465115 75.69139907 74.15814699 72.62489491 71.09164283 69.55839075 68.02513867 66.52980296 65.04457827 63.55935359 62.0741289 60.10584511 58.11632795 56.12681079 54.13729363 52.14777647 50.1582593 48.16874214 46.17922498 44.18970782 42.27889765 40.43892377 38.59894989 36.75897601 34.91900213 33.07902824 31.23905436 29.39908048 27.5591066 25.75674475 24.31378677 22.8708288 21.42787082 19.92861856 18.27174231 16.61486606 14.95798981 13.30111357 11.64423732 9.987361072 8.330484825 6.673608577 5.01673233 3.709446852 2.472964568 1.236482284 0 
90.48557618 90.6134302 90.74128422 90.86913824 90.99699225 91.12484627 91.25270029 91.38055431 91.50840833 91.26322284 90.38037421 89.02425466 87.61779217 86.08454009 84.55128801 83.01803593 81.48478385 79.95153177 78.41827969 76.88502761 75.35177553 73.81852345 72.28527137 70.75201929 69.25668358 67.76084221 65.77132505 63.78180789 61.79229073 59.80277357 57.8132564 55.82373924 53.83422208 51.84470492 49.85518776 47.8656706 45.87615344 43.96534327 42.12536939 40.2853955 38.44542162 36.60544774 34.76547386 32.92549998 31.0855261 29.24555222 27.40557834 25.56560446 23.73816792 22.29520994 20.79595768 19.13908143 17.48220519 15.82532894 14.16845269 12.51157644 10.8547002 9.197823949 7.540947702 5.884071454 4.227195207 2.57031896 1.236482284 0 
91.89441199 92.01640262 92.14425664 92.27211066 92.39996467 92.52781869 92.65567271 92.78352673 92.91138075 93.03923477 93.07966215 91.54641007 90.01315799 88.47990591 86.94665383 85.41340175 83.88014967 82.34689759 80.81364551 79.28039343 77.74714135 76.21388927 74.68063719 73.19903663 71.4347041 69.44518693 67.45566977 65.46615261 63.47663545 61.48711829 59.49760113 57.50808397 55.51856681 53.52904965 51.53953248 49.55001532 47.56049816 45.52519201 43.68521813 41.84524425 40.00527037 38.16529649 36.32532261 34.48534873 32.64537484 30.80540096 28.96542708 27.1254532 25.28547932 23.44550544 21.55164021 19.88251497 18.22563872 16.56876247 14.91188623 13.25500998 11.59813373 9.941257485 8.284381237 6.62750499 4.970628742 3.313752495 1.656876247 0 
92.34173267 92.44306183 92.5505336 92.67838762 92.80624164 92.93409565 93.06194967 93.18980369 93.31765771 93.44551173 93.48593911 91.95268703 90.41943495 88.88618287 87.35293079 85.81967871 84.28642663 82.75317455 81.21992247 79.68667039 78.15341831 76.7105564 75.7906662 74.870776 73.10644346 71.1169263 69.12740914 67.13789197 65.14837481 63.15885765 61.16934049 59.17982333 57.19030617 55.20078901 53.21127185 51.08415059 48.93900976 46.81407606 44.70732878 42.64551175 40.80553787 38.96556399 37.12559011 35.28561623 33.44564235 31.60566847 29.76569459 27.92572071 26.08574683 24.24577294 22.35190771 20.30714671 18.2623857 16.56876247 14.91188623 13.25500998 11.59813373 9.941257485 8.284381237 6.62750499 4.970628742 3.313752495 1.656876247 0 
92.78905334 92.89038251 92.99171168 93.09304085 93.2125186 93.34037262 93.46822663 93.59608065 93.72393467 93.85178869 93.89221607 92.35896399 90.82571191 89.29245983 87.75920775 86.22595567 84.69270359 83.15945151 81.62619943 80.22207617 79.30218597 78.38229576 77.46240556 76.54251536 74.77818282 72.78866566 70.7991485 68.80963134 66.82011418 64.83059702 62.84107985 60.85156269 58.86204553 56.72509542 54.57995458 52.43481374 50.28967291 48.16473921 46.05799193 43.95124465 41.84449737 39.7658315 37.92585762 36.08588374 34.24590985 32.40593597 30.56596209 28.72598821 26.88601433 25.04604045 23.15217522 21.10741421 19.0626532 17.0178922 14.97313119 13.25500998 11.59813373 9.941257485 8.284381237 6.62750499 4.970628742 3.313752495 1.656876247 0 
93.23637402 93.33770319 93.43903236 93.54036153 93.64169069 93.74664958 93.8745036 94.00235762 94.13021163 94.25806565 94.29849303 92.76524095 91.23198887 89.69873679 88.16548471 86.63223263 85.09898055 83.73359593 82.81370573 81.89381553 80.97392533 80.05403513 79.13414492 78.21425472 76.44992218 74.46040502 72.47088786 70.4813707 68.49185354 66.50233638 64.51118107 62.36604024 60.2208994 58.07575857 55.93061773 53.78547689 51.64033606 49.51540236 47.40865508 45.3019078 43.19516052 41.08841324 38.98166596 36.88615124 35.04617736 33.20620348 31.3662296 29.52625572 27.68628184 25.84630795 23.95244272 21.90768172 19.86292071 17.8181597 15.77339869 13.72863769 11.68387668 9.941257485 8.284381237 6.62750499 4.970628742 3.313752495 1.656876247 0 
93.6836947 93.78502387 93.88635303 93.9876822 94.08901137 94.19034054 94.29166971 94.40863458 94.5364886 94.66434261 94.70477 93.17151792 91.63826584 90.10501376 88.57176168 87.2451157 86.3252255 85.4053353 84.4854451 83.56555489 82.64566469 81.72577449 80.80588429 79.88599409 78.12166155 76.13214439 74.14262722 72.15311006 70.1521259 68.00698506 65.86184422 63.71670339 61.57156255 59.42642171 57.28128088 55.13614004 52.99099921 50.8660655 48.75931822 46.65257094 44.54582366 42.43907638 40.33232911 38.22558183 36.11883455 34.01208727 32.1664971 30.32652322 28.48654934 26.64657546 24.75271023 22.70794922 20.66318821 18.61842721 16.5736662 14.52890519 12.48414418 10.43938318 8.394622169 6.62750499 4.970628742 3.313752495 1.656876247 0 
94.13101538 94.23234454 94.33367371 94.43500288 94.53633205 94.63766122 94.73899039 94.84031955 94.94276556 95.07061958 95.11104696 93.57779488 92.0445428 90.75663547 89.83674527 88.91685506 87.99696486 87.07707466 86.15718446 85.23729426 84.31740405 83.39751385 82.47762365 81.55773345 79.79340091 77.80388375 75.79307072 73.64792988 71.50278904 69.35764821 67.21250737 65.06736654 62.9222257 60.77708486 58.63194403 56.48680319 54.34166235 52.21672865 50.10998137 48.00323409 45.89648681 43.78973953 41.68299225 39.57624497 37.46949769 35.36275041 33.25600313 31.14925585 29.28681685 27.44684296 25.55297773 23.50821673 21.46345572 19.41869471 17.3739337 15.3291727 13.28441169 11.23965068 9.194889674 7.150128667 5.105367659 3.313752495 1.656876247 0 
94.57833605 94.67966522 94.78099439 94.88232356 94.98365273 95.08498189 95.18631106 95.28764023 95.3889694 95.49029857 95.51732392 94.26815524 93.34826503 92.42837483 91.50848463 90.58859443 89.66870423 88.74881402 87.82892382 86.90903362 85.98914342 85.06925322 84.14936301 83.22947281 81.43401554 79.2888747 77.14373387 74.99859303 72.85345219 70.70831136 68.56317052 66.41802968 64.27288885 62.12774801 59.98260718 57.83746634 55.6923255 53.5673918 51.46064452 49.35389724 47.24714996 45.14040268 43.0336554 40.92690812 38.82016084 36.71341356 34.60666628 32.499919 30.39317172 28.28642444 26.35324524 24.30848423 22.26372322 20.21896222 18.17420121 16.1294402 14.08467919 12.03991819 9.995157179 7.950396172 5.905635164 3.860874157 1.816113149 0 
94.76217101 94.78820382 94.88953299 94.99086216 95.09219133 95.1935205 95.29484966 95.39617883 95.497508 95.59883717 95.64641795 94.72652775 93.80663754 92.88674734 91.96685714 91.04696694 90.12707674 89.20718653 88.28729633 87.36740613 86.44751593 85.52762573 84.60773552 83.7597368 81.90130005 79.75615922 77.61101838 75.46587754 73.32073671 71.17559587 69.03045504 66.8853142 64.74017336 62.59503253 60.44989169 58.30475085 56.16447311 54.01724306 51.89807581 49.79132853 47.68458125 45.57783397 43.47108669 41.36433941 39.25759213 37.15084485 35.04409757 32.93735029 30.83060302 28.72385574 26.61501794 24.53713209 22.49237108 20.44761008 18.40284907 16.35808806 14.31332705 12.26856605 10.22380504 8.17904403 6.134283023 4.089522015 2.044761008 0 
94.84061169 94.8056903 94.86255876 94.96388793 95.0652171 95.16654627 95.26787543 95.3692046 95.47053377 95.57186294 95.61944372 94.69955352 93.77966331 92.85977311 91.93988291 91.01999271 90.10010251 89.1802123 88.2603221 87.3404319 86.4205417 85.5006515 84.65696626 83.87366986 82.01523311 79.87009228 77.72495144 75.57981061 73.43466977 71.28952893 69.1443881 66.99924726 64.85410642 62.70896559 60.56382475 58.42413057 56.29746947 54.15023942 51.98449732 49.86346708 47.7567198 45.64997252 43.54322524 41.43647796 39.32973068 37.2229834 35.11623612 33.00948884 30.90274156 28.79599428 26.68715649 24.57246526 22.49237108 20.44761008 18.40284907 16.35808806 14.31332705 12.26856605 10.22380504 8.17904403 6.134283023 4.089522015 2.044761008 0 
94.91905236 94.88413098 94.84920959 94.9369137 95.03824287 95.13957204 95.2409012 95.34223037 95.44355954 95.54488871 95.59246949 94.67257929 93.75268908 92.83279888 91.91290868 90.99301848 90.07312828 89.15323807 88.23334787 87.31345767 86.39356747 85.55419572 84.77089932 83.98760292 82.12916617 79.98402534 77.8388845 75.69374367 73.54860283 71.40346199 69.25832116 67.11318032 64.96803949 62.82289865 60.68378804 58.55712694 56.43046584 54.28323579 52.11749369 49.95175158 47.82885835 45.72211107 43.61536379 41.50861651 39.40186923 37.29512195 35.18837467 33.08162739 30.97488011 28.86813283 26.75929504 24.6446038 22.52991257 20.44761008 18.40284907 16.35808806 14.31332705 12.26856605 10.22380504 8.17904403 6.134283023 4.089522015 2.044761008 0 
94.99749304 94.96257165 94.92765026 94.90993947 95.01126864 95.11259781 95.21392697 95.31525614 95.41658531 95.51791448 95.56549526 94.64560506 93.72571485 92.80582465 91.88593445 90.96604425 90.04615405 89.12626384 88.20637364 87.28648344 86.45142518 85.66812878 84.88483238 84.10153598 82.24309924 80.0979584 77.95281756 75.80767673 73.66253589 71.51739505 69.37225422 67.22711338 65.08197255 62.94344551 60.81678441 58.69012331 56.56346221 54.41623216 52.25049005 50.08474795 47.91900584 45.79424962 43.68750234 41.58075506 39.47400778 37.3672605 35.26051322 33.15376594 31.04701866 28.94027138 26.83143358 24.71674235 22.60205112 20.48735989 18.40284907 16.35808806 14.31332705 12.26856605 10.22380504 8.17904403 6.134283023 4.089522015 2.044761008 0 
95.07593371 95.04101232 95.00609094 94.97116955 94.98429441 95.08562358 95.18695274 95.28828191 95.38961108 95.49094025 95.53852103 94.61863083 93.69874063 92.77885042 91.85896022 90.93907002 90.01917982 89.09928961 88.17939941 87.34865464 86.56535824 85.78206184 84.99876544 84.21546904 82.3570323 80.21189146 78.06675062 75.92160979 73.77646895 71.63132812 69.48618728 67.34104644 65.20310298 63.07644188 60.94978078 58.82311967 56.69645857 54.54922852 52.38348642 50.21774431 48.05200221 45.88626011 43.75964088 41.6528936 39.54614633 37.43939905 35.33265177 33.22590449 31.11915721 29.01240993 26.90357213 24.7888809 22.67418967 20.55949844 18.4448072 16.35808806 14.31332705 12.26856605 10.22380504 8.17904403 6.134283023 4.089522015 2.044761008 0 
95.15437439 95.119453 95.08453161 95.04961022 95.01468883 95.05864935 95.15997851 95.26130768 95.36263685 95.46396602 95.5115468 94.5916566 93.6717664 92.75187619 91.83198599 90.91209579 89.99220559 89.07231539 88.2458841 87.4625877 86.6792913 85.8959949 85.1126985 84.3294021 82.47096536 80.32582452 78.18068369 76.03554285 73.89040201 71.74526118 69.60012034 67.46276045 65.33609934 63.20943824 61.08277714 58.95611604 56.82945494 54.68222489 52.51648278 50.35074068 48.18499858 46.01925647 43.85351437 41.72503215 39.61828487 37.51153759 35.40479031 33.29804303 31.19129575 29.08454847 26.97571068 24.86101945 22.74632822 20.63163698 18.51694575 16.40225452 14.31332705 12.26856605 10.22380504 8.17904403 6.134283023 4.089522015 2.044761008 0 
95.23281506 95.19789367 95.16297229 95.1280509 95.09312951 95.05820812 95.13300428 95.23433345 95.33566262 95.43699179 95.48457257 94.56468237 93.64479217 92.72490196 91.80501176 90.88512156 89.96523136 89.14311356 88.35981716 87.57652076 86.79322436 86.00992796 85.22663156 84.44333516 82.58489842 80.43975758 78.29461675 76.14947591 74.00433507 71.85919424 69.72241791 67.59575681 65.46909571 63.34243461 61.21577351 59.08911241 56.96245131 54.81522126 52.64947915 50.48373705 48.31799494 46.15225284 43.98651073 41.82076863 39.69042342 37.58367614 35.47692886 33.37018158 31.2634343 29.15668702 27.04784923 24.933158 22.81846676 20.70377553 18.5890843 16.47439307 14.35970183 12.26856605 10.22380504 8.17904403 6.134283023 4.089522015 2.044761008 0 
95.31125574 95.27633435 95.24141296 95.20649157 95.17157018 95.13664879 95.10603005 95.20735922 95.30868839 95.41001756 95.45759834 94.53770814 93.61781794 92.69792773 91.77803753 90.85814733 90.04034302 89.25704662 88.47375022 87.69045382 86.90715742 86.12386102 85.34056462 84.55726822 82.69883148 80.55369064 78.40854981 76.26340897 74.11826813 71.98207538 69.85541428 67.72875318 65.60209208 63.47543098 61.34876987 59.22210877 57.09544767 54.94821762 52.78247552 50.61673341 48.45099131 46.28524921 44.1195071 41.953765 39.78802289 37.65581469 35.54906741 33.44232013 31.33557285 29.22882557 27.11998778 25.00529654 22.89060531 20.77591408 18.66122285 16.54653161 14.43184038 12.31714915 10.22380504 8.17904403 6.134283023 4.089522015 2.044761008 0 
95.38969641 95.35477502 95.31985363 95.28493225 95.25001086 95.21508947 95.18016808 95.18038499 95.28171416 95.38304333 95.43062411 94.51073391 93.59084371 92.6709535 91.7510633 90.93757248 90.15427608 89.37097968 88.58768328 87.80438688 87.02109048 86.23779408 85.45449768 84.67120128 82.81276454 80.6676237 78.52248287 76.37734203 74.24173285 72.11507175 69.98841065 67.86174954 65.73508844 63.60842734 61.48176624 59.35510514 57.22844404 55.08121399 52.91547188 50.74972978 48.58398768 46.41824557 44.25250347 42.08676136 39.92101926 37.75527715 35.62120596 33.51445868 31.4077114 29.30096412 27.19212632 25.07743509 22.96274386 20.84805263 18.73336139 16.61867016 14.50397893 12.3892877 10.27459646 8.17904403 6.134283023 4.089522015 2.044761008 0 
95.46813709 95.4332157 95.39829431 95.36337292 95.32845153 95.29353014 95.25860875 95.22368737 95.25473993 95.3560691 95.40364988 94.48375968 93.56386948 92.64397927 91.83480194 91.05150554 90.26820914 89.48491274 88.70161634 87.91831994 87.13502354 86.35172715 85.56843075 84.78513435 82.9266976 80.78155677 78.63641593 76.50139032 74.37472922 72.24806811 70.12140701 67.99474591 65.86808481 63.74142371 61.61476261 59.48810151 57.36144041 55.21421036 53.04846825 50.88272615 48.71698404 46.55124194 44.38549983 42.21975773 40.05401563 37.88827352 35.72253142 33.58659722 31.47984994 29.37310266 27.26426487 25.14957364 23.03488241 20.92019117 18.80549994 16.69080871 14.57611748 12.46142624 10.34673501 8.23204378 6.134283023 4.089522015 2.044761008 0 
95.54657776 95.51165637 95.47673498 95.44181359 95.40689221 95.37197082 95.33704943 95.30212804 95.26720665 95.32909487 95.37667565 94.45678545 93.53689525 92.7320314 91.948735 91.1654386 90.3821422 89.59884581 88.81554941 88.03225301 87.24895661 86.46566021 85.68236381 84.89906741 83.04063066 80.89548983 78.76104778 76.63438668 74.50772558 72.38106448 70.25440338 68.12774228 66.00108118 63.87442008 61.74775897 59.62109787 57.49443677 55.34720672 53.18146462 51.01572251 48.84998041 46.6842383 44.5184962 42.3527541 40.18701199 38.02126989 35.85552778 33.68978568 31.55198849 29.44524121 27.33640342 25.22171219 23.10702095 20.99232972 18.87763849 16.76294726 14.64825602 12.53356479 10.41887356 8.304182327 6.189491095 4.089522015 2.044761008 0 
95.62501844 95.59009705 95.55517566 95.52025427 95.48533288 95.45041149 95.4154901 95.38056872 95.34564733 95.31072594 95.34970142 94.42981122 93.62926086 92.84596446 92.06266807 91.27937167 90.49607527 89.71277887 88.92948247 88.14618607 87.36288967 86.57959327 85.79629687 85.01300047 83.15456372 81.02070525 78.89404415 76.76738305 74.64072195 72.51406085 70.38739975 68.26073864 66.13407754 64.00741644 61.88075534 59.75409424 57.62743314 55.48020309 53.31446098 51.14871888 48.98297678 46.81723467 44.65149257 42.48575046 40.32000836 38.15426625 35.98852415 33.82278205 31.65703994 29.51737976 27.40854197 25.29385073 23.1791595 21.06446827 18.94977704 16.8350858 14.72039457 12.60570334 10.49101211 8.376320875 6.261629643 4.14693841 2.044761008 0 
95.70345911 95.66853772 95.63361633 95.59869494 95.56377356 95.52885217 95.49393078 95.45900939 95.424088 95.38916661 95.32272719 94.52649033 93.74319393 92.95989753 92.17660113 91.39330473 90.61000833 89.82671193 89.04341553 88.26011913 87.47682273 86.69352633 85.91022993 85.12693353 83.28036272 81.15370162 79.02704052 76.90037942 74.77371831 72.64705721 70.52039611 68.39373501 66.26707391 64.14041281 62.01375171 59.88709061 57.76042951 55.61319946 53.44745735 51.28171525 49.11597314 46.95023104 44.78448893 42.61874683 40.45300473 38.28726262 36.12152052 33.95577841 31.79003631 29.6242942 27.48068051 25.36598928 23.25129805 21.13660682 19.02191558 16.90722435 14.79253312 12.67784189 10.56315065 8.448459423 6.33376819 4.219076958 2.104385726 0 
95.64241098 95.61654703 95.58162564 95.54670425 95.51178286 95.47686147 95.44194009 95.4070187 95.37209731 95.33717592 95.26286637 94.47956997 93.69627357 92.91297717 92.12968077 91.34638437 90.56308797 89.77979157 88.99649518 88.21319878 87.42990238 86.64660598 85.86330958 84.96474943 83.10318079 80.97871554 78.85205444 76.72539334 74.59873224 72.47207114 70.34541004 68.21874894 66.09208783 63.96542673 61.83876563 59.71210453 57.58544343 55.50059209 53.37726751 51.21152541 49.0457833 46.8800412 44.71429909 42.54855699 40.38281489 38.21707278 36.05133068 33.88558857 31.71984647 29.55410436 27.4017967 25.28710547 23.17241424 21.057723 18.94303177 16.82834054 14.71364931 12.59895807 10.48426684 8.369575609 6.254884376 4.140193144 2.025501912 0 
95.55811472 95.53685137 95.50789639 95.472975 95.43805361 95.40313222 95.36821083 95.33328944 95.29836805 95.26344667 95.18913712 94.40584072 93.62254432 92.83924792 92.05595152 91.27265512 90.48935872 89.70606232 88.92276592 88.13946952 87.35617312 86.57287672 85.66891359 84.71452256 82.85295392 80.74947126 78.62573796 76.49907686 74.37241576 72.24575466 70.11909355 67.99243245 65.86577135 63.73911025 61.61244915 59.48578805 57.35912695 55.27427561 53.22705306 51.1074712 48.9417291 46.77598699 44.61024489 42.44450278 40.27876068 38.11301857 35.94727647 33.78153437 31.61579226 29.45005016 27.29774249 25.18305126 23.06836003 20.9536688 18.83897756 16.72428633 14.6095951 12.49490387 10.38021263 8.265521401 6.150830169 4.036138937 2.013822358 0 
95.47381846 95.45255511 95.43129176 95.39924574 95.36432435 95.32940297 95.29448158 95.25956019 95.2246388 95.18971741 95.11540786 94.33211147 93.54881507 92.76551867 91.98222227 91.19892587 90.41562947 89.63233307 88.84903667 88.06574027 87.28244387 86.37307774 85.41868672 84.46429569 82.60272706 80.49924439 78.39576172 76.27276037 74.14609927 72.01943817 69.89277707 67.76611597 65.63945487 63.51279377 61.38613267 59.25947157 57.13281046 55.04795913 53.00073657 50.95351402 48.83767489 46.67193278 44.50619068 42.34044857 40.17470647 38.00896437 35.84322226 33.67748016 31.51173805 29.34599595 27.19368828 25.07899705 22.96430582 20.84961459 18.73492336 16.62023212 14.50554089 12.39084966 10.27615843 8.161467194 6.046775962 4.027644716 2.013822358 0 
95.3895222 95.36825885 95.3469955 95.32551649 95.2905951 95.25567371 95.22075232 95.18583093 95.15090955 95.11598816 95.04167861 94.25838221 93.47508581 92.69178941 91.90849301 91.12519661 90.34190021 89.55860381 88.77530741 87.99201101 87.0772419 86.12285088 85.16845985 84.21406883 82.35250019 80.24901752 78.14553486 76.04205219 73.91978279 71.79312169 69.66646059 67.53979949 65.41313839 63.28647728 61.15981618 59.03315508 56.90649398 54.82164264 52.77442009 50.72719754 48.67997499 46.56787858 44.40213647 42.23639437 40.07065226 37.90491016 35.73916805 33.57342595 31.40768385 29.24194174 27.08963408 24.97494285 22.86025161 20.74556038 18.63086915 16.51617792 14.40148668 12.28679545 10.17210422 8.057412986 6.041467073 4.027644716 2.013822358 0 
95.30522594 95.28396259 95.26269924 95.24143588 95.21686585 95.18194446 95.14702307 95.11210168 95.07718029 95.0422589 94.96794936 94.18465296 93.40135656 92.61806016 91.83476376 91.05146736 90.26817096 89.48487456 88.70157816 87.78140606 86.82701503 85.87262401 84.91823298 83.96384196 82.10227332 79.99879066 77.89530799 75.79182532 73.68834265 71.56680521 69.44014411 67.313483 65.1868219 63.0601608 60.9334997 58.8068386 56.6801775 54.59532616 52.54810361 50.50088106 48.45365851 46.40643595 44.29808226 42.13234016 39.96659806 37.80085595 35.63511385 33.46937174 31.30362964 29.13788753 26.98557987 24.87088864 22.75619741 20.64150617 18.52681494 16.41212371 14.29743248 12.18274124 10.06911179 8.055289431 6.041467073 4.027644716 2.013822358 0 
95.22092968 95.19966633 95.17840298 95.15713962 95.13587627 95.1082152 95.07329382 95.03837243 95.00345104 94.96852965 94.8942201 94.1109237 93.3276273 92.5443309 91.7610345 90.9777381 90.1944417 89.4111453 88.48557022 87.53117919 86.57678817 85.62239714 84.66800612 83.71361509 81.85204646 79.74856379 77.64508112 75.54159845 73.43811579 71.33463312 69.21382762 67.08716652 64.96050542 62.83384432 60.70718322 58.58052212 56.45386102 54.36900968 52.32178713 50.27456457 48.22734202 46.18011947 44.13289692 42.02828595 39.86254385 37.69680174 35.53105964 33.36531754 31.19957543 29.03383333 26.88152566 24.76683443 22.6521432 20.53745197 18.42276073 16.3080695 14.19337827 12.08293415 10.06911179 8.055289431 6.041467073 4.027644716 2.013822358 0 
95.13663342 95.11537007 95.09410672 95.07284336 95.05158001 95.03031665 94.99956456 94.96464317 94.92972178 94.8948004 94.82049085 94.03719445 93.25389805 92.47060165 91.68730525 90.90400885 90.12071245 89.18973437 88.23534335 87.28095232 86.3265613 85.37217027 84.41777925 83.46338822 81.60181959 79.49833692 77.39485425 75.29137159 73.18788892 71.08440625 68.98092359 66.86085004 64.73418894 62.60752784 60.48086674 58.35420563 56.22754453 54.14269319 52.09547064 50.04824809 48.00102554 45.95380299 43.90658044 41.85935788 39.75848964 37.59274754 35.42700543 33.26126333 31.09552122 28.92977912 26.77747146 24.66278022 22.54808899 20.43339776 18.31870653 16.20401529 14.0967565 12.08293415 10.06911179 8.055289431 6.041467073 4.027644716 2.013822358 0 
95.05233716 95.03107381 95.00981046 94.9885471 94.96728375 94.94602039 94.92475704 94.89091392 94.85599253 94.82107114 94.74676159 93.96346519 93.18016879 92.3968724 91.613576 90.8302796 89.89389853 88.93950751 87.98511648 87.03072546 86.07633443 85.12194341 84.16755238 83.21316136 81.35159272 79.24811005 77.14462739 75.04114472 72.93766205 70.83417938 68.73069672 66.62721405 64.50787246 62.38121135 60.25455025 58.12788915 56.00122805 53.91637671 51.86915416 49.82193161 47.77470906 45.72748651 43.68026395 41.6330414 39.58581885 37.48869333 35.32295123 33.15720912 30.99146702 28.82572491 26.67341725 24.55872602 22.44403478 20.32934355 18.21465232 16.11057886 14.0967565 12.08293415 10.06911179 8.055289431 6.041467073 4.027644716 2.013822358 0 
94.9680409 94.94677755 94.9255142 94.90425084 94.88298749 94.86172414 94.84046078 94.81718466 94.78226328 94.74734189 94.67303234 93.88973594 93.10643954 92.32314314 91.53984674 90.59806269 89.64367166 88.68928064 87.73488961 86.78049859 85.82610756 84.87171654 83.91732551 82.96293449 81.10136585 78.99788319 76.89440052 74.79091785 72.68743518 70.58395252 68.48046985 66.37698718 64.27350452 62.15489487 60.02823377 57.90157267 55.77491157 53.69006023 51.64283768 49.59561513 47.54839257 45.50117002 43.45394747 41.40672492 39.35950237 37.31227982 35.21889702 33.05315491 30.88741281 28.7216707 26.56936304 24.45467181 22.33998058 20.22528934 18.12440122 16.11057886 14.0967565 12.08293415 10.06911179 8.055289431 6.041467073 4.027644716 2.013822358 0 
94.88374465 94.86248129 94.84121794 94.81995458 94.79869123 94.77742788 94.75616452 94.73490117 94.70853402 94.67361263 94.59930309 93.81600669 93.03271029 92.24941389 91.30222685 90.34783582 89.3934448 88.43905377 87.48466275 86.53027172 85.5758807 84.62148967 83.66709865 82.71270762 80.85113899 78.74765632 76.64417365 74.54069098 72.43720832 70.33372565 68.23024298 66.12676032 64.02327765 61.91979498 59.80191729 57.67525619 55.54859508 53.46374375 51.41652119 49.36929864 47.32207609 45.27485354 43.22763099 41.18040844 39.13318589 37.08596333 35.03874078 32.94910071 30.7833586 28.6176165 26.46530883 24.3506176 22.23592637 20.13822358 18.12440122 16.11057886 14.0967565 12.08293415 10.06911179 8.055289431 6.041467073 4.027644716 2.013822358 0 
94.79944839 94.77818503 94.75692168 94.73565832 94.71439497 94.69313162 94.67186826 94.65060491 94.62934155 94.59988338 94.52557383 93.74227743 92.95898103 92.006391 91.05199998 90.09760895 89.14321793 88.1888269 87.23443588 86.28004485 85.32565383 84.37126281 83.41687178 82.46248076 80.60091212 78.49742945 76.39394678 74.29046412 72.18698145 70.08349878 67.98001612 65.87653345 63.77305078 61.66956811 59.56608545 57.4489397 55.3222786 53.23742726 51.19020471 49.14298216 47.09575961 45.04853706 43.00131451 40.95409195 38.9068694 36.85964685 34.8124243 32.76520175 30.67930439 28.51356229 26.36125463 24.24656339 22.15204594 20.13822358 18.12440122 16.11057886 14.0967565 12.08293415 10.06911179 8.055289431 6.041467073 4.027644716 2.013822358 0 
94.71515213 94.69388877 94.67262542 94.65136206 94.63009871 94.60883536 94.587572 94.56630865 94.54504529 94.52378194 94.45184458 93.66494619 92.71055516 91.75616414 90.80177311 89.84738209 88.89299106 87.93860004 86.98420901 86.02981799 85.07542696 84.12103594 83.16664491 82.21225389 80.35068525 78.24720258 76.14371992 74.04023725 71.93675458 69.83327192 67.72978925 65.62630658 63.52282391 61.41934125 59.31585858 57.21237591 55.09596212 53.01111078 50.96388823 48.91666568 46.86944313 44.82222057 42.77499802 40.72777547 38.68055292 36.63333037 34.58610782 32.53888526 30.49166271 28.40950808 26.25720042 24.16586829 22.15204594 20.13822358 18.12440122 16.11057886 14.0967565 12.08293415 10.06911179 8.055289431 6.041467073 4.027644716 2.013822358 0 
94.63085587 94.60959251 94.58832916 94.5670658 94.54580245 94.5245391 94.50327574 94.48201239 94.46074903 94.43948568 94.36911034 93.41471932 92.46032829 91.50593727 90.55154624 89.59715522 88.64276419 87.68837317 86.73398214 85.77959112 84.8252001 83.87080907 82.91641805 81.96202702 80.10045838 77.99697572 75.89349305 73.79001038 71.68652772 69.58304505 67.47956238 65.37607971 63.27259705 61.16911438 59.06563171 56.96214905 54.85866638 52.7847943 50.73757175 48.6903492 46.64312664 44.59590409 42.54868154 40.50145899 38.45423644 36.40701389 34.35979133 32.31256878 30.26534623 28.21812368 26.17969065 24.16586829 22.15204594 20.13822358 18.12440122 16.11057886 14.0967565 12.08293415 10.06911179 8.055289431 6.041467073 4.027644716 2.013822358 0 
