12.95928267 11.82682714 10.69437162 9.561916091 8.429460564 7.297005037 6.16454951 5.032093983 4.007544619 3.738338398 3.469132177 3.199925956 2.930719735 2.661513514 2.392307293 2.123101072 1.887093499 1.750681873 1.614270247 1.477858621 1.341446995 1.205035369 1.068623743 0.9322121165 0.8281338573 0.7779445428 0.7277552284 0.6775659139 0.6273765995 0.577187285 0.5269979705 0.4768086561 0.4434928555 0.4270505689 0.4106082823 0.3941659957 0.3777237091 0.3612814224 0.3448391358 0.3283968492 0.3270068768 0.3346482929 0.342289709 0.3499311251 0.3575725412 0.3652139574 0.3728553735 0.3804967896 0.4129936797 0.4537757278 0.494557776 0.5353398241 0.5761218722 0.6169039203 0.6576859685 0.6984680166 0.736502909 0.7741453506 0.8117877921 0.8494302337 0.8870726753 0.9247151169 0.9623575584 1 
13.27424485 11.9357287 10.77751559 9.645060068 8.512604541 7.380149014 6.247693487 5.11523796 4.090688596 3.821482375 3.552276154 3.283069933 3.013863712 2.744657491 2.47545127 2.19131143 1.91979865 1.763654125 1.627242499 1.490830873 1.354419247 1.218007621 1.081595994 0.9451843684 0.8411061092 0.7909167947 0.7407274802 0.6905381658 0.6403488513 0.5901595369 0.5399702224 0.4811629375 0.4406724553 0.4238797871 0.4074375005 0.3909952139 0.3745529273 0.3581106407 0.341668354 0.3252260674 0.323836095 0.3314775111 0.3391189272 0.3467603434 0.3544017595 0.3620431756 0.3696845917 0.3768182192 0.4078544804 0.4479787553 0.4887608034 0.5295428516 0.5703248997 0.6111069478 0.6518889959 0.6926710441 0.7307059365 0.768348378 0.8059908196 0.8436332612 0.8812757027 0.9189181443 0.957204694 1 
13.58920704 12.25069088 10.91217473 9.728204045 8.595748518 7.463292991 6.330837464 5.198381937 4.173832573 3.904626352 3.635420131 3.36621391 3.097007689 2.827801468 2.538683755 2.229654551 1.958141771 1.799178261 1.640214751 1.503803125 1.367391499 1.230979872 1.094568246 0.9581566203 0.854078361 0.8038890466 0.7536997321 0.7035104176 0.6533211032 0.6031317887 0.5426009097 0.4786228425 0.4381323603 0.4211294632 0.4042667187 0.3878244321 0.3713821455 0.3549398589 0.3384975723 0.3220552856 0.3206653132 0.3283067294 0.3359481455 0.3435895616 0.3512309777 0.3588723938 0.3659334801 0.3729945663 0.4040308275 0.4430588137 0.4829638309 0.523745879 0.5645279272 0.6053099753 0.6460920234 0.6868740715 0.7249089639 0.7625514055 0.8001938471 0.8378362886 0.8754787302 0.9144093879 0.957204694 1 
13.90416922 12.56565307 11.22713691 9.888620757 8.678892495 7.546436968 6.413981441 5.281525914 4.25697655 3.987770329 3.718564108 3.449357887 3.180151666 2.886056081 2.577026877 2.267997673 1.996484892 1.837521382 1.678557872 1.519594362 1.38036375 1.243952124 1.107540498 0.9711288721 0.8670506129 0.8168612984 0.766671984 0.7164826695 0.666293355 0.6040388819 0.5400608147 0.4760827475 0.4355922653 0.4185893682 0.4015864711 0.3846536504 0.3682113637 0.3517690771 0.3353267905 0.3188845039 0.3174945315 0.3251359476 0.3327773637 0.3404187798 0.3479876547 0.3550487409 0.3621098272 0.3691709134 0.4002071746 0.4392351608 0.4782631471 0.5179489065 0.5587309546 0.5995130027 0.6402950509 0.681077099 0.7191119914 0.756754433 0.7943968745 0.8320393161 0.8716140819 0.9144093879 0.957204694 1 
14.2191314 12.88061525 11.54209909 10.20358294 8.865066786 7.629580945 6.497125418 5.364669891 4.340120527 4.070914306 3.801708085 3.532501864 3.233428406 2.924399202 2.615369998 2.306340794 2.034828013 1.875864503 1.716900993 1.557937483 1.398973973 1.256924376 1.12051275 0.984101124 0.8800228647 0.8298335503 0.7796442358 0.7294549213 0.6654768541 0.6014987869 0.5375207197 0.4735426525 0.4330521703 0.4160492732 0.3990463761 0.3820434791 0.365040582 0.3485982953 0.3321560087 0.3157137221 0.3143237497 0.3219651658 0.3296065819 0.3371029156 0.3441640018 0.351225088 0.3582861743 0.3653472605 0.3963835217 0.4354115079 0.4744394942 0.5134674804 0.5529339821 0.5937160302 0.6344980783 0.6752801265 0.7133150189 0.7509574604 0.788599902 0.8288187758 0.8716140819 0.9144093879 0.957204694 1 
14.53409359 13.19557743 11.85706128 10.51854512 9.180028969 7.841512814 6.580269395 5.447813868 4.423264504 4.154058283 3.884852062 3.580800731 3.271771527 2.962742323 2.653713119 2.344683915 2.073171135 1.914207625 1.755244115 1.596280605 1.437317095 1.278353585 1.133485002 0.9970733758 0.8929951166 0.8428058021 0.7908928936 0.7269148264 0.6629367591 0.5989586919 0.5349806247 0.4710025575 0.4305120753 0.4135091782 0.3965062812 0.3795033841 0.362500487 0.3454975899 0.328985227 0.3125429403 0.3111529679 0.318794384 0.3262181764 0.3332792627 0.3403403489 0.3474014351 0.3544625214 0.3615236076 0.3925598688 0.431587855 0.4706158413 0.5096438275 0.5486718137 0.5879190577 0.6287011058 0.6694831539 0.7075180463 0.7451604879 0.7860234698 0.8288187758 0.8716140819 0.9144093879 0.957204694 1 
14.84905577 13.51053962 12.17202346 10.83350731 9.494991152 8.156474997 6.817958843 5.530957845 4.506408481 4.23720226 3.928173056 3.619143852 3.310114648 3.001085444 2.692056241 2.383027037 2.111514256 1.952550746 1.793587236 1.634623726 1.475660216 1.316696706 1.157733196 1.010045628 0.9059673684 0.8523308658 0.7883527986 0.7243747314 0.6603966641 0.5964185969 0.5324405297 0.4684624625 0.4279719803 0.4109690833 0.3939661862 0.3769632891 0.359960392 0.3429574949 0.3259545978 0.3093721586 0.3079821862 0.3153334373 0.3223945236 0.3294556098 0.336516696 0.3435777822 0.3506388685 0.3576999547 0.3887362159 0.4277642021 0.4667921884 0.5058201746 0.5448481608 0.5838761471 0.6229041333 0.6636861814 0.7017210738 0.7432281637 0.7860234698 0.8288187758 0.8716140819 0.9144093879 0.957204694 1 
15.16401795 13.8255018 12.48698564 11.14846949 9.809953335 8.471437181 7.132921026 5.794404871 4.584574586 4.275545382 3.966516178 3.657486974 3.34845777 3.039428566 2.730399362 2.421370158 2.149857377 1.990893867 1.831930357 1.672966847 1.514003337 1.355039827 1.196076317 1.037112807 0.913768838 0.8497907708 0.7858127036 0.7218346364 0.6578565692 0.5938785019 0.5299004347 0.4659223675 0.4254318853 0.4084289883 0.3914260912 0.3744231941 0.357420297 0.3404173999 0.3234145028 0.3064116057 0.3044486982 0.3115097844 0.3185708707 0.3256319569 0.3326930431 0.3397541293 0.3468152156 0.3538763018 0.384912563 0.4239405492 0.4629685355 0.5019965217 0.5410245079 0.5800524942 0.6190804804 0.6581084666 0.7004328577 0.7432281637 0.7860234698 0.8288187758 0.8716140819 0.9144093879 0.957204694 1 
14.99820641 13.65969026 12.3211741 10.98265795 9.644141792 8.305625637 6.967109482 5.628593328 4.536816324 4.25414755 3.945118346 3.636089142 3.327059938 3.018030734 2.70900153 2.399972326 2.128459546 1.969496036 1.810532525 1.651569015 1.492605505 1.333641995 1.174678485 1.015714975 0.906441109 0.8424630418 0.7784849746 0.7145069074 0.6505288402 0.586550773 0.5225727057 0.4592516744 0.424296304 0.4073282601 0.390325363 0.3733224659 0.3563195688 0.3393166717 0.3223137746 0.3053108775 0.30334797 0.3104090562 0.3174701425 0.3245312287 0.3315923149 0.3386534012 0.3457144874 0.35305587 0.3848504999 0.4238784861 0.4629064724 0.5019344586 0.5409624448 0.5799904311 0.6190184173 0.6580464035 0.7003707946 0.7431661006 0.7859614067 0.8287567127 0.8715520188 0.9143473248 0.9571426309 1 
14.83239487 13.49387871 12.15536256 10.8168464 9.478330248 8.139814094 6.801297939 5.511902553 4.481526511 4.232749718 3.923720514 3.61469131 3.305662106 2.996632902 2.687603698 2.378574494 2.107061714 1.948098204 1.789134694 1.630171184 1.471207674 1.312244163 1.153280653 1.006823901 0.8991133801 0.8351353129 0.7711572456 0.7071791784 0.6432011112 0.579223044 0.5152449768 0.4578372679 0.4228818976 0.4062275319 0.3892246348 0.3722217377 0.3552188406 0.3382159435 0.3212130464 0.3042101493 0.3022472418 0.309308328 0.3163694143 0.3234305005 0.3304915867 0.337552673 0.3446137592 0.3524596754 0.3844323491 0.423816423 0.4628444093 0.5018723955 0.5409003817 0.5799283679 0.6189563542 0.6579843404 0.7003087315 0.7431040375 0.7858993436 0.8286946496 0.8714899557 0.9142852617 0.9570943595 1 
14.66658332 13.32806717 11.98955101 10.65103486 9.312518705 7.97400255 6.635486395 5.45661274 4.426236698 4.177459905 3.902322682 3.593293478 3.284264274 2.97523507 2.666205866 2.357176662 2.085663882 1.926700372 1.767736862 1.608773352 1.449809842 1.290846332 1.133446166 0.9994961725 0.8917856511 0.8278075839 0.7638295167 0.6998514494 0.6358733822 0.571895315 0.5098883553 0.4564228615 0.4214674911 0.4050222443 0.3881239066 0.3711210095 0.3541181124 0.3371152153 0.3201123182 0.3031094211 0.3011465136 0.3082075999 0.3152686861 0.3223297723 0.3293908585 0.3364519448 0.343905446 0.3518634808 0.3838361545 0.4237543599 0.4627823462 0.5018103324 0.5408383186 0.5798663048 0.6188942911 0.6579222773 0.7002466684 0.7430419744 0.7858372805 0.8286325865 0.8714278926 0.9142231986 0.9570943595 1 
14.50077178 13.16225563 11.82373947 10.48522332 9.146707161 7.808191006 6.543356005 5.401322927 4.370946885 4.122170092 3.873393299 3.571895646 3.262866442 2.953837239 2.644808035 2.335778831 2.06426605 1.90530254 1.74633903 1.58737552 1.42841201 1.2694485 1.126118437 0.9921684435 0.8844579221 0.8204798549 0.7565017877 0.6925237205 0.6285456532 0.564567586 0.5084739489 0.455008455 0.4200530847 0.4036078378 0.3870231784 0.3700202813 0.3530173842 0.3360144871 0.31901159 0.302008693 0.3000457854 0.3071068717 0.3141679579 0.3212290441 0.3282901304 0.3353512166 0.3433092514 0.3512672861 0.3832399599 0.4232175133 0.4627202831 0.5017482693 0.5407762555 0.5798042417 0.618832228 0.6578602142 0.7001846053 0.7429799113 0.7857752174 0.8285705234 0.8713658294 0.9141887191 0.9570943595 1 
14.33496024 12.99644408 11.65792793 10.31941177 8.980895617 7.642379463 6.488066192 5.346033114 4.315657072 4.066880279 3.818103486 3.550497815 3.241468611 2.932439407 2.623410203 2.314380999 2.042868218 1.883904708 1.724941198 1.565977688 1.407014178 1.252740702 1.118790708 0.9848407145 0.8771301931 0.8131521259 0.7491740587 0.6851959915 0.6212179243 0.5605250362 0.5070595424 0.4535940486 0.4186386782 0.4021934314 0.3857481845 0.3689195531 0.351916656 0.334913759 0.3179108619 0.3009079648 0.2989450573 0.3060061435 0.3130672297 0.3201283159 0.3271894022 0.334755022 0.3427130567 0.3506710915 0.3826437652 0.4226213186 0.462598872 0.5016862062 0.5407141924 0.5797421786 0.6187701649 0.6577981511 0.7001225422 0.7429178482 0.7857131543 0.8285084603 0.8713037663 0.9141887191 0.9570943595 1 
14.16914869 12.83063254 11.49211638 10.15360023 8.815084074 7.574809458 6.43277638 5.290743301 4.260367259 4.011590466 3.762813673 3.51403688 3.220070779 2.911041575 2.602012371 2.292983167 2.021470386 1.862506876 1.703543366 1.544579856 1.385616346 1.245412973 1.111462979 0.9775129855 0.8698024642 0.8058243969 0.7418463297 0.6778682625 0.6138901953 0.5591106298 0.505645136 0.4521796421 0.4172242718 0.4007790249 0.3843337781 0.3678188249 0.3508159279 0.3338130308 0.3168101337 0.2998072366 0.2978443291 0.3049054153 0.3119665015 0.3190275877 0.3262007925 0.3341588273 0.3421168621 0.3500748969 0.3820475706 0.422025124 0.4620026774 0.5016241431 0.5406521293 0.5796801155 0.6187081018 0.657736088 0.7000604791 0.7428557851 0.7856510911 0.8284463972 0.8712830786 0.9141887191 0.9570943595 1 
14.00333715 12.66482099 11.32630484 9.987788685 8.661552723 7.519519645 6.377486567 5.235453489 4.205077446 3.956300653 3.70752386 3.458747067 3.198672947 2.889643743 2.580614539 2.271585335 2.000072555 1.841109045 1.682145535 1.523182024 1.372035238 1.238085244 1.10413525 0.9701852566 0.8624747352 0.798496668 0.7345186007 0.6705405335 0.6111617172 0.5576962233 0.5042307295 0.4507652357 0.4158098654 0.3993646185 0.3829193716 0.3664741248 0.3497151997 0.3327123026 0.3157094055 0.2987065084 0.2967436009 0.3038046871 0.3108657733 0.3179268596 0.3256045979 0.3335626327 0.3415206675 0.3494787022 0.381451376 0.4214289294 0.4614064828 0.5013840361 0.5405900662 0.5796180524 0.6186460387 0.6576740249 0.699998416 0.742793722 0.785589028 0.8283843341 0.8712830786 0.9141887191 0.9570943595 1 
13.83752561 12.49900945 11.1604933 9.821977141 8.60626291 7.464229832 6.322196754 5.180163676 4.149787633 3.90101084 3.652234047 3.403457254 3.154680461 2.868245911 2.559216707 2.250187503 1.978674723 1.819711213 1.660747703 1.501784193 1.364707509 1.230757515 1.096807521 0.9628575276 0.8551470062 0.791168939 0.7271908718 0.6632128046 0.6097473107 0.5562818169 0.5028163231 0.4493508292 0.4143954589 0.397950212 0.3815049652 0.3650597183 0.3486144715 0.3316115744 0.3146086773 0.2976057802 0.2956428727 0.3027039589 0.3097650451 0.3170503685 0.3250084033 0.3329664381 0.3409244728 0.3488825076 0.3808551813 0.4208327347 0.4608102881 0.5007878415 0.5405280031 0.5795559893 0.6185839756 0.6576119618 0.6999363528 0.7427316589 0.7855269649 0.8283774382 0.8712830786 0.9141887191 0.9570943595 1 
13.67171406 12.33319791 10.99468175 9.693006175 8.550973097 7.408940019 6.266906941 5.124873863 4.09449782 3.845721027 3.596944234 3.348167441 3.099390648 2.846848079 2.537818875 2.228789672 1.957276891 1.798313381 1.639349871 1.491329774 1.35737978 1.223429786 1.089479793 0.9555297986 0.8478192772 0.78384121 0.7198631428 0.6617983981 0.6083329043 0.5548674105 0.5014019166 0.4479364228 0.4129810525 0.3965358056 0.3800905587 0.3636453119 0.347200065 0.3305108462 0.3135079491 0.296505052 0.2945421445 0.3016032307 0.308664317 0.3164541739 0.3244122087 0.3323702434 0.3403282782 0.348286313 0.3802589867 0.4202365401 0.4602140935 0.5001916469 0.5401692003 0.5794939262 0.6185219125 0.6575498987 0.6998742897 0.7426695958 0.7854717977 0.8283774382 0.8712830786 0.9141887191 0.9570943595 1 
13.50590252 12.16738636 10.82887021 9.637716362 8.495683284 7.353650206 6.211617128 5.06958405 4.039208007 3.790431214 3.541654421 3.292877628 3.044100835 2.795324042 2.516421044 2.20739184 1.935879059 1.776915549 1.617952039 1.484002045 1.350052051 1.216102057 1.082152064 0.9482020696 0.8404915482 0.776513481 0.7138494855 0.6603839917 0.6069184978 0.553453004 0.4999875102 0.4465220164 0.411566646 0.3951213992 0.3786761523 0.3622309054 0.3457856586 0.3293404117 0.3124072209 0.2954043238 0.2934414163 0.3005025025 0.3078999445 0.3158579792 0.323816014 0.3317740488 0.3397320836 0.3476901184 0.3796627921 0.4196403455 0.4596178989 0.4995954522 0.5395730056 0.5794318631 0.6184598493 0.6574878356 0.6998122266 0.7426075327 0.7854717977 0.8283774382 0.8712830786 0.9141887191 0.9570943595 1 
13.34009097 12.00157482 10.72445963 9.582426549 8.440393471 7.298360393 6.156327315 5.014294237 3.983918194 3.735141401 3.486364608 3.237587815 2.988811022 2.740034229 2.491257436 2.185994008 1.914481227 1.755517717 1.61062431 1.476674316 1.342724322 1.208774328 1.074824335 0.9408743407 0.8331638193 0.7691857521 0.712435079 0.6589695852 0.6055040914 0.5520385976 0.4985731037 0.4451076099 0.4101522396 0.3937069927 0.3772617459 0.360816499 0.3443712521 0.3279260053 0.3113064927 0.2943035956 0.2923406881 0.2994017743 0.3073037498 0.3152617846 0.3232198194 0.3311778542 0.3391358889 0.3470939237 0.3790665975 0.4190441508 0.4590217042 0.4989992576 0.538976811 0.5789543644 0.6183977862 0.6574257725 0.6997501635 0.7425661573 0.7854717977 0.8283774382 0.8712830786 0.9141887191 0.9570943595 1 
13.17427943 11.83576328 10.66916981 9.527136736 8.385103658 7.24307058 6.101037502 4.959004424 3.928628381 3.679851588 3.431074795 3.182298002 2.933521209 2.684744416 2.435967623 2.164596176 1.893083396 1.737246575 1.603296581 1.469346587 1.335396593 1.201446599 1.067496606 0.9335466117 0.8258360903 0.7644861664 0.7110206726 0.6575551788 0.6040896849 0.5506241911 0.4971586973 0.4436932035 0.4087378331 0.3922925863 0.3758473394 0.3594020926 0.3429568457 0.3265115988 0.310066352 0.2932028674 0.2912399599 0.2987495204 0.3067075552 0.31466559 0.3226236248 0.3305816595 0.3385396943 0.3464977291 0.3784704028 0.4184479562 0.4584255096 0.498403063 0.5383806164 0.5783581698 0.6183357231 0.6573637094 0.6996881004 0.7425661573 0.7854717977 0.8283774382 0.8712830786 0.9141887191 0.9570943595 1 
13.00846789 11.75591308 10.61388 9.471846923 8.329813845 7.187780767 6.045747689 4.903714611 3.873338568 3.624561775 3.375784982 3.127008189 2.878231396 2.629454603 2.38067781 2.131901017 1.871685564 1.729918846 1.595968852 1.462018858 1.328068864 1.19411887 1.060168877 0.9262188827 0.8185083613 0.76307176 0.7096062662 0.6561407723 0.6026752785 0.5492097847 0.4957442909 0.442278797 0.4073234267 0.3908781798 0.374432933 0.3579876861 0.3415424393 0.3250971924 0.3086519455 0.2921021393 0.290195291 0.2981533258 0.3061113606 0.3140693954 0.3220274301 0.3299854649 0.3379434997 0.3459015345 0.3778742082 0.4178517616 0.457829315 0.4978068684 0.5377844217 0.5777619751 0.6177395285 0.6573016463 0.6996605168 0.7425661573 0.7854717977 0.8283774382 0.8712830786 0.9141887191 0.9570943595 1 
12.84265634 11.70062327 10.55859019 9.41655711 8.274524032 7.132490954 5.990457876 4.848424798 3.818048755 3.569271962 3.320495169 3.071718376 2.822941583 2.57416479 2.325387997 2.076611204 1.856541111 1.722591117 1.588641123 1.454691129 1.320741135 1.186791142 1.052841148 0.9188911537 0.8151228474 0.7616573535 0.7081918597 0.6547263659 0.6012608721 0.5477953782 0.4943298844 0.4408643906 0.4059090202 0.3894637734 0.3730185265 0.3565732797 0.3401280328 0.3236827859 0.3072375391 0.2907922922 0.2895990964 0.2975571312 0.3055151659 0.3134732007 0.3214312355 0.3293892703 0.3373473051 0.3453053398 0.3772780136 0.4172555669 0.4572331203 0.4972106737 0.5371882271 0.5771657805 0.6171433339 0.6571208873 0.6996605168 0.7425661573 0.7854717977 0.8283774382 0.8712830786 0.9141887191 0.9570943595 1 
13.03527913 11.7949565 10.64063723 9.498604154 8.356571076 7.214537998 6.07250492 4.930471842 3.900095799 3.651319006 3.402542213 3.15376542 2.904988627 2.656211834 2.407435041 2.139737695 1.870440828 1.696640997 1.562691003 1.428741009 1.294791015 1.160841021 1.026891027 0.8929410332 0.7891727269 0.735707233 0.6822417392 0.6287762454 0.5753107516 0.5218452577 0.4683797639 0.4178120402 0.3881949337 0.3755247466 0.3590794997 0.3426342529 0.326189006 0.3097437591 0.2932985123 0.2768532654 0.2756600696 0.2836181044 0.2915761391 0.2995341739 0.3074922087 0.3154502435 0.3234082782 0.3373366742 0.3794100181 0.4235849979 0.4635625513 0.5035401046 0.543517658 0.5834952114 0.6234727648 0.6634503182 0.7059899478 0.7488955882 0.7918012287 0.8347068691 0.8776125096 0.92051815 0.9627205204 1 
13.22790192 11.98757929 10.74725666 9.580651198 8.43861812 7.296585042 6.154551964 5.012518886 3.982142844 3.733366051 3.484589257 3.235812464 2.987035671 2.738258878 2.464254681 2.16502308 1.895726212 1.716233547 1.536740882 1.402790888 1.268840894 1.134890901 1.000940907 0.8669909128 0.7632226064 0.7097571126 0.6562916187 0.6028261249 0.5493606311 0.4958951373 0.4459069675 0.3970779059 0.3674607994 0.3570556481 0.3451404729 0.3286952261 0.3122499792 0.2958047323 0.2793594855 0.2629142386 0.2617210428 0.2696790776 0.2776371123 0.2855951471 0.2935531819 0.3015112167 0.3162925214 0.331073826 0.37314717 0.4243178603 0.4698919822 0.5098695356 0.5498470889 0.5898246423 0.6298021957 0.6697797491 0.7123193787 0.7552250191 0.7981306596 0.8410363 0.8839419405 0.9254410407 0.9627205204 1 
13.4205247 12.18020208 10.93987945 9.699556823 8.520665164 7.378632086 6.236599008 5.09456593 4.064189888 3.815413095 3.566636302 3.317859509 3.069082716 2.788771667 2.489540066 2.190308464 1.921011597 1.741518932 1.562026267 1.382533602 1.242890774 1.10894078 0.9749907862 0.8410407923 0.7372724859 0.6838069921 0.6303414983 0.5768760044 0.5234105106 0.4740018949 0.4251728332 0.3763437715 0.346726665 0.3363215138 0.3259163625 0.3147561993 0.2983109524 0.2818657055 0.2654204587 0.2489752118 0.247782016 0.2557400508 0.2636980855 0.2716561203 0.2804670638 0.2952483685 0.3100296732 0.3248109779 0.3668843218 0.4180550122 0.4692257025 0.5161989665 0.5561765199 0.5961540733 0.6361316266 0.67610918 0.7186488096 0.7615544501 0.8044600905 0.847365731 0.8881615611 0.9254410407 0.9627205204 1 
13.61314749 12.37282486 11.13250224 9.892179609 8.651856983 7.46067913 6.318646052 5.176612974 4.146236932 3.897460139 3.648683346 3.399906553 3.113288653 2.814057052 2.514825451 2.215593849 1.946296982 1.766804317 1.587311651 1.407818986 1.228326321 1.08299066 0.9490406657 0.8150906718 0.7113223654 0.6578568716 0.6043913778 0.5509258839 0.5020968223 0.4532677606 0.4044386989 0.3556096372 0.3259925307 0.3155873794 0.3051822281 0.2947770769 0.2843719256 0.2679266787 0.2514814319 0.235036185 0.2338429892 0.241801024 0.2497590587 0.259422911 0.2742042157 0.2889855204 0.303766825 0.3185481297 0.3606214737 0.411792164 0.4629628543 0.5141335447 0.5625059508 0.6024835042 0.6424610576 0.682438611 0.7249782405 0.767883881 0.8107895214 0.8508820815 0.8881615611 0.9254410407 0.9627205204 1 
13.80577028 12.56544765 11.32512502 10.0848024 8.844479769 7.604157142 6.400693096 5.258660018 4.228283976 3.979507183 3.73073039 3.437805639 3.138574038 2.839342437 2.540110835 2.240879234 1.971582366 1.792089701 1.612597036 1.433104371 1.253611706 1.074119041 0.9230905452 0.7891405513 0.6853722449 0.6319067511 0.5790208113 0.5301917496 0.4813626879 0.4325336262 0.3837045645 0.3348755029 0.3052583964 0.2948532451 0.2844480938 0.2740429425 0.2636377913 0.25323264 0.2375424051 0.2210971582 0.2199039624 0.2278619971 0.2383787581 0.2531600628 0.2679413675 0.2827226722 0.2975039769 0.3122852816 0.3543586255 0.4055293158 0.4567000062 0.5078706965 0.5590413869 0.6088129351 0.6487904885 0.6887680419 0.7313076714 0.7742133119 0.8136026018 0.8508820815 0.8881615611 0.9254410407 0.9627205204 1 
13.99839306 12.75807044 11.51774781 10.27742518 9.037102555 7.796779929 6.556457302 5.340707062 4.31033102 4.061554227 3.762322626 3.463091024 3.163859423 2.864627821 2.56539622 2.266164618 1.996867751 1.817375086 1.637882421 1.458389756 1.278897091 1.099404425 0.9199117603 0.7631904308 0.6594221244 0.6071157387 0.558286677 0.5094576153 0.4606285536 0.4117994919 0.3629704302 0.3141413685 0.284524262 0.2741191108 0.2637139595 0.2533088082 0.2429036569 0.2324985056 0.2220933544 0.2071581314 0.2059649356 0.2173346053 0.23211591 0.2468972147 0.2616785194 0.276459824 0.2912411287 0.3060224334 0.3480957773 0.3992664677 0.450437158 0.5016078484 0.5527785387 0.6039492291 0.6551199194 0.6950974728 0.7376371024 0.7763231222 0.8136026018 0.8508820815 0.8881615611 0.9254410407 0.9627205204 1 
14.19101585 12.95069322 11.71037059 10.47004797 9.229725341 7.989402715 6.749080088 5.508757462 4.386071213 4.086839612 3.78760801 3.488376409 3.189144807 2.889913206 2.590681604 2.291450003 2.022153136 1.842660471 1.663167805 1.48367514 1.304182475 1.12468981 0.9451971449 0.7657044798 0.635210666 0.5863816043 0.5375525426 0.4887234809 0.4398944193 0.3910653576 0.3422362959 0.2934072342 0.2637901277 0.2533849764 0.2429798252 0.2325746739 0.2221695226 0.2117643713 0.20135922 0.1909540688 0.1962904525 0.2110717571 0.2258530618 0.2406343665 0.2554156712 0.2701969759 0.2849782806 0.2997595852 0.3418329292 0.3930036195 0.4441743099 0.4953450002 0.5465156906 0.5976863809 0.6488570713 0.7000277616 0.7390436426 0.7763231222 0.8136026018 0.8508820815 0.8881615611 0.9254410407 0.9627205204 1 
13.85202374 12.61170111 11.37137849 10.13105586 8.890733234 7.650410608 6.410087981 5.222537493 4.289370973 4.02867732 3.729445718 3.430214117 3.130982515 2.831750914 2.532519313 2.233287711 1.963990844 1.784498179 1.605005513 1.425512848 1.246020183 1.066527518 0.8870348531 0.7347683493 0.6400290987 0.5946437604 0.5458146987 0.496985637 0.4481565753 0.3993275136 0.3504984519 0.3016693902 0.2720522837 0.2616471325 0.2512419812 0.2408368299 0.2304316786 0.2200265274 0.2096213761 0.1979875786 0.2015457841 0.2153960048 0.2301773095 0.2449586141 0.2597399188 0.2745212235 0.2893025282 0.3040838329 0.3461571768 0.3973278672 0.4484985575 0.4996692478 0.5508399382 0.6020106285 0.6531813189 0.7017043064 0.7393426608 0.7763231222 0.8136026018 0.8508820815 0.8881615611 0.9254410407 0.9627205204 1 
13.51303163 12.27270901 11.03238638 9.792063754 8.551741127 7.3114185 6.150254082 5.121020009 4.18785349 3.927159836 3.666466183 3.372051825 3.072820224 2.773588622 2.474357021 2.175125419 1.905828552 1.726335887 1.546843222 1.367350556 1.187857891 1.008365226 0.8629052628 0.7378649203 0.6431256698 0.5988882392 0.5540768547 0.505247793 0.4564187313 0.4075896696 0.358760608 0.3099315463 0.2803144398 0.2699092885 0.2595041372 0.2490989859 0.2386938347 0.2282886834 0.2164501115 0.2044067653 0.2079649709 0.2208841075 0.2345015571 0.2492828618 0.2640641665 0.2788454711 0.2936267758 0.3084080805 0.3504814244 0.4016521148 0.4528228051 0.5039934955 0.5551641858 0.6060039133 0.6545269008 0.7030498882 0.7406882427 0.7767716495 0.8136026018 0.8508820815 0.8881615611 0.9254410407 0.9627205204 1 
13.17403953 11.9337169 10.69339427 9.453071646 8.21274902 7.07797067 6.048736598 5.019502526 4.086336006 3.825642353 3.564948699 3.304255046 3.014657932 2.71542633 2.416194729 2.116963127 1.84766626 1.668173595 1.48868093 1.309188265 1.129695599 0.9910421763 0.8660018339 0.7409614914 0.6462222408 0.6019848102 0.5577473797 0.5135099491 0.4646808874 0.4158518257 0.367022764 0.3181937023 0.2885765958 0.2781714445 0.2677662933 0.257361142 0.2469559907 0.2349126445 0.2228692983 0.2108259521 0.2143841576 0.2273032942 0.2402224308 0.2536071094 0.2683884141 0.2831697188 0.2979510235 0.3127323281 0.3548056721 0.4059763624 0.4571470528 0.5083177431 0.5588265077 0.6073494952 0.6558724827 0.7043954701 0.7420338246 0.7781172314 0.8142006382 0.8508820815 0.8881615611 0.9254410407 0.9627205204 1 
12.83504742 11.59472479 10.35440217 9.114079539 8.005687259 6.976453187 5.947219115 4.917985043 3.984818523 3.724124869 3.463431216 3.202737563 2.942043909 2.657264038 2.358032437 2.058800835 1.789503968 1.610011303 1.430518638 1.251025973 1.11917909 0.9941387474 0.8690984049 0.7440580624 0.6493188119 0.6050813813 0.5608439507 0.5166065201 0.4723690895 0.4241139817 0.37528492 0.3264558583 0.2968387519 0.2864336006 0.2760284493 0.2654185237 0.2533751775 0.2413318312 0.229288485 0.2172451388 0.2208033444 0.233722481 0.2466416175 0.2595607541 0.2727126617 0.2874939664 0.3022752711 0.3170565758 0.3591299197 0.4103006101 0.4614713004 0.5116491022 0.5601720896 0.6086950771 0.6572180646 0.705741052 0.7433794065 0.7794628133 0.8155462201 0.851629627 0.8881615611 0.9254410407 0.9627205204 1 
12.49605531 11.25573268 10.01541006 8.933403848 7.904169776 6.874935703 5.845701631 4.816467559 3.883301039 3.622607386 3.361913733 3.101220079 2.840526426 2.579832772 2.299870145 2.000638543 1.731341676 1.551849011 1.372356346 1.247316003 1.122275661 0.9972353184 0.872194976 0.7471546335 0.6524153829 0.6081779524 0.5639405218 0.5197030912 0.4754656606 0.43122823 0.3835470761 0.3347180144 0.3051009079 0.2946957566 0.2838810566 0.2718377104 0.2597943642 0.247751018 0.2357076718 0.2236643256 0.2272225311 0.2401416677 0.2530608043 0.2659799409 0.2788990775 0.291818214 0.3065995187 0.3213808234 0.3634541673 0.4146248577 0.4644716966 0.5129946841 0.5615176715 0.610040659 0.6585636465 0.7070866339 0.7447249884 0.7808083952 0.816891802 0.8529752089 0.8890586157 0.9254410407 0.9627205204 1 
12.1570632 10.91674058 9.861120436 8.831886364 7.802652292 6.77341822 5.744184148 4.714950076 3.781783556 3.521089903 3.260396249 2.999702596 2.739008942 2.478315289 2.217621636 1.942476252 1.673179384 1.500493259 1.375452917 1.250412574 1.125372232 1.00033189 0.875291547 0.7502512045 0.655511954 0.6112745234 0.5670370928 0.5227996622 0.4785622316 0.434324801 0.3900873704 0.3429801704 0.3133630639 0.3023435896 0.2903002434 0.2782568971 0.2662135509 0.2541702047 0.2421268585 0.2300835123 0.2336417179 0.2465608544 0.259479991 0.2723991276 0.2853182642 0.2982374008 0.3111565374 0.325705071 0.367778415 0.417294291 0.4658172785 0.514340266 0.5628632534 0.6113862409 0.6599092284 0.7084322158 0.7460705703 0.7821539771 0.8182373839 0.8543207908 0.8904041976 0.9264876044 0.9627205204 1 
11.8180711 10.78883702 9.759602953 8.730368881 7.701134809 6.671900737 5.642666665 4.613432592 3.680266073 3.419572419 3.158878766 2.898185112 2.637491459 2.376797806 2.116104152 1.855410499 1.628630173 1.503589831 1.378549488 1.253509146 1.128468803 1.003428461 0.8783881181 0.7533477756 0.6586085251 0.6143710945 0.5701336639 0.5258962333 0.4816588027 0.4374213721 0.3931839415 0.3489465109 0.3208061225 0.3087627763 0.2967194301 0.2846760839 0.2726327377 0.2605893915 0.2485460453 0.2365026991 0.2400609046 0.2529800412 0.2658991778 0.2788183144 0.2917374509 0.3046565875 0.3175757241 0.3304948607 0.3701168855 0.4186398729 0.4671628604 0.5156858479 0.5642088353 0.6127318228 0.6612548103 0.7097777977 0.7474161521 0.783499559 0.8195829658 0.8556663727 0.8917497795 0.9278331863 0.9639165932 1 
11.93548964 10.82474284 9.795508766 8.766274694 7.737040622 6.70780655 5.678572478 4.649338406 3.716171886 3.455478233 3.194784579 2.934090926 2.673397272 2.412703619 2.152009966 1.891316312 1.641102532 1.51162333 1.386582987 1.261542645 1.136502302 1.01146196 0.8864216173 0.7613812748 0.6666420242 0.6224045937 0.5781671631 0.5339297325 0.4896923019 0.4454548713 0.4012174407 0.3568824795 0.3253736787 0.3130068115 0.3009634653 0.2889201191 0.2768767729 0.2648334267 0.2527900805 0.2407467343 0.2443049399 0.2572240764 0.270143213 0.2830623496 0.2959814862 0.3089006228 0.3218197594 0.3335586543 0.3722364858 0.4207594732 0.4692824607 0.5178054482 0.5663284356 0.6148514231 0.6633744106 0.7103770087 0.7474161521 0.783499559 0.8195829658 0.8556663727 0.8917497795 0.9278331863 0.9639165932 1 
12.05290819 10.87876259 9.83141458 8.802180508 7.772946435 6.743712363 5.714478291 4.685244219 3.752077699 3.491384046 3.230690393 2.969996739 2.709303086 2.448609432 2.187915779 1.913967214 1.657125978 1.519656829 1.394616486 1.269576144 1.144535801 1.019495459 0.8944551165 0.769414774 0.6746755234 0.6304380928 0.5862006623 0.5419632317 0.4977258011 0.4534883705 0.4092509399 0.3640382035 0.3325294027 0.3172508468 0.3052075006 0.2931641544 0.2811208082 0.269077462 0.2570341158 0.2449907696 0.2485489751 0.2614681117 0.2743872483 0.2873063849 0.3002255214 0.313144658 0.3260637946 0.3356782546 0.3743560861 0.4228790735 0.471402061 0.5199250485 0.5684480359 0.6169710234 0.6654940109 0.7105418227 0.7474894028 0.783499559 0.8195829658 0.8556663727 0.8917497795 0.9278331863 0.9639165932 1 
12.17032673 10.99618114 9.867320393 8.838086321 7.808852249 6.779618177 5.750384105 4.721150033 3.787983513 3.527289859 3.266596206 3.005902553 2.745208899 2.484515246 2.223821592 1.92999066 1.673149424 1.533904731 1.402649986 1.277609643 1.152569301 1.027528958 0.9024886156 0.7774482732 0.6827090226 0.638471592 0.5942341614 0.5499967308 0.5057593003 0.4615218697 0.4169918473 0.3711939274 0.3396851266 0.3224654449 0.3094515358 0.2974081896 0.2853648434 0.2733214972 0.261278151 0.2492348048 0.2527930103 0.2657121469 0.2786312835 0.2915504201 0.3044695567 0.3173886933 0.3286554916 0.3377978549 0.3764756864 0.4249986738 0.4735216613 0.5220446488 0.5705676363 0.6190906237 0.6656588249 0.7107066368 0.7476542169 0.783499559 0.8195829658 0.8556663727 0.8917497795 0.9278331863 0.9639165932 1 
12.28774528 11.11359968 9.939454087 8.873992134 7.844758062 6.81552399 5.786289918 4.757055846 3.823889326 3.563195673 3.302502019 3.041808366 2.781114713 2.520421059 2.24205419 1.946014107 1.689172871 1.549928178 1.410683485 1.285643142 1.1606028 1.035562457 0.9105221148 0.7854817723 0.6907425218 0.6465050912 0.6022676606 0.55803023 0.5137927994 0.4695553689 0.4241475713 0.3783496514 0.3468408506 0.3296211689 0.3136955711 0.3016522249 0.2896088787 0.2775655325 0.2655221863 0.25347884 0.2570370456 0.2699561822 0.2828753188 0.2957944553 0.3087135919 0.3216327285 0.3307750919 0.3399174552 0.3785952867 0.4271182742 0.4756412616 0.5241642491 0.5726872366 0.6207758271 0.6658236389 0.7108714508 0.7478190309 0.783609435 0.8195829658 0.8556663727 0.8917497795 0.9278331863 0.9639165932 1 
12.40516382 11.23101823 10.05687263 8.909897948 7.880663876 6.851429804 5.822195731 4.792961659 3.85979514 3.599101486 3.338407833 3.077714179 2.817020526 2.554117721 2.258077637 1.962037553 1.705196317 1.565951624 1.426706931 1.293676641 1.168636299 1.043595957 0.918555614 0.7935152715 0.698776021 0.6545385904 0.6103011598 0.5660637292 0.5218262986 0.4771012151 0.4313032952 0.3855053754 0.3539965746 0.3367768929 0.3195572112 0.3058962601 0.2938529139 0.2818095677 0.2697662215 0.2577228753 0.2612810808 0.2742002174 0.287119354 0.3000384906 0.3129576272 0.3237523288 0.3328946922 0.3420370556 0.380714887 0.4292378745 0.4777608619 0.5262838494 0.5748068369 0.6209406411 0.665988453 0.7110362648 0.7479838449 0.783774249 0.8195829658 0.8556663727 0.8917497795 0.9278331863 0.9639165932 1 
12.52258237 11.34843677 10.17429118 9.000145583 7.916569689 6.887335617 5.858101545 4.828867473 3.895700953 3.6350073 3.374313646 3.113619993 2.852926339 2.570141167 2.274101083 1.978060999 1.721219763 1.58197507 1.442730377 1.303485684 1.176669798 1.051629456 0.9265891132 0.8015487707 0.7068095202 0.6625720896 0.618334659 0.5740972284 0.5298597978 0.4842569391 0.4384590192 0.3926610993 0.3611522985 0.3439326168 0.3267129351 0.3101402954 0.2980969492 0.2860536029 0.2740102567 0.2619669105 0.2655251161 0.2784442527 0.2913633892 0.3042825258 0.3167295658 0.3258719291 0.3350142925 0.3441566559 0.3828344873 0.4313574748 0.4798804622 0.5284034497 0.5760576433 0.6211054551 0.666153267 0.7112010788 0.7481486589 0.7839390631 0.8197294672 0.8556663727 0.8917497795 0.9278331863 0.9639165932 1 
12.64000092 11.46585532 10.29170972 9.117564128 7.952475502 6.92324143 5.894007358 4.864773286 3.931606766 3.670913113 3.41021946 3.149525806 2.882204697 2.586164613 2.290124529 1.994084445 1.737243209 1.597998516 1.458753824 1.319509131 1.184703297 1.059662955 0.9346226124 0.8095822699 0.7148430194 0.6706055888 0.6263681582 0.5821307276 0.5372105829 0.4914126631 0.4456147432 0.3998168233 0.3683080225 0.3510883408 0.3338686591 0.3166489774 0.3023409844 0.2902976382 0.278254292 0.2662109458 0.2697691513 0.2826882879 0.2956074245 0.3085265611 0.3188491661 0.3279915294 0.3371338928 0.3462762562 0.3849540876 0.4334770751 0.4820000626 0.53052305 0.5762224573 0.6212702692 0.666318081 0.7113658929 0.7483134729 0.7841038771 0.8198942812 0.8556846853 0.8917497795 0.9278331863 0.9639165932 1 
12.75741946 11.58327387 10.40912827 9.234982673 8.060837078 6.959147244 5.929913172 4.9006791 3.96751258 3.706818926 3.446125273 3.18543162 2.898228143 2.602188059 2.306147976 2.010107892 1.753266656 1.614021963 1.47477727 1.335532577 1.196287884 1.067696454 0.9426561116 0.8176157691 0.7228765186 0.678639088 0.6344016574 0.5901642268 0.5443663069 0.498568387 0.4527704671 0.4069725472 0.3754637464 0.3582440647 0.341024383 0.3238047013 0.3065850196 0.2945416734 0.2824983272 0.270454981 0.2740131866 0.2869323231 0.2998514597 0.311826403 0.3209687664 0.3301111297 0.3392534931 0.3483958565 0.3870736879 0.4355966754 0.4841196629 0.5313394595 0.5763872713 0.6214350832 0.666482895 0.7115307069 0.748478287 0.7842686911 0.8200590952 0.8558494994 0.8917497795 0.9278331863 0.9639165932 1 
12.87483801 11.70069241 10.52654681 9.352401219 8.178255623 7.004110027 5.965818985 4.936584913 4.003418393 3.74272474 3.482031086 3.210291673 2.91425159 2.618211506 2.322171422 2.026131338 1.769290102 1.630045409 1.490800716 1.351556023 1.21231133 1.075729953 0.9506896108 0.8256492683 0.7309100178 0.6866725872 0.6424351566 0.5973199508 0.5515220309 0.505724111 0.4599261911 0.4141282712 0.3826194704 0.3653997887 0.348180107 0.3309604253 0.3137407436 0.2987857087 0.2867423625 0.2746990163 0.2782572218 0.2911763584 0.304095495 0.3139460033 0.3230883667 0.3322307301 0.3413730934 0.3505154568 0.3891932882 0.4377162757 0.4862392632 0.5315042735 0.5765520853 0.6215998972 0.6666477091 0.7116955209 0.748643101 0.7844335051 0.8202239092 0.8560143134 0.8918047175 0.9278331863 0.9639165932 1 
12.99225655 11.81811096 10.64396536 9.469819764 8.295674169 7.121528573 6.001724798 4.972490726 4.039324207 3.778630553 3.5179369 3.22631512 2.930275036 2.634234952 2.338194868 2.042154784 1.785313548 1.646068855 1.506824162 1.36757947 1.228334777 1.089090084 0.95872311 0.8336827675 0.738943517 0.6947060864 0.6502735946 0.6044756747 0.5586777548 0.5128798349 0.467081915 0.4212839952 0.3897751944 0.3725555127 0.355335831 0.3381161493 0.3208964676 0.3036767859 0.2909863977 0.2789430515 0.2825012571 0.2954203936 0.3069232403 0.3160656036 0.325207967 0.3343503304 0.3434926937 0.3526350571 0.3913128885 0.439835876 0.4866212757 0.5316690875 0.5767168994 0.6217647112 0.6668125231 0.7118603349 0.748807915 0.7845983191 0.8203887233 0.8561791274 0.8919695315 0.9278331863 0.9639165932 1 
13.1096751 11.9355295 10.76138391 9.58723831 8.413092714 7.238947118 6.064801523 5.00839654 4.07523002 3.814536367 3.53837865 3.242338566 2.946298482 2.650258398 2.354218314 2.058178231 1.801336994 1.662092302 1.522847609 1.383602916 1.244358223 1.10511353 0.9667566092 0.8417162667 0.7469770161 0.7027395856 0.6574293186 0.6116313987 0.5658334788 0.5200355589 0.474237639 0.4284397191 0.3969309183 0.3797112366 0.3624915549 0.3452718732 0.3280521915 0.3108325098 0.295230433 0.2831870868 0.2867452923 0.2996644289 0.3090428406 0.3181852039 0.3273275673 0.3364699307 0.345612294 0.3547546574 0.3934324888 0.4417382778 0.4867860897 0.5318339015 0.5768817134 0.6219295253 0.6669773371 0.712025149 0.748972729 0.7847631332 0.8205535373 0.8563439414 0.8921343455 0.9279247497 0.9639165932 1 
13.22709364 12.05294805 10.87880245 9.704656855 8.53051126 7.356365664 6.182220068 5.044302353 4.111135833 3.85044218 3.554402096 3.258362012 2.962321928 2.666281845 2.370241761 2.074201677 1.817360441 1.678115748 1.538871055 1.399626362 1.260381669 1.121136976 0.9818922835 0.8497497659 0.7550105153 0.7103829624 0.6645850425 0.6187871226 0.5729892027 0.5271912829 0.481393363 0.4355954431 0.4040866423 0.3868669606 0.3696472789 0.3524275972 0.3352079155 0.3179882338 0.3007685521 0.287431122 0.2909893275 0.3020200775 0.3111624409 0.3203048042 0.3294471676 0.338589531 0.3477318943 0.3568742577 0.3955520892 0.4419030919 0.4869509037 0.5319987156 0.5770465274 0.6220943393 0.6671421511 0.712189963 0.7491375431 0.7849279472 0.8207183513 0.8565087554 0.8922991596 0.9280895637 0.9639165932 1 
13.34451219 12.17036659 10.996221 9.822075401 8.647929805 7.473784209 6.299638613 5.125493018 4.147041647 3.866465626 3.570425542 3.274385459 2.978345375 2.682305291 2.386265207 2.090225123 1.833383887 1.694139194 1.554894501 1.415649808 1.276405116 1.137160423 0.9979157298 0.858671037 0.7630440145 0.7175386864 0.6717407665 0.6259428466 0.5801449267 0.5343470068 0.4885490869 0.442751167 0.4112423662 0.3940226845 0.3768030028 0.3595833211 0.3423636394 0.3251439577 0.307924276 0.2916751572 0.2949973145 0.3041396778 0.3132820412 0.3224244046 0.3315667679 0.3407091313 0.3498514947 0.358993858 0.397020094 0.4420679059 0.4871157177 0.5321635296 0.5772113414 0.6222591533 0.6673069652 0.712354777 0.7493023571 0.7850927612 0.8208831653 0.8566735695 0.8924639736 0.9282543777 0.9640447818 1 
13.46193073 12.28778514 11.11363954 9.939493946 8.765348351 7.591202755 6.417057159 5.242911563 4.178529156 3.882489073 3.586448989 3.290408905 2.994368821 2.698328737 2.402288653 2.106248569 1.849407333 1.71016264 1.570917948 1.431673255 1.292428562 1.153183869 1.013939176 0.8746944832 0.7704923302 0.7246944103 0.6788964904 0.6330985706 0.5873006507 0.5415027308 0.4957048109 0.449906891 0.4183980902 0.4011784085 0.3839587268 0.3667390451 0.3495193634 0.3322996817 0.31508 0.2978603183 0.2971169148 0.3062592781 0.3154016415 0.3245440049 0.3336863682 0.3428287316 0.351971095 0.3611134583 0.3971849081 0.4422327199 0.4872805318 0.5323283436 0.5773761555 0.6224239673 0.6674717792 0.712519591 0.7494671711 0.7852575752 0.8210479794 0.8568383835 0.8926287876 0.9284191917 0.9642095959 1 
13.59976627 12.31513423 11.14098864 9.966843041 8.792697445 7.618551849 6.444406254 5.270260658 4.205878251 3.909838167 3.613798083 3.317758 3.021717916 2.725677832 2.429637748 2.133597664 1.858940894 1.71446848 1.575223787 1.435979094 1.296734401 1.157489709 1.018245016 0.8790003228 0.7747981698 0.7290002499 0.68320233 0.6374044101 0.5916064902 0.5458085703 0.5000106504 0.4536504413 0.4200488855 0.4031298987 0.385910217 0.3686905353 0.3514708536 0.3342511719 0.3170314902 0.2998118085 0.299068405 0.3082107684 0.3173531317 0.3264954951 0.3356378585 0.3447802218 0.3539225852 0.362874015 0.3987927178 0.4438405296 0.4888883415 0.5339361533 0.5789839652 0.6240317771 0.6690795889 0.7121440264 0.7494671711 0.7852575752 0.8210479794 0.8568383835 0.8926287876 0.9284191917 0.9642095959 1 
13.7376018 12.36703587 11.16833773 9.994192136 8.82004654 7.645900944 6.471755348 5.297609753 4.233227346 3.937187262 3.641147178 3.345107094 3.04906701 2.753026927 2.456986843 2.151857854 1.872656631 1.71877432 1.579529627 1.440284934 1.301040241 1.161795548 1.022550855 0.8833061623 0.7791040093 0.7333060894 0.6875081695 0.6417102496 0.5959123298 0.5501144099 0.50431649 0.4528956774 0.4192941217 0.405081389 0.3878617073 0.3706420256 0.3534223439 0.3362026622 0.3189829805 0.3017632988 0.3010198952 0.3101622586 0.319304622 0.3284469853 0.3375893487 0.3467317121 0.3558740754 0.3644818247 0.4004005275 0.4454483394 0.4904961512 0.5355439631 0.5805917749 0.6256395868 0.6706873986 0.7112017833 0.7490483964 0.7852575752 0.8210479794 0.8568383835 0.8926287876 0.9284191917 0.9642095959 1 
13.87543733 12.5048714 11.19568683 10.02154123 8.847395635 7.673250039 6.499104443 5.324958847 4.260576441 3.964536357 3.668496273 3.372456189 3.076416105 2.780376021 2.484335937 2.165573591 1.886372369 1.730398969 1.583835466 1.444590773 1.30534608 1.166101388 1.026856695 0.8876120019 0.7834098489 0.737611929 0.6918140091 0.6460160892 0.6002181693 0.5544202494 0.5069354617 0.4521409135 0.4185393578 0.4061307945 0.3898131975 0.3725935158 0.3553738341 0.3381541524 0.3209344707 0.303714789 0.3029713855 0.3121137488 0.3212561122 0.3303984756 0.3395408389 0.3486832023 0.3575582586 0.3660896344 0.4020083372 0.4470561491 0.4921039609 0.5371517728 0.5821995847 0.6272473965 0.6697451556 0.7102595403 0.7481061534 0.7852575752 0.8210479794 0.8568383835 0.8926287876 0.9284191917 0.9642095959 1 
14.01327286 12.64270693 11.272141 10.04889033 8.874744729 7.700599134 6.526453538 5.352307942 4.287925535 3.991885451 3.695845368 3.399805284 3.1037652 2.807725116 2.499566492 2.179289329 1.900088106 1.744114706 1.588141306 1.448896613 1.30965192 1.170407227 1.031162534 0.8919178414 0.7877156884 0.7419177685 0.6961198486 0.6503219287 0.6045240088 0.558726089 0.5061806979 0.4513861497 0.417784594 0.4053760306 0.3917646877 0.374545006 0.3573253243 0.3401056426 0.322885961 0.3056662793 0.3049228757 0.3140652391 0.3232076025 0.3323499658 0.3414923292 0.3506346925 0.3591660683 0.3676974441 0.403616147 0.4486639588 0.4937117707 0.5387595825 0.5838073944 0.6282885278 0.6688029125 0.7093172972 0.7471639103 0.7846294132 0.8210479794 0.8568383835 0.8926287876 0.9284191917 0.9642095959 1 
14.15110839 12.78054246 11.40997654 10.07623942 8.902093824 7.727948228 6.553802633 5.379657037 4.31527463 4.019234546 3.723194462 3.427154378 3.131114295 2.833559393 2.51328223 2.193005066 1.913803844 1.757830443 1.601857043 1.453202452 1.31395776 1.174713067 1.035468374 0.896223681 0.792021528 0.7462236081 0.7004256882 0.6546277683 0.6088298484 0.5602204822 0.505425934 0.4506313858 0.4170298301 0.4046212668 0.3922127035 0.3764964963 0.3592768146 0.3420571329 0.3248374512 0.3076177695 0.306874366 0.3160167293 0.3251590927 0.3343014561 0.3434438194 0.3522425023 0.3607738781 0.3693052539 0.4052239567 0.4502717685 0.4953195804 0.5403673923 0.5854152041 0.6273462848 0.6678606695 0.7083750542 0.7462216673 0.7836871702 0.8210479794 0.8568383835 0.8926287876 0.9284191917 0.9642095959 1 
14.28894393 12.918378 11.54781207 10.17724614 8.929442919 7.755297323 6.581151727 5.407006131 4.342623725 4.046583641 3.750543557 3.454503473 3.158463389 2.847275131 2.526997967 2.206720804 1.927519581 1.771546181 1.615572781 1.45959938 1.318263599 1.179018906 1.039774213 0.9005295205 0.7963273675 0.7505294476 0.7047315277 0.6589336078 0.6131356879 0.5594657183 0.5046711701 0.449876622 0.4162750662 0.4038665029 0.3914579396 0.3784479865 0.3612283048 0.3440086231 0.3267889414 0.3095692597 0.3088258562 0.3179682196 0.3271105829 0.3362529463 0.3453189362 0.353850312 0.3623816878 0.3709130636 0.4068317664 0.4518795783 0.4969273901 0.541975202 0.585889657 0.6264040417 0.6669184264 0.7074328111 0.7452794242 0.7827449271 0.82021043 0.8568383835 0.8926287876 0.9284191917 0.9642095959 1 
14.42677946 13.05621353 11.6856476 10.31508167 8.956792014 7.782646418 6.608500822 5.434355226 4.369972819 4.073932735 3.777892652 3.481852568 3.181268032 2.860990868 2.540713705 2.220436541 1.941235319 1.785261918 1.629288518 1.473315118 1.322569439 1.183324746 1.044080053 0.90483536 0.800633207 0.7548352872 0.7090373673 0.6632394474 0.6135055026 0.5587109544 0.5039164063 0.4491218581 0.4155203024 0.4031117391 0.3907031758 0.3782946125 0.3631797951 0.3459601134 0.3287404317 0.31152075 0.3107773464 0.3199197098 0.3290620732 0.3382044365 0.3469267459 0.3554581217 0.3639894975 0.3725208733 0.4084395761 0.453487388 0.4985351999 0.5435830117 0.584947414 0.6254617987 0.6659761834 0.7064905681 0.7443371812 0.7818026841 0.8192681869 0.8567336898 0.8926287876 0.9284191917 0.9642095959 1 
14.56461499 13.19404906 11.82348313 10.4529172 9.082351275 7.809995512 6.635849917 5.461704321 4.397321914 4.10128183 3.805241746 3.509201663 3.194983769 2.874706606 2.554429442 2.234152279 1.954951056 1.798977656 1.643004256 1.487030855 1.331057455 1.187630585 1.048385892 0.9091411996 0.8049390466 0.7591411267 0.7133432068 0.6675452869 0.6127507388 0.5579561906 0.5031616424 0.4483670942 0.4147655385 0.4023569752 0.3899484119 0.3775398486 0.3651312853 0.3479116036 0.3306919219 0.3134722402 0.3127288367 0.3218712 0.3310135634 0.3400031799 0.3485345557 0.3570659315 0.3655973072 0.374128683 0.4100473859 0.4550951977 0.5001430096 0.5434907862 0.5840051709 0.6245195556 0.6650339403 0.705548325 0.7433949381 0.780860441 0.8183259439 0.8557914468 0.8926287876 0.9284191917 0.9642095959 1 
14.70245052 13.33188459 11.96131866 10.59075274 9.220186807 7.849620878 6.663199011 5.489053416 4.424671009 4.128630925 3.832590841 3.52897667 3.208699506 2.888422343 2.56814518 2.247868016 1.968666794 1.812693393 1.656719993 1.500746593 1.344773193 1.191936425 1.052691732 0.9134470391 0.8092448861 0.7634469662 0.7176490464 0.6667905231 0.6119959749 0.5572014267 0.5024068786 0.4476123304 0.4140107747 0.4016022114 0.389193648 0.3767850847 0.3643765214 0.3498630938 0.3326434121 0.3154237304 0.3146803269 0.3238226903 0.3329650536 0.3416109896 0.3501423654 0.3586737412 0.367205117 0.3757364928 0.4116551956 0.4567030075 0.5017508193 0.5425485432 0.5830629279 0.6235773126 0.6640916973 0.7046060819 0.7424526951 0.7799181979 0.8173837008 0.8548492037 0.8923147066 0.9284191917 0.9642095959 1 
14.84028605 13.46972012 12.0991542 10.72858827 9.358022339 7.98745641 6.690548106 5.51640251 4.452020103 4.15598002 3.859939936 3.542692407 3.222415244 2.902138081 2.581860917 2.261583754 1.982382531 1.826409131 1.670435731 1.51446233 1.35848893 1.20251553 1.056997572 0.9177528787 0.8135507257 0.7677528058 0.7208303074 0.6660357592 0.611241211 0.5564466629 0.5016521147 0.4468575665 0.4132560108 0.4008474475 0.3884388842 0.3760303209 0.3636217576 0.3512131943 0.3345949024 0.3173752207 0.3166318171 0.3257741805 0.3346874235 0.3432187993 0.3517501751 0.3602815509 0.3688129267 0.3773443025 0.4132630053 0.4583108172 0.5010919155 0.5416063001 0.5821206848 0.6226350695 0.6631494542 0.7036638389 0.741510452 0.7789759549 0.8164414578 0.8539069607 0.8913724636 0.9284191917 0.9642095959 1 
14.97812159 13.60755566 12.23698973 10.8664238 9.495857871 8.125291942 6.754726013 5.543751605 4.479369198 4.183329114 3.876685308 3.556408145 3.236130981 2.915853818 2.595576655 2.275299491 1.996098269 1.840124868 1.684151468 1.528178068 1.372204667 1.216231267 1.061303411 0.9220587182 0.8178565652 0.7720586453 0.7200755435 0.6652809953 0.6104864472 0.555691899 0.5008973508 0.4461028027 0.4125012469 0.4000926836 0.3876841203 0.375275557 0.3628669937 0.3504584304 0.3365463926 0.3193267109 0.3185833074 0.3277256707 0.3362952333 0.3448266091 0.3533579848 0.3618893606 0.3704207364 0.3789521122 0.4148708151 0.4596352877 0.5001496724 0.5406640571 0.5811784418 0.6216928265 0.6622072112 0.7027215958 0.740568209 0.7780337118 0.8154992147 0.8529647176 0.8904302205 0.9278957234 0.9642095959 1 
15.11595712 13.74539119 12.37482526 11.00425933 9.633693403 8.263127474 6.892561545 5.5711007 4.506718293 4.210678209 3.890401046 3.570123882 3.249846719 2.929569555 2.609292392 2.289015229 2.009814006 1.853840606 1.697867205 1.541893805 1.385920405 1.229947005 1.073973604 0.9263645578 0.8221624048 0.7741153278 0.7193207796 0.6645262315 0.6097316833 0.5549371351 0.500142587 0.4453480388 0.4117464831 0.3993379198 0.3869293565 0.3745207932 0.3621122299 0.3497036666 0.3372951033 0.3212782012 0.3205347976 0.3293716672 0.337903043 0.3464344188 0.3549657946 0.3634971704 0.3720285462 0.3805599219 0.4164786248 0.4586930447 0.4992074293 0.539721814 0.5802361987 0.6207505834 0.6612649681 0.7017793528 0.7396259659 0.7770914688 0.8145569717 0.8520224746 0.8894879774 0.9269534803 0.9642095959 1 
15.25379265 13.88322672 12.51266079 11.14209486 9.771528935 8.400963006 7.030397077 5.659831148 4.534067388 4.224393947 3.904116783 3.58383962 3.263562456 2.943285293 2.623008129 2.302730966 2.023529743 1.867556343 1.711582943 1.555609543 1.399636142 1.243662742 1.087689342 0.9317159415 0.8264682443 0.773360564 0.7185660158 0.6637714676 0.6089769195 0.5541823713 0.4993878231 0.444593275 0.4109917192 0.3985831559 0.3861745926 0.3737660293 0.361357466 0.3489489027 0.3365403394 0.3232296914 0.3224481011 0.3309794769 0.3395108527 0.3480422285 0.3565736043 0.3651049801 0.3736363559 0.3821677317 0.4172364169 0.4577508016 0.4982651863 0.538779571 0.5792939557 0.6198083404 0.660322725 0.7008371097 0.7386837228 0.7761492257 0.8136147286 0.8510802315 0.8885457344 0.9260112373 0.9634767402 1 
15.39162818 14.02106225 12.65049632 11.2799304 9.909364467 8.538798538 7.168232609 5.79766668 4.558386847 4.238109684 3.917832521 3.597555357 3.277278194 2.95700103 2.636723867 2.316446704 2.037245481 1.881272081 1.72529868 1.56932528 1.41335188 1.25737848 1.101405079 0.945431679 0.8274003483 0.7726058001 0.7178112519 0.6630167038 0.6082221556 0.5534276074 0.4986330593 0.4438385111 0.4102369554 0.3978283921 0.3854198287 0.3730112654 0.3606027021 0.3481941388 0.3357855755 0.3233770122 0.3240559109 0.3325872867 0.3411186624 0.3496500382 0.358181414 0.3667127898 0.3752441656 0.3837755414 0.4162941739 0.4568085586 0.4973229432 0.5378373279 0.5783517126 0.6188660973 0.659380482 0.6998948667 0.7377414798 0.7752069827 0.8126724856 0.8501379885 0.8876034913 0.9250689942 0.9625344971 1 
