726.7967189 841.3118321 955.8269453 1070.342058 1184.857172 1299.372285 1413.887398 1405.051191 1343.350133 1281.649075 1219.948017 1158.246959 1096.545901 1061.828903 1067.587993 1073.347084 1079.106174 1084.865265 1090.624356 1178.888587 2009.699088 2840.509589 3671.32009 4502.130591 5332.941091 6163.751592 4737.556911 2747.110935 756.664959 49.76256475 33.99902229 18.23547982 11.56683148 7.579347904 3.591864326 1 1 1 1 1 1 1 1 1 1 1 1 1 1 1 1 1 1 1 1 1 1 1 1 1 1 1 1 1 
708.3910149 781.3343425 895.8494557 1010.364569 1124.879682 1239.394795 1353.909908 1345.073702 1283.372644 1221.671586 1159.970528 1098.26947 1110.606626 1271.252349 1336.119306 1341.878397 1347.637487 1353.396578 1359.155669 1330.029265 1221.714687 2052.525188 2883.335689 3714.14619 4544.956691 5375.767192 3949.572511 1959.126534 142.8161955 48.83931588 33.07577341 17.31223095 10.57983882 6.592355242 2.604871664 1 1 1 1 1 1 1 1 1 1 1 1 1 1 1 1 1 1 1 1 1 1 1 1 1 1 1 1 1 
689.9853109 758.3095512 835.871966 950.3870792 1064.902192 1179.417306 1293.932419 1285.096212 1223.395154 1161.694096 1099.993038 1087.650789 1272.743778 1433.389501 1557.364326 1610.40971 1616.1688 1621.927891 1627.686982 1598.560578 1255.464731 1264.540787 2095.351288 2926.161789 3756.97229 4587.782791 3161.58811 1171.142134 138.4421624 45.99896467 32.15252454 16.38898207 9.592846159 5.605362581 2.007802029 1 1 1 1 1 1 1 1 1 1 1 1 1 1 1 1 1 1 1 1 1 1 1 1 1 1 1 1 1 
671.5796069 739.9038472 808.2280875 890.4095896 1004.924703 1119.439816 1233.954929 1225.118722 1163.417664 1101.716606 1064.694953 1249.787942 1434.88093 1595.526653 1719.501478 1843.476303 1884.700113 1890.459204 1896.218295 1867.091891 1523.996044 1180.900196 1307.366887 2138.177388 2968.987889 3799.79839 2373.603709 383.1577329 134.0681294 41.62493159 31.22927566 15.4657332 8.605853497 4.618369919 2.007802029 1 1 1 1 1 1 1 1 1 1 1 1 1 1 1 1 1 1 1 1 1 1 1 1 1 1 1 1 1 
653.1739029 721.4981432 789.8223834 858.1466237 944.9472132 1059.462326 1173.97744 1165.141233 1103.440175 1041.739117 1226.832105 1411.925094 1597.018082 1757.663805 1881.63863 2005.613455 2129.58828 2158.990517 2164.749608 2135.623204 1792.527357 1449.431509 1106.335661 1350.192987 2181.003488 3011.813989 1585.619308 378.7836998 129.6940963 37.25089851 29.15576539 14.54248432 7.618860836 3.631377258 2.007802029 1 1 1 1 1 1 1 1 1 1 1 1 1 1 1 1 1 1 1 1 1 1 1 1 1 1 1 1 1 
634.7681989 703.0924392 771.4166794 839.7409197 908.06516 999.4848367 1113.99995 1105.163743 1043.462685 1203.876269 1388.969258 1574.062246 1759.155235 1919.800958 2043.775782 2167.750607 2291.725432 2415.700257 2433.280921 2404.154518 2061.05867 1717.962822 1374.866974 1031.771126 1393.019088 2223.829588 797.6349076 374.4096667 125.3200632 32.87686542 24.78173231 13.61923545 6.631868174 3.55826669 2.007802029 1 1 1 1 1 1 1 1 1 1 1 1 1 1 1 1 1 1 1 1 1 1 1 1 1 1 1 1 1 
616.3624949 684.6867351 753.0109754 821.3352157 889.659456 957.9836963 1054.02246 1045.186254 1180.920433 1366.013421 1551.10641 1736.199398 1921.292387 2081.93811 2205.912935 2329.887759 2453.862584 2577.837409 2701.812234 2672.685831 2329.589983 1986.494135 1643.398287 1300.302439 957.2065913 1435.845188 619.1252372 370.0356337 120.9460301 28.50283234 20.40769923 12.31256611 5.644875513 3.55826669 2.007802029 1 1 1 1 1 1 1 1 1 1 1 1 1 1 1 1 1 1 1 1 1 1 1 1 1 1 1 1 1 
597.9567909 666.2810311 734.6052714 802.9295117 871.253752 939.5779923 1007.902233 1157.964597 1343.057585 1528.150574 1713.243562 1898.336551 2083.429539 2244.075262 2368.050087 2492.024912 2615.999736 2739.974561 2863.949386 2941.217144 2598.121296 2255.025448 1911.9296 1568.833752 1225.737904 882.6420565 614.7512041 365.6616006 116.571997 24.12879926 16.03366614 7.938533027 5.108731351 3.55826669 2.007802029 1 1 1 1 1 1 1 1 1 1 1 1 1 1 1 1 1 1 1 1 1 1 1 1 1 1 1 1 1 
625.7938714 694.1181117 762.442352 830.7665923 899.0908326 967.4150728 1034.650704 1177.067728 1362.160717 1547.253705 1732.346694 1917.439682 2102.532671 2159.747244 2270.793175 2394.767999 2518.742824 2642.717649 2766.692474 2843.960231 2500.864383 2157.768536 1814.672688 1471.57684 1128.480992 904.8352579 614.9751382 365.8855347 116.7959311 24.35273335 16.25760023 8.162467112 5.702147084 4.151682423 2.601217763 1 1 1 1 1 1 1 1 1 1 1 1 1 1 1 1 1 1 1 1 1 1 1 1 1 1 1 1 1 
653.630952 721.9551923 790.2794326 858.6036729 926.9279131 995.2521534 1059.221958 1198.601137 1381.263849 1566.356837 1751.449826 1936.542814 2121.635803 2178.850376 2173.536262 2297.511087 2421.485912 2545.460737 2669.435561 2746.703319 2403.607471 2060.511623 1717.415775 1374.319928 1031.22408 1022.58855 615.1990723 366.1094687 117.0198652 24.57666743 16.48153431 8.386401197 6.295562817 4.745098157 3.194633496 1 1 1 1 1 1 1 1 1 1 1 1 1 1 1 1 1 1 1 1 1 1 1 1 1 1 1 1 1 
681.4680326 749.7922729 818.1165131 886.4407534 954.7649937 1022.726364 1083.793212 1223.172391 1400.366981 1585.459969 1770.552958 1955.645946 2140.738935 2197.953507 2076.27935 2200.254175 2324.229 2448.203824 2572.178649 2649.446407 2306.350559 1963.254711 1620.158863 1277.063015 1005.637236 1140.341843 615.4230064 366.3334028 117.2437993 24.80060152 16.7054684 8.464938759 6.88897855 5.33851389 3.788049229 1 1 1 1 1 1 1 1 1 1 1 1 1 1 1 1 1 1 1 1 1 1 1 1 1 1 1 1 1 
709.3051132 777.6293534 845.9535937 914.277834 982.6020743 1047.297618 1108.364466 1247.743645 1420.685251 1604.563101 1789.65609 1974.749078 2159.842067 2217.056639 2082.453588 2102.997263 2226.972087 2350.946912 2474.921737 2552.189494 2209.093647 1865.997799 1522.901951 1179.806103 1123.390528 1258.095135 667.8822108 366.5573369 117.4677334 25.0245356 16.92940248 8.501934457 7.482394284 5.931929623 3.912593272 1 1 1 1 1 1 1 1 1 1 1 1 1 1 1 1 1 1 1 1 1 1 1 1 1 1 1 1 1 
737.1421937 805.466434 873.7906743 942.1149146 1010.439155 1071.868872 1132.93572 1272.314899 1445.256505 1623.666233 1808.759221 1993.85221 2178.945198 2236.159771 2101.55672 2005.74035 2129.715175 2253.69 2377.664825 2454.932582 2111.836734 1768.740886 1425.645039 1106.439214 1241.14382 1375.848427 785.6355032 366.781271 117.6916675 25.24846969 17.15333657 8.538930156 8.075810017 6.525345356 3.912593272 1 1 1 1 1 1 1 1 1 1 1 1 1 1 1 1 1 1 1 1 1 1 1 1 1 1 1 1 1 
764.9792743 833.3035146 901.6277549 969.9519952 1035.373278 1096.440126 1157.506974 1296.886153 1469.827759 1642.769365 1827.862353 2012.955342 2198.04833 2255.262903 2120.659852 1986.056801 2032.458263 2156.433088 2280.407912 2357.67567 2014.579822 1671.483974 1328.388126 1224.192506 1358.897113 1493.60172 903.3887955 367.0052051 117.9156015 25.47240377 17.37727066 8.575925854 8.66922575 7.118761089 3.912593272 1 1 1 1 1 1 1 1 1 1 1 1 1 1 1 1 1 1 1 1 1 1 1 1 1 1 1 1 1 
792.8163549 861.1405952 929.4648355 997.7890757 1059.944532 1121.01138 1182.078228 1321.457407 1494.399013 1667.340619 1846.965485 2032.058474 2217.151462 2274.366035 2139.762984 2005.159933 1935.201351 2059.176175 2183.151 2260.418758 1917.32291 1574.227062 1231.131214 1341.945798 1476.650405 1611.355012 1021.142088 367.2291392 118.1395356 25.69633786 17.53889194 8.612921552 9.262641483 7.712176822 3.912593272 1 1 1 1 1 1 1 1 1 1 1 1 1 1 1 1 1 1 1 1 1 1 1 1 1 1 1 1 1 
820.6534355 888.9776757 957.301916 1023.448939 1084.515786 1145.582634 1206.649482 1346.028661 1518.970267 1691.911873 1866.068617 2051.161605 2236.254594 2293.469167 2158.866116 2024.263064 1889.660013 1961.919263 2085.894088 2163.161845 1820.065997 1476.97015 1324.994484 1459.699091 1594.403697 1729.108304 1138.89538 367.4530733 118.3634697 25.92027194 17.57588764 8.64991725 9.856057216 8.305592555 3.912593272 1 1 1 1 1 1 1 1 1 1 1 1 1 1 1 1 1 1 1 1 1 1 1 1 1 1 1 1 1 
848.490516 916.8147563 985.1389966 1048.020193 1109.08704 1170.153888 1231.220736 1370.599915 1543.541521 1716.483127 1889.424733 2070.264737 2255.357726 2312.572298 2177.969247 2043.366196 1908.763145 1864.662351 1988.637176 2065.904933 1722.809085 1379.713237 1442.747776 1577.452383 1712.15699 1846.861597 1256.648673 485.2063656 118.5874038 26.14420603 17.61288334 8.686912949 10.44947295 8.393505997 3.912593272 1 1 1 1 1 1 1 1 1 1 1 1 1 1 1 1 1 1 1 1 1 1 1 1 1 1 1 1 1 
876.3275966 944.6518369 1011.524599 1072.591447 1133.658294 1194.725142 1255.79199 1395.171169 1568.112775 1741.054381 1913.995987 2089.367869 2274.460858 2331.67543 2197.072379 2062.469328 1927.866277 1793.263226 1891.380263 1968.648021 1625.552173 1425.796462 1560.501068 1695.205675 1829.910282 1964.614889 1374.401965 602.959658 118.8113379 26.36814011 17.64987904 8.723908647 11.04288868 8.393505997 3.912593272 1 1 1 1 1 1 1 1 1 1 1 1 1 1 1 1 1 1 1 1 1 1 1 1 1 1 1 1 1 
904.1646772 972.4889175 1036.095853 1097.162701 1158.229548 1219.296396 1280.363244 1419.742423 1592.684029 1765.625635 1938.567241 2111.508847 2293.563989 2350.778562 2216.175511 2081.57246 1946.969409 1812.366358 1794.123351 1871.391109 1528.295261 1543.549754 1678.254361 1812.958968 1947.663575 2082.368181 1492.155257 720.7129503 119.035272 26.5920742 17.68687474 8.760904345 11.63630442 8.393505997 3.912593272 1 1 1 1 1 1 1 1 1 1 1 1 1 1 1 1 1 1 1 1 1 1 1 1 1 1 1 1 1 
932.0017578 999.6002588 1060.667107 1121.733955 1182.800802 1243.86765 1304.934498 1444.313677 1617.255283 1790.196889 1963.138495 2136.080101 2312.667121 2369.881694 2235.278643 2100.675592 1966.072541 1831.46949 1696.866439 1774.134196 1526.598439 1661.303046 1796.007653 1930.71226 2065.416867 2200.121474 1609.90855 838.4662426 119.2592061 26.64984083 17.72387044 8.797900043 12.22972015 8.393505997 3.912593272 1 1 1 1 1 1 1 1 1 1 1 1 1 1 1 1 1 1 1 1 1 1 1 1 1 1 1 1 1 
959.8388384 1024.171513 1085.238361 1146.305209 1207.372056 1268.438904 1329.505752 1468.884931 1641.826537 1814.768143 1987.709749 2160.651355 2333.592961 2388.984826 2254.381775 2119.778724 1985.175673 1850.572622 1715.969571 1676.877284 1644.351732 1779.056339 1913.760945 2048.465552 2183.170159 2317.874766 1727.661842 956.219535 184.7772281 26.68683653 17.76086613 8.834895741 12.82313588 8.393505997 3.912593272 1 1 1 1 1 1 1 1 1 1 1 1 1 1 1 1 1 1 1 1 1 1 1 1 1 1 1 1 1 
987.6759189 1048.742767 1109.809615 1170.876463 1231.94331 1293.010158 1354.077006 1493.456185 1666.397791 1839.339397 2012.281003 2185.222609 2358.164215 2408.087958 2273.484907 2138.881856 2004.278805 1869.675753 1735.072702 1627.400417 1762.105024 1896.809631 2031.514238 2166.218845 2300.923452 2435.628058 1845.415134 1073.972827 302.5305204 26.72383222 17.79786183 8.87189144 12.87441872 8.393505997 3.912593272 1 1 1 1 1 1 1 1 1 1 1 1 1 1 1 1 1 1 1 1 1 1 1 1 1 1 1 1 1 
924.6227066 913.0546881 974.1215359 1035.188384 1096.255232 1157.32208 1218.388928 1357.768106 1530.709712 1703.651318 1876.592924 2049.53453 2198.427009 2200.252498 2065.649447 1931.046396 1796.443345 1661.840294 1527.237242 1386.175442 1411.077494 1545.782101 1680.486708 1815.191315 1949.895921 2084.600528 1494.387604 722.9452972 28.55116922 26.79993466 17.87396426 8.947993871 11.88861792 8.393505997 3.912593272 1 1 1 1 1 1 1 1 1 1 1 1 1 1 1 1 1 1 1 1 1 1 1 1 1 1 1 1 1 
861.5694943 841.930935 838.4334572 899.5003051 960.567153 1021.634001 1082.700849 1222.080027 1395.021633 1567.963239 1740.904845 1897.8137 1990.591549 1992.417038 1857.813987 1723.210936 1588.607885 1454.004834 1299.737587 1158.675786 1156.127199 1194.754571 1329.459177 1464.163784 1598.868391 1733.572998 1143.360074 371.917767 24.24044445 24.43891086 17.95006669 9.024096302 10.07384827 8.393505997 3.912593272 1 1 1 1 1 1 1 1 1 1 1 1 1 1 1 1 1 1 1 1 1 1 1 1 1 1 1 1 1 
798.516282 778.8777228 759.2391635 763.8122263 824.8790742 885.9459221 947.01277 1086.391949 1259.333554 1432.27516 1597.200391 1689.97824 1782.756089 1784.581578 1649.978527 1515.375476 1380.772425 1228.690088 1072.237931 931.1761303 928.6275435 926.0789567 978.4316473 1113.136254 1247.840861 1382.545468 792.3325438 20.89023686 19.92971967 20.12818608 18.02616913 9.100198734 8.259078615 8.259078615 3.912593272 1 1 1 1 1 1 1 1 1 1 1 1 1 1 1 1 1 1 1 1 1 1 1 1 1 1 1 1 1 
735.4630698 715.8245105 696.1859512 676.5473919 689.1909954 750.2578433 811.3246912 950.7038698 1123.645476 1296.587082 1389.364931 1482.14278 1574.920629 1576.746118 1442.143067 1307.540016 1157.64259 1001.190433 844.738275 703.6764745 701.1278877 698.5793008 696.030714 762.108724 896.8133309 1031.517938 441.3050136 16.57951209 15.61899489 15.81746131 16.63999582 9.176301165 6.444308962 6.444308962 3.912593272 1 1 1 1 1 1 1 1 1 1 1 1 1 1 1 1 1 1 1 1 1 1 1 1 1 1 1 1 1 
672.4098575 652.7712982 633.1327389 613.4941796 593.8556203 614.5697646 675.6366125 815.015791 987.9573969 1088.751622 1181.529471 1274.30732 1367.085169 1368.910658 1234.307607 1086.595092 930.1429344 773.6907768 617.2386192 476.1768187 473.6282318 471.079645 468.5310582 465.9824714 545.7858008 680.4904077 90.27748348 12.26878731 11.30827012 11.50673653 12.32927105 9.252403596 4.629539308 4.629539308 3.912593272 1 1 1 1 1 1 1 1 1 1 1 1 1 1 1 1 1 1 1 1 1 1 1 1 1 1 1 1 1 
609.3566452 589.7180859 570.0795266 550.4409673 530.802408 511.1638487 539.9485337 679.3277122 788.1383127 880.9161618 973.6940108 1066.47186 1159.249709 1161.075198 1015.547594 859.0954361 702.6432785 546.1911209 389.7389634 248.6771629 246.128576 243.5799892 241.0314024 238.4828155 235.9342287 329.4628775 8.91857973 7.958062535 6.997545339 7.196011755 8.018546269 8.841080782 2.814769654 2.814769654 2.814769654 1 1 1 1 1 1 1 1 1 1 1 1 1 1 1 1 1 1 1 1 1 1 1 1 1 1 1 1 1 
546.3034329 526.6648736 507.0263143 487.387755 467.7491957 448.1106364 428.4720771 487.5250037 580.3028527 673.0807018 765.8585509 858.6364 951.414249 944.5000955 788.0479379 631.5957803 475.1436227 318.6914651 162.2393075 21.17750703 18.62892021 16.08033338 13.53174655 10.98315973 8.434572902 5.885986076 4.607854954 3.647337758 2.686820562 2.885286978 3.707821492 4.530356006 1 1 1 1 1 1 1 1 1 1 1 1 1 1 1 1 1 1 1 1 1 1 1 1 1 1 1 1 1 1 1 1 
589.4171564 569.7785971 550.1400378 530.5014785 510.8629192 491.2243599 464.8873177 383.2561857 436.7955156 529.5733647 622.3512137 715.1290628 807.9069119 800.9927583 644.5406007 488.0884431 331.6362856 175.184128 18.73197038 18.56846454 18.24606429 15.69747747 13.14889064 10.60030382 8.05171699 5.503130163 4.224999041 3.264481846 2.377988091 3.092392077 3.914926591 4.737461105 1 1 1 1 1 1 1 1 1 1 1 1 1 1 1 1 1 1 1 1 1 1 1 1 1 1 1 1 1 1 1 1 
632.5308798 612.8923205 593.2537612 573.6152019 553.9766426 528.7560143 497.9533169 416.3221849 312.907438 386.0660275 478.8438766 571.6217257 664.3995747 657.4854211 501.0332636 344.581106 188.1289484 31.67679081 15.84465457 15.68114873 15.91529513 15.31462156 12.76603473 10.2174479 7.668861077 5.120274251 3.842143129 2.881625933 2.328237664 3.156799661 4.12203169 4.944566204 1 1 1 1 1 1 1 1 1 1 1 1 1 1 1 1 1 1 1 1 1 1 1 1 1 1 1 1 1 1 1 1 
675.6446033 656.006044 636.3674847 616.7289254 592.6247109 561.8220135 531.0193162 449.3881841 345.9734372 242.5586903 335.3365394 428.1143885 520.8922376 513.978084 357.5259264 201.0737688 44.62161123 13.16502818 12.95733876 12.79383292 13.02797931 13.26212571 12.38317882 9.834591991 7.286005165 4.737418338 3.459287217 2.498770021 2.278487237 3.107049234 4.329136789 5.151671302 1 1 1 1 1 1 1 1 1 1 1 1 1 1 1 1 1 1 1 1 1 1 1 1 1 1 1 1 1 1 1 1 
718.7583268 699.1197675 679.4812082 656.4934075 625.6907101 594.8880127 564.0853154 482.4541833 379.0394364 275.6246896 191.8292023 284.6070513 377.3849004 370.4707468 214.0185892 57.56643166 10.48540179 10.27771237 10.07002295 9.906517105 10.1406635 10.3748099 10.60895629 9.451736079 6.903149252 4.354562426 3.076431304 2.449019594 2.22873681 3.057298807 4.450623379 5.358776401 1 1 1 1 1 1 1 1 1 1 1 1 1 1 1 1 1 1 1 1 1 1 1 1 1 1 1 1 1 1 1 1 
761.8720503 742.233491 720.3621041 689.5594067 658.7567093 627.9540119 597.1513146 515.5201825 412.1054357 308.6906888 205.2759419 141.0997142 233.8775633 226.9634097 70.51125209 7.805775399 7.598085977 7.390396555 7.182707133 7.019201293 7.253347689 7.487494085 7.721640481 7.955786877 6.52029334 3.971706513 2.693575392 2.399269166 2.178986382 3.00754838 4.400872952 5.5658815 1 1 1 1 1 1 1 1 1 1 1 1 1 1 1 1 1 1 1 1 1 1 1 1 1 1 1 1 1 1 1 1 
804.9857737 784.2308006 753.4281033 722.6254059 691.8227085 661.0200112 630.2173138 548.5861818 445.1714349 341.756688 238.3419411 134.9271942 90.3702261 83.45607251 5.126149008 4.918459586 4.710770164 4.503080742 4.29539132 4.13188548 4.366031876 4.600178272 4.834324668 5.068471064 5.302617461 3.588850601 2.569801523 2.349518739 2.129235955 2.957797953 4.351122524 5.744447096 1 1 1 1 1 1 1 1 1 1 1 1 1 1 1 1 1 1 1 1 1 1 1 1 1 1 1 1 1 1 1 1 
848.0994972 817.2967998 786.4941025 755.6914051 724.8887077 694.0860104 663.283313 581.652181 478.2374341 374.8226872 271.4079403 167.9931934 64.57844652 2.446522617 2.238833195 2.031143773 1.823454352 1.61576493 1.408075508 1.244569668 1.478716064 1.71286246 1.947008856 2.181155252 2.415301648 2.649448044 2.520051096 2.299768312 2.079485528 2.908047525 4.301372097 5.694696669 1 1 1 1 1 1 1 1 1 1 1 1 1 1 1 1 1 1 1 1 1 1 1 1 1 1 1 1 1 1 1 1 
804.8721487 793.5943395 762.7916421 731.9889448 701.1862474 670.38355 639.5808526 632.6772261 529.2624792 425.8477323 322.4329854 219.0182385 115.6034916 53.47156774 53.26387832 53.0561889 52.84849947 52.64081005 52.43312063 14.1106184 14.34476479 14.57891119 14.81305758 15.04720398 15.28135038 13.93527207 2.516426263 2.296143479 2.075860695 2.904422693 4.297747264 5.691071836 1.005052215 1.005052215 1.005052215 1 1 1 1 1 1 1 1 1 1 1 1 1 1 1 1 1 1 1 1 1 1 1 1 1 1 1 1 1 
761.6448002 769.8918791 739.0891818 708.2864844 677.483787 646.6810897 615.8783923 650.4900466 580.2875243 476.8727774 373.4580305 270.0432837 166.6285368 104.4966129 104.2889234 104.081234 103.8735446 103.6658552 103.4581658 26.97666712 27.21081352 27.44495992 27.67910631 27.91325271 28.14739911 23.95691634 2.512801431 2.292518647 2.072235863 2.90079786 4.294122432 5.687447004 1.01010443 1.01010443 1.01010443 1 1 1 1 1 1 1 1 1 1 1 1 1 1 1 1 1 1 1 1 1 1 1 1 1 1 1 1 1 
718.4174516 731.0033947 715.3867214 684.5840241 653.7813267 622.9786293 592.1759319 626.7875862 631.3125694 527.8978226 424.4830757 321.0683288 217.6535819 155.521658 155.3139686 155.1062791 154.8985897 154.6909003 116.3242145 39.84271585 40.07686225 40.31100865 40.54515504 40.77930144 40.06531301 33.97856061 2.509176598 2.288893814 2.06861103 2.897173027 4.290497599 5.586940033 1.015156645 1.015156645 1.015156645 1 1 1 1 1 1 1 1 1 1 1 1 1 1 1 1 1 1 1 1 1 1 1 1 1 1 1 1 1 
675.1901031 687.7760461 691.6842611 660.8815637 630.0788663 599.276169 568.4734716 603.0851259 665.7315022 578.9228677 475.5081208 372.0933739 268.678627 206.5467031 206.3390137 206.1313243 205.9236348 205.7159454 129.1902632 52.70876458 52.94291098 53.17705737 53.41120377 53.64535017 50.08695728 44.00020489 6.961226922 2.285268981 2.064986197 2.893548194 4.286872766 5.458752452 1.02020886 1.02020886 1.016216987 1 1 1 1 1 1 1 1 1 1 1 1 1 1 1 1 1 1 1 1 1 1 1 1 1 1 1 1 1 
631.9627546 644.5486976 657.1346406 637.1791033 606.376406 575.5737086 544.7710112 579.3826655 642.0290419 629.9479128 526.5331659 423.118419 319.7036721 257.5717482 257.3640588 257.1563694 256.94868 227.0617711 142.0563119 65.57481331 65.80895971 66.0431061 66.2772525 66.19535396 60.10860156 54.02184916 16.98287119 2.281644148 2.061361364 2.889923362 4.283247934 5.33056487 1.025261076 1.025261076 1.016216987 1 1 1 1 1 1 1 1 1 1 1 1 1 1 1 1 1 1 1 1 1 1 1 1 1 1 1 1 1 
588.735406 601.3213491 613.9072921 613.476643 582.6739456 551.8712483 521.0685509 555.6802051 618.3265815 680.9729579 577.558211 474.1434641 370.7287172 308.5967933 308.3891039 308.1814145 307.9737251 239.9278198 154.9223607 78.44086204 78.67500844 78.90915483 79.14330123 76.21699823 70.13024583 64.04349343 27.00451546 2.278019316 2.057736532 2.886298529 4.279623101 5.202377289 1.030313291 1.030313291 1.016216987 1 1 1 1 1 1 1 1 1 1 1 1 1 1 1 1 1 1 1 1 1 1 1 1 1 1 1 1 1 
545.5080575 558.0940005 570.6799436 583.2658866 558.9714853 528.1687879 497.3660905 531.9777448 594.6241212 657.2704976 628.5832561 525.1685093 421.7537624 359.6218385 359.414149 359.2064596 337.7993278 252.7938686 167.7884094 91.30691077 91.54105716 91.77520356 92.00934996 86.2386425 80.1518901 74.0651377 37.02615973 2.274394483 2.054111699 2.882673696 4.234477352 5.074189708 1.035365506 1.035365506 1.016216987 1 1 1 1 1 1 1 1 1 1 1 1 1 1 1 1 1 1 1 1 1 1 1 1 1 1 1 1 1 
502.280709 514.866652 527.452595 540.0385381 535.2690249 504.4663276 473.6636302 508.2752844 570.9216608 633.5680372 679.6083013 576.1935544 472.7788075 410.6468836 410.4391942 410.2315047 350.6653765 265.6599173 180.6544581 104.1729595 104.4071059 104.6412523 102.3470392 96.26028677 90.17353437 84.08678197 47.047804 2.27076965 2.050486866 2.879048863 4.106289771 4.946002127 1.040417721 1.040417721 1.016216987 1 1 1 1 1 1 1 1 1 1 1 1 1 1 1 1 1 1 1 1 1 1 1 1 1 1 1 1 1 
459.0533604 471.6393035 484.2252465 496.8111895 509.3971325 480.7638672 449.9611698 484.5728241 547.2192005 609.8655769 672.5119532 627.2185995 523.8038526 461.6719287 461.4642393 448.5368844 363.5314252 278.525966 193.5205069 117.0390082 117.2731546 117.507301 112.3686834 106.281931 100.1951786 94.10842624 57.06944827 12.29241392 2.046862033 2.875424031 3.978102189 4.817814545 1.045469936 1.041166197 1.016216987 1 1 1 1 1 1 1 1 1 1 1 1 1 1 1 1 1 1 1 1 1 1 1 1 1 1 1 1 1 
415.8260119 428.4119549 440.997898 453.583841 466.169784 457.0614068 426.2587095 460.8703637 523.5167401 586.1631165 648.8094929 678.2436446 574.8288977 512.6969738 512.4892844 461.4029331 376.3974739 291.3920148 206.3865556 129.905057 130.1392033 128.4770801 122.3903277 116.3035753 110.2168229 104.1300705 67.09109255 22.31405819 2.043237201 2.871799198 3.849914608 4.689626964 1.050522151 1.041166197 1.016216987 1 1 1 1 1 1 1 1 1 1 1 1 1 1 1 1 1 1 1 1 1 1 1 1 1 1 1 1 1 
372.5986634 385.1846064 397.7705494 410.3564925 422.9424355 433.3589465 402.5562491 437.1679034 499.8142798 562.4606562 625.1070325 687.7534089 625.8539429 563.722019 559.274441 474.2689819 389.2635227 304.2580635 219.2526043 142.7711057 143.0052521 138.4987244 132.411972 126.3252196 120.2384672 114.1517148 77.11273682 32.33570246 2.039612368 2.868174365 3.721727027 4.561439383 1.055574366 1.041166197 1.016216987 1 1 1 1 1 1 1 1 1 1 1 1 1 1 1 1 1 1 1 1 1 1 1 1 1 1 1 1 1 
329.3713149 341.9572579 354.5432009 367.1291439 379.715087 392.30103 378.8537888 413.465443 476.1118194 538.7581958 601.4045722 664.0509486 676.878988 614.7470641 572.1404898 487.1350306 402.1295714 317.1241122 232.118653 155.6371544 154.607121 148.5203686 142.4336162 136.3468638 130.2601114 124.173359 87.13438109 42.35734673 2.035987535 2.753827089 3.593539445 4.433251801 1.060626581 1.041166197 1.016216987 1 1 1 1 1 1 1 1 1 1 1 1 1 1 1 1 1 1 1 1 1 1 1 1 1 1 1 1 1 
286.1439663 298.7299094 311.3158524 323.9017954 336.4877384 349.0736815 355.1513284 389.7629827 452.4093591 515.0557355 577.7021118 640.3484882 702.9948646 665.7721092 585.0065385 500.0010793 414.9956201 329.9901609 244.9847018 168.5032031 164.6287653 158.5420129 152.4552605 146.3685081 140.2817557 134.1950033 97.15602536 52.378991 7.601956649 2.625639508 3.465351864 4.30506422 1.065678796 1.041166197 1.016216987 1 1 1 1 1 1 1 1 1 1 1 1 1 1 1 1 1 1 1 1 1 1 1 1 1 1 1 1 1 
242.9166178 255.5025608 268.0885038 280.6744469 293.2603899 305.8463329 318.4322759 366.0605223 428.7068987 491.3532751 553.9996515 616.6460279 679.2924043 682.8780464 597.8725872 512.867128 427.8616689 342.8562097 257.8507505 180.737162 174.6504096 168.5636572 162.4769048 156.3901524 150.3034 144.2166476 107.1776696 62.40063527 17.62360092 2.497451927 3.337164283 4.176876639 1.066115408 1.041166197 1.016216987 1 1 1 1 1 1 1 1 1 1 1 1 1 1 1 1 1 1 1 1 1 1 1 1 1 1 1 1 1 
297.2504083 333.673507 346.2594501 358.8453931 371.4313361 384.0172791 396.6032222 444.2314685 506.8778449 569.5242213 632.1705977 694.8169741 757.4633505 825.411405 755.6942938 670.6888347 585.6833755 500.6779163 415.6724571 338.5588686 332.4721162 326.3853638 320.2986114 314.211859 308.1251066 221.3160163 111.1684983 66.39146392 21.61442956 6.488280569 7.327992925 8.167705281 1.065686977 1.041166197 1.016216987 1 1 1 1 1 1 1 1 1 1 1 1 1 1 1 1 1 1 1 1 1 1 1 1 1 1 1 1 1 
351.5841989 411.8444532 424.4303963 437.0163393 449.6022823 462.1882253 474.7741684 522.4024148 585.0487911 647.6951675 710.3415439 772.9879203 797.0047157 845.6379797 913.5160005 828.5105413 743.5050821 658.4996229 573.4941637 496.3805752 490.2938228 484.2070704 478.120318 472.0335656 465.9468132 233.8375148 115.1593269 70.38229256 25.6052582 10.47910921 11.31882157 12.15853392 1.060729424 1.041166197 1.016216987 1 1 1 1 1 1 1 1 1 1 1 1 1 1 1 1 1 1 1 1 1 1 1 1 1 1 1 1 1 
405.9179894 471.4753895 502.6013425 515.1872855 527.7732285 540.3591716 552.9451146 600.573361 663.2197374 725.8661137 788.5124901 851.1588665 817.2312904 865.8645544 1071.337707 986.3322479 901.3267887 816.3213295 731.3158703 654.2022818 648.1155294 642.028777 635.9420246 629.8552722 575.3351171 246.3590132 119.1501556 74.3731212 29.59608685 14.46993785 15.30965021 13.14271726 1.055771871 1.041166197 1.016216987 1 1 1 1 1 1 1 1 1 1 1 1 1 1 1 1 1 1 1 1 1 1 1 1 1 1 1 1 1 
460.25178 525.80918 580.7722887 593.3582317 605.9441747 618.5301178 631.1160608 678.7443072 741.3906836 804.03706 866.6834363 903.5767587 837.4578651 886.0911291 1106.85263 1144.153954 1059.148495 974.1430361 889.1375769 812.0239884 805.937236 799.8504836 793.7637312 787.6769788 587.8566155 258.8805116 126.932393 78.36394984 33.58691549 18.4607665 19.30047885 13.26785909 1.050814318 1.041166197 1.016216987 1 1 1 1 1 1 1 1 1 1 1 1 1 1 1 1 1 1 1 1 1 1 1 1 1 1 1 1 1 
514.5855705 580.1429706 645.7003706 671.5291779 684.115121 696.701064 709.287007 756.9152534 819.5616298 882.2080062 944.8543825 923.8033334 857.6844397 906.3177038 1127.079204 1301.975661 1216.970202 1131.964743 1046.959284 969.845695 963.7589427 957.6721903 951.5854379 929.3542179 600.378114 271.4020101 139.4538914 82.35477849 37.57774413 22.45159514 23.2913075 13.39300091 1.045856765 1.041166197 1.016216987 1 1 1 1 1 1 1 1 1 1 1 1 1 1 1 1 1 1 1 1 1 1 1 1 1 1 1 1 1 
568.919361 634.4767611 700.0341612 749.7001241 762.2860672 774.8720102 787.4579532 835.0861996 897.732576 960.3789524 1010.148802 944.0299081 877.9110144 926.5442785 1147.305779 1368.06728 1374.791909 1289.786449 1204.78099 1127.667402 1121.580649 1115.493897 1109.407144 941.8757163 612.8996124 283.9235085 151.9753899 86.34560713 41.56857277 26.44242378 27.28213614 13.51814274 1.040899211 1.040431745 1.016216987 1 1 1 1 1 1 1 1 1 1 1 1 1 1 1 1 1 1 1 1 1 1 1 1 1 1 1 1 1 
623.2531516 688.8105517 754.3679517 819.9253518 840.4570134 853.0429564 865.6288994 913.2571458 975.9035222 1038.549899 1030.375376 964.2564828 898.1375891 946.7708532 1167.532354 1388.293854 1532.613615 1447.608156 1362.602697 1285.489108 1279.402356 1273.315603 1267.228851 954.3972148 625.4211109 296.445007 164.4968883 90.33643577 45.55940142 30.43325242 29.98440251 13.64328456 1.035941658 1.035474192 1.016216987 1 1 1 1 1 1 1 1 1 1 1 1 1 1 1 1 1 1 1 1 1 1 1 1 1 1 1 1 1 
677.5869421 743.1443422 808.7017423 874.2591423 918.6279596 931.2139026 943.7998457 991.428092 1054.074468 1116.720845 1050.601951 984.4830575 918.3641638 966.9974279 1187.758929 1408.520429 1629.28193 1605.429863 1520.424403 1443.310815 1437.224062 1431.13731 1295.894817 966.9187132 637.9426093 308.9665054 177.0183867 94.32726441 49.55023006 34.42408107 30.10954433 13.76842639 1.030984105 1.030516639 1.016216987 1 1 1 1 1 1 1 1 1 1 1 1 1 1 1 1 1 1 1 1 1 1 1 1 1 1 1 1 1 
731.9207327 797.4781327 863.0355328 928.5929329 994.150333 1009.384849 1021.970792 1069.599038 1132.245415 1136.947419 1070.828526 1004.709632 938.5907385 987.2240026 1207.985503 1428.747004 1649.508504 1763.251569 1678.24611 1601.132521 1595.045769 1588.959017 1308.416316 979.4402116 650.4641077 321.4880038 189.5398852 106.8487629 53.5410587 38.41490971 30.23468616 13.89356821 1.026026552 1.025559086 1.016216987 1 1 1 1 1 1 1 1 1 1 1 1 1 1 1 1 1 1 1 1 1 1 1 1 1 1 1 1 1 
786.2545232 851.8119233 917.3693234 982.9267234 1048.484124 1087.555795 1100.141738 1147.769984 1210.416361 1157.173994 1091.055101 1024.936207 958.8173132 1007.450577 1228.212078 1448.973579 1669.735079 1890.49658 1836.067817 1758.954228 1752.867476 1649.913918 1320.937814 991.9617101 662.9856062 334.0095023 202.0613836 119.3702613 57.53188734 42.40573835 30.35982798 14.01871004 1.021068999 1.020601532 1.016216987 1 1 1 1 1 1 1 1 1 1 1 1 1 1 1 1 1 1 1 1 1 1 1 1 1 1 1 1 1 
840.5883137 906.1457138 971.7031139 1037.260514 1102.817914 1165.726741 1178.312684 1225.940931 1243.519463 1177.400569 1111.281675 1045.162782 979.0438879 1027.677152 1248.438653 1469.200153 1689.961654 1910.723155 1993.889523 1916.775935 1910.689182 1662.435416 1333.459312 1004.483209 675.5071046 346.5310007 214.5828821 131.8917597 61.52271599 46.39656699 30.48496981 14.14385186 1.016111446 1.015643979 1.015176513 1 1 1 1 1 1 1 1 1 1 1 1 1 1 1 1 1 1 1 1 1 1 1 1 1 1 1 1 1 
894.9221043 960.4795044 1026.036904 1091.594305 1157.151705 1222.709105 1256.483631 1304.111877 1263.746037 1197.627144 1131.50825 1065.389356 999.2704626 1047.903727 1268.665227 1489.426728 1710.188229 1930.949729 2151.71123 2074.597641 2003.933019 1674.956915 1345.980811 1017.004707 688.028603 359.0524991 227.1043805 144.4132582 65.51354463 46.95122958 30.61011163 14.26899369 1.011153893 1.010686426 1.01021896 1 1 1 1 1 1 1 1 1 1 1 1 1 1 1 1 1 1 1 1 1 1 1 1 1 1 1 1 1 
949.2558948 1014.813295 1080.370695 1145.928095 1211.485495 1277.042895 1334.654577 1350.091506 1283.972612 1217.853718 1151.734825 1085.615931 1019.497037 1068.130301 1288.891802 1509.653303 1730.414803 1951.176304 2171.937805 2232.419348 2016.454517 1687.478413 1358.502309 1029.526205 700.5501015 371.5739976 239.6258789 156.9347566 74.24363427 47.0763714 30.73525346 14.39413551 1.00619634 1.005728873 1.005261406 1 1 1 1 1 1 1 1 1 1 1 1 1 1 1 1 1 1 1 1 1 1 1 1 1 1 1 1 1 
1003.589685 1069.147085 1134.704486 1200.261886 1265.819286 1331.376686 1396.934086 1370.31808 1304.199187 1238.080293 1171.961399 1105.842506 1039.723612 1088.356876 1309.118377 1529.879877 1750.641378 1971.402879 2192.164379 2357.952119 2028.976016 1699.999912 1371.023808 1042.047704 713.0715999 384.095496 252.1473774 169.456255 86.76513271 47.20151323 30.86039528 14.51927734 1.001238786 1.00077132 1.000303853 1 1 1 1 1 1 1 1 1 1 1 1 1 1 1 1 1 1 1 1 1 1 1 1 1 1 1 1 1 
