570.3390072 565.805562 561.2721167 556.7386715 552.2052262 547.671781 543.1383357 530.7350494 514.9589741 499.1828988 483.4068235 467.6307482 451.8546729 420.1348144 364.4992814 308.8637484 253.2282153 197.5926823 141.9571492 90.97780771 81.90418969 72.83057167 63.75695365 54.68333563 45.60971761 36.53609959 64.15608476 100.9494707 137.7428567 145.8556015 138.5249241 131.1942467 1 1 1 1 1 1 1 1 1 1 1 1 1 1 1 1 1 1 1 1 1 1 1 1 1 1 1 1 1 1 1 1 
1584.30659 1368.995244 1174.761688 1170.228243 1165.694798 1161.161352 1156.627907 900.4683199 536.4689573 451.0482246 435.2721492 419.4960739 403.7199986 372.0001402 316.3646072 260.7290741 205.0935411 149.458008 118.713556 98.15207801 169.2373673 224.2908751 215.217257 206.143639 197.070021 187.996403 215.6163882 252.4097741 199.7786088 1519.803991 2142.047294 2134.716617 182.3844166 1 1 1 1 1 1 1 1 1 1 1 1 1 1 1 1 1 1 1 1 1 1 1 1 1 1 1 1 1 1 1 
2598.274172 2382.962826 2167.651481 1952.340135 1779.184369 1774.650924 1770.117479 1513.957891 1149.958529 785.9591663 421.9598037 371.3613997 355.5853244 323.865466 268.2299329 212.5943999 179.3608397 148.6163876 117.8719355 97.31045758 168.3957468 239.4810361 310.5663253 357.6039424 348.5303244 339.4567064 367.0766915 321.8975722 209.6500394 1529.675421 3620.92468 4138.238987 413.8525901 143.1295802 1 1 1 1 1 1 1 1 1 1 1 1 1 1 1 1 1 1 1 1 1 1 1 1 1 1 1 1 1 1 
3612.241755 3396.930409 3181.619063 2966.307717 2750.996372 2535.685026 2383.60705 2127.447463 1763.4481 1399.448738 1035.449375 671.4500127 307.4506501 275.7307917 240.0081234 209.2636714 178.5192193 147.7747672 117.0303151 96.46883715 167.5541264 238.6394157 309.7247049 380.8099942 451.8952834 490.9170098 444.0165355 331.7690027 219.5214699 1539.546852 3630.796111 5722.04537 645.3207636 374.5977537 103.8747438 1 1 1 1 1 1 1 1 1 1 1 1 1 1 1 1 1 1 1 1 1 1 1 1 1 1 1 1 1 
3532.524184 3317.212839 3101.901493 2886.590147 2671.278801 2455.967456 2316.327477 2061.795692 1697.79633 1333.796967 969.7976044 605.7982419 265.7013889 598.1325173 740.0745725 709.3301204 678.5856683 647.8412162 617.0967641 532.3761957 250.5864872 321.6717765 392.7570657 463.842355 534.9276443 606.0129335 530.4319651 418.1844323 305.9368995 845.4880298 2936.737289 5027.986548 639.2294959 368.506486 97.78347604 1 1 1 1 1 1 1 1 1 1 1 1 1 1 1 1 1 1 1 1 1 1 1 1 1 1 1 1 1 
2948.028851 2732.717505 2517.40616 2302.094814 2086.783468 1936.333295 1937.225856 1682.694071 1318.694708 954.6953459 590.6959834 226.6966208 340.7474503 673.1785787 1333.180156 1440.584909 1409.840457 1379.096005 1348.351553 1263.630984 693.1253688 443.4152056 514.5004949 585.5857841 656.6710734 727.7563626 652.1753942 539.9278614 294.0642701 142.2185211 1917.787581 4009.03684 523.4954091 252.7723992 1 1 1 1 1 1 1 1 1 1 1 1 1 1 1 1 1 1 1 1 1 1 1 1 1 1 1 1 1 1 
2363.533518 2148.222172 1932.910827 1717.599481 1556.339112 1557.231674 1558.124235 1303.59245 939.5930874 575.5937248 211.5943623 301.7426822 415.7935116 748.22464 1408.226217 2068.227794 2141.095246 2110.350794 2079.606342 1994.885773 1424.380158 853.874542 636.243924 707.3292132 778.4145025 849.4997917 773.9188233 661.6712905 274.7685265 122.9227774 898.8378731 2990.087132 407.7613224 137.0383125 1 1 1 1 1 1 1 1 1 1 1 1 1 1 1 1 1 1 1 1 1 1 1 1 1 1 1 1 1 1 
1779.038185 1563.726839 1348.415493 1176.344929 1177.237491 1178.130052 1179.022614 924.4908289 560.4914663 196.4921038 262.737914 376.7887435 490.839573 823.2707014 1483.272278 2143.273855 2803.275432 2841.605583 2810.861131 2726.140562 2155.634946 1585.129331 1014.623715 829.0726424 900.1579316 971.2432209 895.6622525 664.6448899 255.4727828 103.6270337 90.34163132 1971.137424 292.0272357 21.30422574 1 1 1 1 1 1 1 1 1 1 1 1 1 1 1 1 1 1 1 1 1 1 1 1 1 1 1 1 1 1 
1194.542852 979.2315059 796.3507463 797.243308 798.1358697 799.0284314 799.9209931 545.3892078 181.3898453 223.7331459 337.7839754 451.8348049 565.8856343 898.3167627 1558.31834 2218.319916 2878.321493 3538.32307 3542.115919 3457.395351 2886.889735 2316.38412 1745.878504 1175.372888 1021.901361 1092.98665 1017.405682 645.3491462 236.1770391 84.33129003 71.04588764 952.1877164 176.2931489 1 1 1 1 1 1 1 1 1 1 1 1 1 1 1 1 1 1 1 1 1 1 1 1 1 1 1 1 1 1 1 
610.0475185 416.3565635 417.2491252 418.1416869 419.0342486 419.9268103 420.819372 166.2875868 184.7283778 298.7792073 412.8300367 526.8808662 640.9316957 973.3628241 1633.364401 2293.365978 2953.367555 3613.369131 4273.370708 4188.65014 3618.144524 3047.638908 2477.133293 1906.627677 1336.122061 1214.730079 1035.22551 626.0534025 216.8812954 65.03554634 51.75014395 38.46474156 60.55906218 1 1 1 1 1 1 1 1 1 1 1 1 1 1 1 1 1 1 1 1 1 1 1 1 1 1 1 1 1 1 1 
56.54716686 66.19494467 67.08750637 67.98006808 68.87262978 69.76519148 70.65775319 150.7611023 264.8119318 378.8627612 492.9135907 606.9644202 721.0152496 994.6827731 1654.68435 2314.685927 2974.687504 3634.68908 4294.690657 4831.641515 4261.135899 3690.630283 3120.124668 2549.619052 1979.113436 1408.607821 1016.884181 607.7120739 198.5399667 46.69421767 33.40881528 20.12341289 1 1 1 1 1 1 1 1 1 1 1 1 1 1 1 1 1 1 1 1 1 1 1 1 1 1 1 1 1 1 1 1 
60.95648213 149.4012049 237.8459277 238.7384894 239.6310511 240.5236128 241.4161745 321.5195236 435.5703531 549.6211825 663.672012 745.653285 779.5302234 860.8721539 1013.411572 1368.935854 2028.937431 2688.939008 3348.940585 3885.891442 3315.385826 2744.880211 2174.374595 1603.868979 1300.800753 1064.591873 950.5803405 606.5502156 197.3781084 45.53235937 32.24695698 47.3329382 1 1 1 1 1 1 1 1 1 1 1 1 1 1 1 1 1 1 1 1 1 1 1 1 1 1 1 1 1 1 1 1 
65.3657974 153.8105202 242.2552429 330.6999657 410.3894724 411.2820341 412.1745958 492.2779449 606.3287744 696.3274365 730.2043749 764.0813133 797.9582517 879.3001821 1031.839601 1184.379019 1336.918437 1743.188935 2403.190512 2940.141369 2369.635754 1799.130138 1462.632238 1226.423358 990.2144785 754.0055989 639.9940663 556.5318706 196.2162501 44.37050107 56.61934393 100.0767088 1 1 1 1 1 1 1 1 1 1 1 1 1 1 1 1 1 1 1 1 1 1 1 1 1 1 1 1 1 1 1 1 
69.77511267 158.2198354 246.6645582 335.109281 423.5540037 511.9987265 582.9330171 647.001588 680.8785264 714.7554648 748.6324032 782.5093416 816.38628 897.7282104 1050.267629 1202.807047 1355.346466 1507.885884 1660.425303 1994.391297 1624.463723 1388.254843 1152.045964 915.8370839 679.6282043 443.4193247 329.4077922 245.9455965 162.4834007 65.90574966 109.3631145 152.8204793 1 1 1 1 1 1 1 1 1 1 1 1 1 1 1 1 1 1 1 1 1 1 1 1 1 1 1 1 1 1 1 1 
90.45830596 178.9030287 267.3477515 355.7924743 444.237197 529.6514292 587.7912466 576.38024 557.6903698 591.5673082 625.4442466 659.321185 693.1981234 704.6241465 682.3737966 834.913215 987.4526335 1139.992052 1292.53147 1406.196059 1169.987179 933.7782998 697.5694202 461.3605406 269.8861437 257.3496778 188.072628 104.6104322 47.51167231 42.4241975 83.53645238 126.9938172 1 1 1 1 1 1 1 1 1 1 1 1 1 1 1 1 1 1 1 1 1 1 1 1 1 1 1 1 1 1 1 1 
116.9535985 205.3983213 293.8430441 382.2877668 440.4275842 498.5674015 556.7072188 545.2962123 504.0777098 462.8592073 451.6788812 485.5558196 519.432758 530.8587811 508.6084312 486.3580813 481.5867082 634.1261267 786.6655451 900.3301337 664.1212541 427.9123745 214.0707363 201.5342704 188.9978044 176.4613385 107.1842887 46.3193237 38.18123034 33.09375552 29.64892146 73.10628629 1 1 1 1 1 1 1 1 1 1 1 1 1 1 1 1 1 1 1 1 1 1 1 1 1 1 1 1 1 1 1 1 
143.4488911 231.8936139 293.0639218 351.2037391 409.3435564 467.4833738 525.6231911 514.2121845 472.9936821 431.7751796 390.5566771 349.3381746 345.6673926 357.0934157 334.8430658 312.5927159 290.342366 268.0920161 280.7996198 394.4642085 158.2553289 145.7188629 133.182397 120.6459311 108.1094652 95.57299927 45.12697508 36.98888172 28.85078836 23.76331355 20.31847949 19.21875537 1 1 1 1 1 1 1 1 1 1 1 1 1 1 1 1 1 1 1 1 1 1 1 1 1 1 1 1 1 1 1 1 
153.0185789 201.4005113 259.5403286 317.6801459 375.8199633 433.9597806 492.0995979 491.6327651 450.4142626 409.1957601 367.9772576 326.7587551 285.5402526 260.1009063 237.8505564 215.6002065 193.3498566 171.0995067 148.8491568 127.5701953 115.0337294 102.4972635 89.96079756 77.42433164 64.88786572 51.84299885 42.31683002 34.17873666 26.0406433 18.29799112 14.85315707 11.40832301 1 1 1 1 1 1 1 1 1 1 1 1 1 1 1 1 1 1 1 1 1 1 1 1 1 1 1 1 1 1 1 1 
139.3155599 173.060665 222.662333 280.8021504 338.9419677 397.081785 455.2216023 462.9628997 439.5286794 398.3101769 357.0916745 315.873172 274.6546695 249.2153232 246.4207242 224.1703743 201.9200244 179.6696745 157.4193246 136.1403631 123.6038971 111.0674312 98.53096531 85.99449939 73.07673276 57.99826205 48.47209322 40.33399986 29.49275523 18.27117055 14.70237403 11.25753997 1 1 1 1 1 1 1 1 1 1 1 1 1 1 1 1 1 1 1 1 1 1 1 1 1 1 1 1 1 1 1 1 
125.612541 159.3576461 193.1027511 243.9241548 302.0639721 360.2037894 418.3436068 426.0849041 412.2268358 387.4245938 346.2060913 304.9875888 263.7690863 238.32974 236.5591279 232.740542 210.4901921 188.2398422 165.9894923 144.7105308 132.1740649 119.637599 107.1011331 94.31046667 79.23199596 64.15352525 54.62735642 46.48926306 31.69725889 20.4756742 14.551591 11.10675694 1 1 1 1 1 1 1 1 1 1 1 1 1 1 1 1 1 1 1 1 1 1 1 1 1 1 1 1 1 1 1 1 
111.9095221 145.6546271 179.3997322 213.1448372 265.1859765 323.3257938 381.4656112 389.2069085 375.3488402 361.4907719 335.3205082 294.1020057 252.8835032 227.4441569 225.6735447 223.9029326 219.0603599 196.81001 174.5596601 153.2806986 140.7442326 128.2077667 115.5442006 100.4657299 85.38725916 70.30878845 60.78261962 50.35724442 33.90176254 22.68017786 14.40080797 10.95597391 1 1 1 1 1 1 1 1 1 1 1 1 1 1 1 1 1 1 1 1 1 1 1 1 1 1 1 1 1 1 1 1 
98.20650316 131.9516082 165.6967133 199.4418183 233.1869234 286.4477982 344.5876156 352.3289129 338.4708446 324.6127763 310.7547079 283.2164225 241.99792 216.5585737 214.7879616 213.0173495 211.2467374 205.3801777 183.1298278 161.8508663 149.3144004 136.7779345 121.6994638 106.6209931 91.54252236 76.46405165 66.93788282 52.56174807 36.1062662 24.88468151 16.48134917 10.80519088 1 1 1 1 1 1 1 1 1 1 1 1 1 1 1 1 1 1 1 1 1 1 1 1 1 1 1 1 1 1 1 1 
84.50348423 118.2485893 151.9936943 185.7387994 219.4839044 253.2290095 307.70962 315.4509173 301.592849 287.7347807 273.8767124 260.018644 231.1123369 205.6729906 203.9023785 202.1317663 200.3611542 198.5905421 191.6999956 170.4210341 157.8845682 142.9331977 127.854727 112.7762563 97.69778556 82.61931485 71.22173361 54.76625173 38.31076985 27.08918517 18.68585282 10.65440784 1 1 1 1 1 1 1 1 1 1 1 1 1 1 1 1 1 1 1 1 1 1 1 1 1 1 1 1 1 1 1 1 
70.8004653 104.5455704 138.2906754 172.0357805 205.7808855 239.5259906 273.2710956 278.5729218 264.7148534 250.8567851 236.9987168 223.1406484 209.2825801 194.7874074 193.0167953 191.2461832 189.4755711 187.704959 185.9343469 178.9912018 164.1669316 149.0884609 134.0099902 118.9315195 103.8530488 88.77457805 73.42623726 56.97075539 40.51527351 29.29368883 20.89035648 12.48702413 1 1 1 1 1 1 1 1 1 1 1 1 1 1 1 1 1 1 1 1 1 1 1 1 1 1 1 1 1 1 1 1 
65.60495611 104.3970288 138.1421339 171.8872389 205.632344 239.377449 273.1225541 273.5454378 259.6873694 245.8293011 231.9712328 218.1131644 225.5934278 301.9236689 300.1530568 298.3824447 296.6118326 294.8412205 293.0706084 179.963847 165.4378859 150.3594152 135.2809445 120.2024738 105.1240031 90.04553239 74.30810091 57.85261903 41.39713715 29.93044145 21.5271091 13.12377675 1 1 1 1 1 1 1 1 1 1 1 1 1 1 1 1 1 1 1 1 1 1 1 1 1 1 1 1 1 1 1 1 
62.67811618 103.1525114 141.6081196 175.3532247 209.0983298 242.8434348 276.5885399 277.0114235 263.1533552 249.2952869 235.4372185 235.8047047 364.2021813 440.5324224 438.7618103 436.9911981 435.220586 433.4499739 314.2496393 179.1248049 164.896349 150.3278872 135.2494165 120.1709458 105.0924751 90.01400436 74.77824079 58.38177867 41.92629679 30.27985301 21.74579478 13.34246244 1 1 1 1 1 1 1 1 1 1 1 1 1 1 1 1 1 1 1 1 1 1 1 1 1 1 1 1 1 1 1 1 
59.75127625 100.2256715 140.7000668 178.8192105 212.5643155 246.3094206 280.0545256 280.4774093 266.619341 252.7612726 246.0159816 374.4134581 502.8109347 579.1411758 577.3705637 575.5999516 573.8293395 461.9683625 313.4105972 178.2857628 164.0573069 149.828851 135.2178885 120.1394178 105.060947 89.98247634 74.74671277 58.91093831 42.45545643 30.80901265 21.96448047 13.56114812 1 1 1 1 1 1 1 1 1 1 1 1 1 1 1 1 1 1 1 1 1 1 1 1 1 1 1 1 1 1 1 1 
56.82443632 97.29883159 137.7732269 178.2476221 216.0303013 249.7754064 283.5205114 283.9433951 270.0853268 256.2272584 384.624735 513.0222116 641.4196881 717.7499292 715.9793171 714.208705 609.6870857 461.1293204 312.5715551 177.4467207 163.2182648 148.9898089 134.761353 120.1078897 105.029419 89.95094831 74.71518474 59.44009795 42.98461608 31.33817229 22.28121056 13.7798338 1 1 1 1 1 1 1 1 1 1 1 1 1 1 1 1 1 1 1 1 1 1 1 1 1 1 1 1 1 1 1 1 
53.89759639 94.37199166 134.8463869 175.3207822 215.7951775 253.2413921 286.9864972 287.4093809 273.5513125 394.8360118 523.2334884 651.630965 780.0284416 856.3586827 854.5880705 757.4058089 608.8480436 460.2902783 311.732513 176.6076786 162.3792227 148.1507668 133.9223109 119.693855 104.997891 89.91942029 74.68365671 59.40856993 43.51377572 31.86733193 22.8103702 13.99851949 1 1 1 1 1 1 1 1 1 1 1 1 1 1 1 1 1 1 1 1 1 1 1 1 1 1 1 1 1 1 1 1 
50.97075646 91.44515173 131.919547 172.3939423 212.8683375 253.3427328 290.4524829 290.8753666 405.0472887 533.4447653 661.8422418 790.2397184 918.637195 994.9674361 905.1245321 756.5667668 608.0090015 459.4512362 310.8934709 175.7686365 161.5401806 147.3117247 133.0832688 118.8548129 104.626357 89.88789226 74.65212869 59.3770419 44.04293536 32.39649157 23.33952984 14.28256811 1 1 1 1 1 1 1 1 1 1 1 1 1 1 1 1 1 1 1 1 1 1 1 1 1 1 1 1 1 1 1 1 
49.51070924 89.9851045 130.4594998 170.933895 211.4082903 251.8826856 292.3570808 381.7040615 510.1015381 638.4990147 766.8964912 895.2939678 1023.691444 1041.306824 892.7490589 744.1912936 595.6335283 447.075763 298.5179977 174.621643 160.3931871 146.1647312 131.9362753 117.7078194 103.4793635 89.25090761 74.38329405 59.10820726 43.83312047 32.59981497 23.54285324 14.4858915 1 1 1 1 1 1 1 1 1 1 1 1 1 1 1 1 1 1 1 1 1 1 1 1 1 1 1 1 1 1 1 1 
55.87355646 96.34795172 136.822347 177.2967423 217.7711375 258.2455328 297.1654084 307.800956 436.1984326 564.5959091 692.9933857 821.3908623 949.7883388 967.4037186 818.8459534 670.2881881 521.7304228 373.1726575 224.6148922 183.1741759 157.6037859 143.37533 129.1468741 114.9184182 100.6899623 86.46150638 72.84882412 57.57373733 42.29865055 31.06534504 22.00838331 12.95142158 1 1 1 1 1 1 1 1 1 1 1 1 1 1 1 1 1 1 1 1 1 1 1 1 1 1 1 1 1 1 1 1 
62.23640367 102.7107989 143.1851942 183.6595895 224.1339847 264.60838 300.5746684 286.7957847 362.295327 490.6928036 619.0902802 747.4877567 875.8852333 893.5006131 744.9428478 596.3850825 447.8273172 299.2695519 172.5764566 192.3568163 154.8143846 140.5859287 126.3574728 112.1290169 97.90056104 83.67210515 71.3143542 56.03926741 40.76418062 29.53087512 20.47391339 11.48663527 1 1 1 1 1 1 1 1 1 1 1 1 1 1 1 1 1 1 1 1 1 1 1 1 1 1 1 1 1 1 1 1 
68.59925089 109.0736462 149.5480414 190.0224367 230.496832 269.7276115 303.9839283 290.2050447 288.3922215 416.789698 545.1871746 673.5846512 801.9821278 819.5975076 671.0397423 522.481977 373.9242117 225.3664464 181.759097 201.5394567 162.1067027 137.7965275 123.5680716 109.3396157 95.11115981 80.88270392 69.77988427 54.50479748 39.2297107 27.99640519 18.93944346 11.27615406 1 1 1 1 1 1 1 1 1 1 1 1 1 1 1 1 1 1 1 1 1 1 1 1 1 1 1 1 1 1 1 1 
74.96209811 115.4364934 155.9108886 196.3852839 236.8596792 273.1368715 307.3931883 293.6143046 259.2489065 342.8865925 471.2840691 599.6815456 728.0790222 745.694402 597.1366367 448.5788714 300.0211061 164.5821428 190.9417374 210.7220972 171.2893431 135.0071263 120.7786704 106.5502145 92.32175858 78.09330269 67.25467911 52.97032756 37.69524077 26.46193527 17.40497354 11.06567286 1 1 1 1 1 1 1 1 1 1 1 1 1 1 1 1 1 1 1 1 1 1 1 1 1 1 1 1 1 1 1 1 
81.32494533 121.7993406 162.2737359 202.7481311 242.2898146 276.5461314 310.8024482 297.0235646 262.6581664 268.983487 397.3809635 525.7784401 654.1759167 671.7912965 523.2335312 374.6757659 226.1180006 173.7647833 200.1243778 219.9047376 180.4719835 141.0392294 117.9892691 103.7608132 89.53235735 75.30390146 64.46527788 51.43585763 36.16077085 24.92746534 15.87050361 10.85519165 1 1 1 1 1 1 1 1 1 1 1 1 1 1 1 1 1 1 1 1 1 1 1 1 1 1 1 1 1 1 1 1 
87.68779254 128.1621878 168.6365831 209.1109783 245.6990746 279.9553914 314.2117082 300.4328245 266.0674264 231.7020282 323.477858 451.8753346 580.2728111 597.888191 449.3304257 300.7726604 156.5878291 182.9474237 209.3070183 229.087378 189.6546239 150.2218698 115.1998679 100.971412 86.74295612 72.51450023 61.67587665 49.90138771 34.62630092 23.39299542 14.33603369 10.64471045 1 1 1 1 1 1 1 1 1 1 1 1 1 1 1 1 1 1 1 1 1 1 1 1 1 1 1 1 1 1 1 1 
94.05063976 134.525035 174.9994303 214.8520177 249.1083345 283.3646513 317.6209681 303.8420845 269.4766863 235.1112882 249.5747525 377.972229 506.3697056 523.9850854 375.4273201 226.8695548 165.7704695 192.1300641 218.4896587 238.2700184 198.8372643 159.4045102 119.9717561 98.18201079 83.95355489 69.725099 58.88647542 48.36691778 33.091831 21.85852549 13.91650163 10.43422924 1 1 1 1 1 1 1 1 1 1 1 1 1 1 1 1 1 1 1 1 1 1 1 1 1 1 1 1 1 1 1 1 
100.413487 140.8878822 181.3622775 218.2612777 252.5175945 286.7739113 321.0302281 307.2513444 272.8859463 238.5205481 204.15515 304.0691235 432.4666001 450.0819799 301.5242146 152.9664493 174.9531099 201.3127045 227.6722991 247.4526588 208.0199047 168.5871506 129.1543965 95.39260956 81.16415366 66.93569777 56.09707419 46.10590868 31.55736107 20.32405557 13.70602042 10.22374803 1 1 1 1 1 1 1 1 1 1 1 1 1 1 1 1 1 1 1 1 1 1 1 1 1 1 1 1 1 1 1 1 
106.7763342 147.2507295 187.4142208 221.6705376 255.9268544 290.1831712 324.439488 310.6606044 276.2952062 241.9298081 207.56441 230.166018 358.5634945 376.1788743 227.6211091 157.7761557 184.1357503 210.4953449 236.8549395 256.6352992 217.2025451 177.769791 138.337037 98.90428288 78.37475243 64.14629654 53.30767296 43.31650745 30.02289115 18.78958564 13.49553922 10.01326683 1 1 1 1 1 1 1 1 1 1 1 1 1 1 1 1 1 1 1 1 1 1 1 1 1 1 1 1 1 1 1 1 
113.1391814 153.6135767 190.8234808 225.0797976 259.3361144 293.5924312 327.848748 314.0698643 279.7044662 245.339068 210.9736699 176.6082718 284.660389 302.2757688 153.7180035 166.9587961 193.3183907 219.6779853 246.0375799 265.8179396 226.3851855 186.9524314 147.5196774 108.0869233 75.5853512 61.35689531 50.51827173 40.52710622 28.48842122 17.25511572 13.28505801 9.802785622 1 1 1 1 1 1 1 1 1 1 1 1 1 1 1 1 1 1 1 1 1 1 1 1 1 1 1 1 1 1 1 1 
119.5020286 159.9764239 194.2327407 228.4890575 262.7453743 297.0016911 331.2580079 317.4791243 283.1137261 248.748328 214.3829299 180.0175317 210.7572834 228.3726633 149.7818419 176.1414365 202.5010311 228.8606257 255.2202203 275.00058 235.5678259 196.1350719 156.7023178 117.2695637 77.83680961 58.56749408 47.7288705 37.73770499 26.9539513 16.55684919 13.07457681 9.592304416 1 1 1 1 1 1 1 1 1 1 1 1 1 1 1 1 1 1 1 1 1 1 1 1 1 1 1 1 1 1 1 1 
125.8648759 163.3856838 197.6420007 231.8983175 266.1546343 300.4109511 334.6672679 320.8883842 286.5229861 252.1575879 217.7921898 183.4267917 149.0613935 154.4695577 158.9644823 185.3240769 211.6836715 238.0432661 264.4028607 284.1832204 244.7504663 205.3177123 165.8849582 126.4522041 87.01945002 55.77809285 44.93946927 34.94830376 24.95713826 16.34636799 12.8640956 9.38182321 1 1 1 1 1 1 1 1 1 1 1 1 1 1 1 1 1 1 1 1 1 1 1 1 1 1 1 1 1 1 1 1 
132.2277231 166.7949438 201.0512606 235.3075774 269.5638942 303.820211 338.0765278 324.2976442 289.932246 255.5668479 221.2014498 186.8360516 152.4706535 141.7875282 168.1471227 194.5067173 220.8663119 247.2259065 273.5855011 293.3658608 253.9331068 214.5003527 175.0675986 135.6348445 96.20209043 56.76933635 42.15006804 32.15890253 22.16773703 16.13588678 12.65361439 9.171342004 1 1 1 1 1 1 1 1 1 1 1 1 1 1 1 1 1 1 1 1 1 1 1 1 1 1 1 1 1 1 1 1 
1222.5155 199.1517835 233.4081003 267.6644171 301.920734 336.1770508 370.4333676 356.6544839 322.2890858 287.9236876 253.5582895 219.1928913 184.8274932 131.9302425 158.2898371 184.6494317 211.0090263 237.3686209 263.7282154 283.5085752 244.0758211 204.643067 165.2103129 125.7775588 86.34480476 49.80114394 40.85548455 30.86431905 20.87315355 16.10500321 12.62273082 9.14045843 1 1 1 1 1 1 1 1 1 1 1 1 1 1 1 1 1 1 1 1 1 1 1 1 1 1 1 1 1 1 1 1 
2440.323856 234.9142209 269.1705377 303.4268545 337.6831713 371.9394881 406.1958049 392.4169213 358.0515231 323.686125 289.3207268 254.9553287 220.5899305 127.9638696 146.1925601 172.5521547 198.9117493 225.2713439 251.6309385 271.4112982 231.9785441 192.54579 153.113036 113.6802819 74.24752779 48.68242137 39.73676198 29.74559648 19.75443097 16.09524877 12.61297638 9.130703989 1 1 1 1 1 1 1 1 1 1 1 1 1 1 1 1 1 1 1 1 1 1 1 1 1 1 1 1 1 1 1 1 
3658.132213 270.6766582 304.932975 339.1892918 373.4456086 407.7019255 441.9582423 428.1793586 393.8139605 359.4485623 325.0831642 290.717766 221.366585 128.740524 134.0952831 160.4548777 186.8144723 213.1740669 239.5336615 259.3140212 219.8812672 180.4485131 141.015759 101.5830049 62.15025082 47.5636988 38.61803941 28.62687391 19.31649356 16.08549433 12.60322194 9.120949548 1 1 1 1 1 1 1 1 1 1 1 1 1 1 1 1 1 1 1 1 1 1 1 1 1 1 1 1 1 1 1 1 
4875.940569 1177.420299 340.6954124 374.9517292 409.208046 443.4643628 477.7206796 463.9417959 429.5763978 395.2109997 360.8456015 326.4802034 222.1432395 129.5171785 121.9980062 148.3576008 174.7171954 201.0767899 227.4363845 247.2167443 207.7839902 168.3512361 128.918482 89.48572794 51.20861116 46.44497623 37.49931684 27.50815134 19.19276467 16.07573989 12.5934675 9.111195106 1 1 1 1 1 1 1 1 1 1 1 1 1 1 1 1 1 1 1 1 1 1 1 1 1 1 1 1 1 1 1 1 
6093.748926 2395.228656 376.4578497 410.7141665 444.9704833 479.2268001 513.483117 499.7042333 465.3388351 430.973437 396.6080389 362.2426407 222.9198939 130.293833 115.9989072 136.2603238 162.6199184 188.979513 215.3391076 235.1194673 195.6867132 156.2539591 116.821205 77.38845097 50.08988859 45.32625366 36.38059427 26.38942877 19.06903578 15.97600562 12.58371305 9.101440665 1 1 1 1 1 1 1 1 1 1 1 1 1 1 1 1 1 1 1 1 1 1 1 1 1 1 1 1 1 1 1 1 
7311.557282 3613.037012 412.2202871 446.4766039 480.7329207 514.9892375 549.2455543 535.4666706 501.1012725 466.7358743 432.3704762 368.5433662 223.6965484 131.0704874 116.7755617 124.1630468 150.5226414 176.882236 203.2418306 223.0221903 183.5894362 144.1566822 104.7239281 65.291174 48.97116602 44.20753109 35.2618717 25.27070619 18.94530689 15.85227673 12.57395861 9.091686224 1 1 1 1 1 1 1 1 1 1 1 1 1 1 1 1 1 1 1 1 1 1 1 1 1 1 1 1 1 1 1 1 
8529.365639 4830.845369 1132.325099 482.2390412 516.495358 550.7516748 585.0079916 571.229108 536.8637098 502.4983117 468.1329135 369.3200206 224.4732028 131.8471419 117.5522162 112.0657699 138.4253644 164.784959 191.1445536 210.9249134 171.4921593 132.0594052 92.62665111 53.19389703 47.85244344 43.08880852 34.14314913 24.15198362 18.821578 15.72854784 12.56420417 9.081931783 1 1 1 1 1 1 1 1 1 1 1 1 1 1 1 1 1 1 1 1 1 1 1 1 1 1 1 1 1 1 1 1 
9747.173995 6048.653725 2350.133455 518.0014786 552.2577954 586.5141122 620.770429 606.9915453 572.6261472 538.260749 503.8953509 370.0966751 225.2498573 132.6237963 118.3288706 104.0339449 126.3280875 152.6876821 179.0472767 198.8276364 159.3948823 119.9621282 80.52937414 51.4973558 46.73372087 41.97008595 33.02442656 23.03326105 18.69784911 15.60481895 12.55444973 9.072177342 1 1 1 1 1 1 1 1 1 1 1 1 1 1 1 1 1 1 1 1 1 1 1 1 1 1 1 1 1 1 1 1 
10964.98235 7266.462082 3567.941812 553.7639159 588.0202327 622.2765495 656.5328663 642.7539827 608.3885845 574.0231864 515.7201473 370.8733295 226.0265118 133.4004508 119.1055251 104.8105994 114.2308105 140.5904051 166.9499997 186.7303594 147.2976053 107.8648513 68.43209717 50.37863323 45.6149983 40.85136337 31.90570399 22.2811151 18.57412023 15.48109007 12.54469529 9.062422901 1 1 1 1 1 1 1 1 1 1 1 1 1 1 1 1 1 1 1 1 1 1 1 1 1 1 1 1 1 1 1 1 
12182.79071 8484.270438 4785.750168 1087.229898 623.7826701 658.0389869 692.2953037 678.51642 644.1510219 609.7856237 516.4968018 371.649984 226.8031662 134.1771053 119.8821795 105.5872538 102.1335335 128.4931281 154.8527227 174.6330824 135.2003284 95.76757428 56.3348202 49.25991066 44.49627573 39.7326408 30.78698141 22.15738621 18.45039134 15.35736118 12.53494085 9.052668459 1 1 1 1 1 1 1 1 1 1 1 1 1 1 1 1 1 1 1 1 1 1 1 1 1 1 1 1 1 1 1 1 
13400.59906 9702.078795 6003.558525 2305.038255 659.5451074 693.8014242 728.057741 714.2788574 679.9134592 645.5480611 517.2734562 372.4266385 227.5798207 134.9537597 120.658834 106.3639083 92.06898258 116.3958512 142.7554458 162.5358055 123.1030514 83.67029731 52.90482302 48.14118809 43.37755316 38.61391823 29.66825884 22.03365732 18.32666245 15.23363229 12.47119851 9.042914018 1 1 1 1 1 1 1 1 1 1 1 1 1 1 1 1 1 1 1 1 1 1 1 1 1 1 1 1 1 1 1 1 
14618.40742 10919.88715 7221.366881 3522.846611 695.3075447 729.5638616 763.8201784 750.0412947 715.6758966 662.8969285 518.0501107 373.2032929 228.3564751 135.7304142 121.4354885 107.1405628 92.84563704 104.2985742 130.6581688 150.4385285 111.0057744 71.57302034 51.78610045 47.02246552 42.25883059 37.49519566 28.54953627 21.90992844 18.20293356 15.1099034 12.34746962 9.033159577 1 1 1 1 1 1 1 1 1 1 1 1 1 1 1 1 1 1 1 1 1 1 1 1 1 1 1 1 1 1 1 1 
15836.21578 12137.69551 8439.175238 4740.654968 1042.134698 765.3262989 799.5826157 785.8037321 751.4383339 663.6735829 518.8267652 373.9799474 229.1331296 136.5070686 122.2121429 107.9172172 93.6222915 92.20129722 118.5608918 138.3412515 98.90849745 59.47574337 50.66737787 45.90374295 41.14010802 36.37647309 27.4308137 21.78619955 18.07920467 14.98617451 12.22374074 9.023405136 1 1 1 1 1 1 1 1 1 1 1 1 1 1 1 1 1 1 1 1 1 1 1 1 1 1 1 1 1 1 1 1 
17054.02413 13355.50386 9656.983594 5958.463324 2259.943054 801.0887362 835.3450531 821.5661694 787.2007713 664.4502374 519.6034196 374.7566018 229.909784 137.2837231 122.9887974 108.6938717 94.39894596 80.10402025 106.4636148 126.2439746 86.81122048 54.31229023 49.5486553 44.78502038 40.02138545 35.25775052 26.31209113 21.66247066 17.95547579 14.86244562 12.10001185 9.013650695 1 1 1 1 1 1 1 1 1 1 1 1 1 1 1 1 1 1 1 1 1 1 1 1 1 1 1 1 1 1 1 1 
18271.83249 14573.31222 10874.79195 7176.271681 3477.751411 836.8511736 871.1074904 857.3286067 810.0737096 665.2268919 520.3800741 375.5332563 230.6864385 138.0603776 123.7654518 109.4705261 95.17560042 80.88067471 94.36633787 114.1466976 74.71394351 53.19356766 48.42993273 43.6662978 38.90266288 34.13902795 25.24573665 21.53874177 17.8317469 14.73871674 11.97628296 9.003896254 1 1 1 1 1 1 1 1 1 1 1 1 1 1 1 1 1 1 1 1 1 1 1 1 1 1 1 1 1 1 1 1 
19489.64085 15791.12058 12092.60031 8394.080037 4695.559767 997.0394972 906.8699277 893.0910441 810.8503641 666.0035463 521.1567285 376.3099107 231.463093 138.837032 124.5421063 110.2471806 95.95225488 81.65732917 82.2690609 102.0494206 62.61666654 52.07484509 47.31121016 42.54757523 37.7839403 33.02030538 25.12200776 21.41501288 17.70801801 14.61498785 11.85255407 8.994141813 1 1 1 1 1 1 1 1 1 1 1 1 1 1 1 1 1 1 1 1 1 1 1 1 1 1 1 1 1 1 1 1 
20707.4492 17008.92893 13310.40866 9611.888394 5913.368124 2214.847854 942.6323651 928.8534814 811.6270186 666.7802008 521.933383 377.0865652 232.2397474 139.6136865 125.3187608 111.023835 96.72890934 82.43398363 70.17178393 89.95214366 55.71975745 50.95612252 46.19248759 41.42885266 36.66521773 31.90158281 24.99827887 21.291284 17.58428912 14.49125896 11.72882518 8.966391406 1 1 1 1 1 1 1 1 1 1 1 1 1 1 1 1 1 1 1 1 1 1 1 1 1 1 1 1 1 1 1 1 
21925.25756 18226.73729 14528.21702 10829.69675 7131.17648 3432.65621 978.3948024 957.2504908 812.403673 667.5568552 522.7100375 377.8632197 233.0164019 140.3903409 126.0954152 111.8004895 97.5055638 83.21063809 68.91571238 77.85486669 54.60103488 49.83739995 45.07376502 40.31013009 35.54649516 30.78286023 24.87454998 21.16755511 17.46056023 14.36753007 11.60509629 8.842662518 1 1 1 1 1 1 1 1 1 1 1 1 1 1 1 1 1 1 1 1 1 1 1 1 1 1 1 1 1 1 1 1 
23143.06592 19444.54565 15746.02538 12047.50511 8348.984837 4650.464567 1014.15724 958.0271453 813.1803275 668.3335097 523.4866919 378.6398741 233.7930563 141.1669954 126.8720697 112.577144 98.28221826 83.98729255 69.69236684 65.75758972 53.4823123 48.71867738 43.95504245 39.19140752 34.42777259 29.66413766 24.75082109 21.04382622 17.33683134 14.24380118 11.48136741 8.71893363 1 1 1 1 1 1 1 1 1 1 1 1 1 1 1 1 1 1 1 1 1 1 1 1 1 1 1 1 1 1 1 1 
24360.87427 20662.354 16963.83373 13265.31346 9566.793193 5868.272923 2169.752653 958.8037997 813.9569819 669.1101642 524.2633464 379.4165286 234.5697108 141.9436498 127.6487241 113.3537984 99.05887272 84.76394701 70.46902129 57.12722466 52.36358973 47.59995481 42.83631988 38.07268495 33.30905002 28.54541509 24.62709221 20.92009733 17.21310246 14.1200723 11.35763852 8.595204742 1 1 1 1 1 1 1 1 1 1 1 1 1 1 1 1 1 1 1 1 1 1 1 1 1 1 1 1 1 1 1 1 
