22.19832166 21.78358143 21.36884119 20.95410095 20.53936072 20.12462048 19.70988024 19.46805534 19.30033701 19.13261868 18.96490035 18.79718202 18.62946369 18.58379709 18.72120808 18.85861907 18.99603006 19.13344105 19.27085204 19.38306428 19.26848777 19.15391127 19.03933476 18.92475826 18.81018175 18.69560525 18.82440986 19.01405975 19.20370964 19.64788193 20.22910474 20.81032755 20.90177219 21.3832162 21.8646602 22.03578509 21.63060304 21.22542099 20.97320199 21.33283522 21.69246844 22.05210167 22.4117349 22.77136812 23.13100135 23.29983272 23.44746389 23.59509506 23.74272623 23.8903574 24.03798857 24.07620632 24.04148179 24.00675726 23.97203272 23.93730819 23.90258366 23.82264095 23.63718914 23.45173734 23.26628553 23.08083373 22.89538192 22.70993012 
24.99083593 23.80647561 23.39173537 22.97699513 22.5622549 22.14751466 21.73277442 21.49094952 21.32323119 21.15551286 20.98779453 20.8200762 20.53632796 20.15689844 20.16718056 20.30459155 20.44200254 20.57941353 20.71682452 20.81872249 20.6216318 20.5070553 20.39247879 20.27790229 20.16332578 20.04874928 20.17755389 20.36720378 20.53237939 20.78252801 21.36375082 21.94497363 21.36085783 21.84230184 22.32374585 23.48230397 23.11437837 22.70919632 22.45697732 22.81661055 23.17624377 23.535877 23.89551023 24.25514345 24.67328318 25.01701775 25.16464892 25.31228009 25.45991126 25.60754242 25.75517359 25.79339134 25.75866681 25.72394228 25.68921775 25.65449322 25.67416732 25.87040516 25.856524 25.6710722 25.48562039 25.30016858 25.11471678 24.92926497 
27.7833502 26.51347653 25.41462955 24.99988931 24.58514908 24.17040884 23.7556686 23.5138437 23.34612537 23.17840704 23.01068871 22.7656171 22.21113239 21.83170287 21.71485614 21.75056403 21.88797502 22.02538601 22.162797 22.26469497 22.04697574 21.86019932 21.74562282 21.63104631 21.51646981 21.4018933 21.53069792 21.72034781 21.77538914 21.97737613 22.4983969 23.07961971 21.81994347 22.30138748 23.12141348 24.79842528 24.5981537 24.19297165 23.94075265 24.30038588 24.6600191 25.01965233 25.37928556 25.79011197 26.22287833 26.5666129 26.88183394 27.02946511 27.17709628 27.32472745 27.47235862 27.51057636 27.47585183 27.4411273 27.40640277 27.39887756 27.63614622 27.83238406 27.93288332 27.89040705 27.70495525 27.51950344 27.33405164 27.14859983 
30.57586446 29.3059908 28.03611713 27.02278349 26.60804325 26.19330302 25.77856278 25.53673788 25.36901955 25.20130122 24.99490625 24.44042154 23.88593683 23.50650731 23.38966057 23.27281383 23.33394751 23.47135849 23.60876948 23.71066745 23.49294822 23.27522899 23.09876685 22.98419034 22.86961384 22.75503733 22.88384195 23.07349184 23.01839889 23.22038588 23.63304298 24.21426579 22.27902911 22.76047312 24.43753479 26.11454659 26.08192903 25.67674698 25.42452798 25.78416121 26.14379443 26.50342766 26.90694076 27.33970712 27.77247348 28.11620804 28.45005018 28.74665013 28.8942813 29.04191247 29.18954364 29.22776139 29.19303686 29.15831232 29.12358779 29.36085645 29.59812511 29.79436296 29.89486222 29.99536148 29.92429011 29.7388383 29.5533865 29.36793469 
33.36837873 32.09850506 30.82863139 29.55875773 28.63093743 28.2161972 27.80145696 27.55963206 27.39191373 27.2241954 26.66971069 26.11522598 25.56074127 25.18131175 25.06446501 24.94761827 24.83077153 24.91733098 25.05474197 25.15663993 24.9389207 24.72120147 24.50348224 24.33733437 24.22275787 24.10818136 24.23698598 24.31650159 24.26140864 24.46339563 24.80381029 25.34891187 22.73811476 23.21955876 25.75365609 27.43066789 27.39805034 27.16052231 26.90830331 27.26793654 27.62756976 28.02376955 28.45653591 28.88930227 29.32206863 29.66580319 29.99964533 30.33348747 30.61146632 30.75909749 30.90672866 30.94494641 30.91022188 30.87549735 31.08556669 31.32283535 31.56010401 31.75634185 31.85684112 31.95734038 32.05783964 31.95817316 31.77272135 31.58726955 
36.16089299 34.89101933 33.62114566 32.35127199 31.08139833 30.23909138 29.82435114 29.58252624 29.41480791 28.89899984 28.34451513 27.79003042 27.23554571 26.85611618 26.73926945 26.62242271 26.50557597 26.38872923 26.50071445 26.60261242 26.38489318 26.16717395 25.94945472 25.73173549 25.5759019 25.46132539 25.59013 25.55951134 25.50441839 25.70640539 26.04682004 26.48355796 23.1972004 24.47219595 27.0697774 28.7467892 28.71417164 28.64429764 28.39207864 28.75171187 29.14059834 29.5733647 30.00613106 30.43889742 30.87166378 31.21539834 31.54924048 31.88308262 32.21692476 32.47628251 32.62391368 32.66213143 32.6274069 32.81027692 33.04754558 33.28481425 33.52208291 33.71832075 33.81882001 33.91931928 34.01981854 34.1203178 33.99205621 33.80660441 
38.95340726 37.68353359 36.41365993 35.14378626 33.87391259 32.60403893 31.84724532 31.60542042 31.12828898 30.57380427 30.01931956 29.46483485 28.91035014 28.53092062 28.41407388 28.29722715 28.18038041 28.06353367 27.94668693 28.0485849 27.83086567 27.61314644 27.39542721 27.17770797 26.95998874 26.81446942 26.85761404 26.80252109 26.74742814 26.94941514 27.28982979 27.63024445 23.65628604 25.78831726 28.38589871 30.06291051 30.03029295 29.99767539 29.87585397 30.25742713 30.69019349 31.12295985 31.55572621 31.98849257 32.42125892 32.76499349 33.09883563 33.43267777 33.76651991 34.10036205 34.34109871 34.37931645 34.53498716 34.77225582 35.00952448 35.24679314 35.4840618 35.68029964 35.78079891 35.88129817 35.98179744 36.0822967 36.18279596 36.02593927 
41.74592152 40.47604786 39.20617419 37.93630052 36.66642686 35.39655319 34.12667953 33.35757813 32.80309342 32.24860871 31.694124 31.13963929 30.58515458 30.20572506 30.08887832 29.97203158 29.85518484 29.73833811 29.62149137 29.49455738 29.27683815 29.05911892 28.84139969 28.62368046 28.40596123 28.188242 28.10062379 28.04553084 27.99043789 28.19242489 28.53283954 28.8732542 24.50685711 27.10443856 29.70202002 31.37903182 31.34641426 31.3137967 31.37425592 31.80702228 32.23978864 32.672555 33.10532136 33.53808771 33.97085407 34.31458863 34.64843078 34.98227292 35.31611506 35.6499572 35.98379934 36.25969739 36.49696605 36.73423471 36.97150338 37.20877204 37.4460407 37.64227854 37.7427778 37.84327707 37.94377633 38.0442756 38.14477486 38.24527412 
43.00381039 41.73393672 40.46406306 39.19418939 37.92431572 36.65444206 35.28871831 33.56296763 33.00848292 32.45399821 31.8995135 31.34502879 30.79054408 30.29490562 30.16353276 30.04668603 29.92983929 29.81299255 29.69614581 29.56921183 29.35149259 29.13377336 28.91605413 28.6983349 28.48061567 28.28561722 28.06209488 28.00700193 27.95190898 28.15389598 28.49431063 28.83472528 24.37880394 26.97638539 29.57396685 30.91249934 30.87988178 30.84726422 31.48156853 31.95375816 32.38652452 32.81929088 33.25205724 33.68482359 34.11758995 34.46132451 34.79516665 35.1290088 35.46285094 35.79669308 36.17854276 37.14729177 37.38456043 37.62182909 37.85909775 38.09636642 38.33363508 38.52987292 38.63037218 38.73087145 38.83137071 38.93186997 39.03236924 39.35736481 
44.26169925 42.99182559 41.72195192 40.45207825 39.18220459 37.91233092 36.25905694 34.10833452 33.21387242 32.65938771 32.104903 31.55041829 30.99593358 30.50029512 30.23818721 30.12134047 30.00449373 29.887647 29.77080026 29.64386627 29.42614704 29.20842781 28.99070858 28.77298935 28.55527012 28.40116907 28.02356597 27.96847302 27.91338007 28.11536707 28.45578172 28.79619637 24.25075077 26.84833223 29.44591368 30.44596686 30.41334931 30.38073175 31.55734252 32.10049404 32.5332604 32.96602676 33.39879311 33.83155947 34.26432583 34.60806039 34.94190253 35.27574467 35.60958682 35.94342896 36.75734653 37.82902574 38.27215481 38.50942347 38.74669213 38.98396079 39.22122945 39.4174673 39.51796656 39.61846582 39.71896509 39.81946435 39.91996362 40.46945549 
45.51958812 44.24971445 42.97984079 41.70996712 40.44009345 39.13826976 37.22939557 35.07867315 33.41926192 32.86477721 32.3102925 31.75580779 31.20132308 30.70568462 30.31284165 30.19599492 30.07914818 29.96230144 29.8454547 29.71852071 29.50080148 29.28308225 29.06536302 28.84764379 28.64355703 28.51672092 27.98503706 27.92994411 27.87485116 28.07683815 28.41725281 28.70434845 24.1226976 26.72027906 29.31786051 29.97943439 29.94681683 29.91419927 31.63311651 32.22357596 32.67999628 33.11276263 33.54552899 33.97829535 34.41106171 34.75479627 35.08863841 35.42248055 35.75632269 36.09016483 37.33615031 38.40782952 39.15974919 39.39701785 39.63428651 39.87155517 40.10882383 40.30506167 40.40556094 40.5060602 40.60655947 40.70705873 40.98216623 41.58154617 
46.77747698 45.50760332 44.23772965 42.96785598 41.69798232 40.10860839 38.1997342 36.04901178 33.79464011 33.07016671 32.515682 31.96119729 31.40671258 30.91107412 30.50370504 30.27064936 30.15380262 30.03695588 29.92010915 29.79317516 29.57545593 29.3577367 29.14001747 28.92229824 28.75910888 28.63227277 28.01498848 27.8914152 27.83632225 28.03830924 28.3787239 28.59726652 23.99464443 26.59222589 28.9223669 29.51290191 29.48028435 29.68869189 31.7088905 32.29934995 32.82673216 33.25949851 33.69226487 34.12503123 34.55779759 34.90153215 35.23537429 35.56921643 35.90305857 36.62096106 37.91495408 38.98663329 39.9101033 40.28461223 40.52188089 40.75914955 40.99641821 41.19265605 41.29315532 41.39365458 41.49415384 41.59465311 42.09425691 42.69363685 
48.03536585 46.76549218 45.49561851 44.22574485 42.95587118 41.07894702 39.17007283 37.0193504 34.76497874 33.27555621 32.7210715 32.16658679 31.61210208 31.11646362 30.70909454 30.3453038 30.22845707 30.11161033 29.99476359 29.8678296 29.65011037 29.43239114 29.21467191 29.00149684 28.87466073 28.74782463 28.13054034 27.85288629 27.79779334 27.99978033 28.34019499 28.49018459 23.86659126 26.46417272 28.45583442 29.04636943 29.01375188 29.76446588 31.78466449 32.37512394 32.96558338 33.40623439 33.83900075 34.27176711 34.70453347 35.04826803 35.38211017 35.71595231 36.04979445 37.19976484 38.49375785 39.56543706 40.48890707 41.1722066 41.40947527 41.64674393 41.88401259 42.08025043 42.18074969 42.28124896 42.38174822 42.60696765 43.20634759 43.80572753 
49.29325471 48.02338105 46.75350738 45.48363371 43.95815984 42.04928565 40.14041145 37.98968903 35.73531737 33.48094571 32.926461 32.37197629 31.81749158 31.32185312 30.91448404 30.50711495 30.30311151 30.18626477 30.06941804 29.94248405 29.72476482 29.50704559 29.28932636 29.11704869 28.99021258 28.86337648 28.24609219 27.81435737 27.75926443 27.96125142 28.30166607 28.38310266 23.7385381 26.33611955 27.98930195 28.57983696 28.5472194 29.84023987 31.86043848 32.45089793 33.04135737 33.55297027 33.98573663 34.41850299 34.85126935 35.19500391 35.52884605 35.86268819 36.48457559 37.77856861 39.07256163 40.14424084 41.06771084 41.99118085 42.29706964 42.5343383 42.77160697 42.96784481 43.06834407 43.16884334 43.2693426 43.71905834 44.31843828 44.91781821 
50.55114358 49.28126991 48.01139624 46.74152258 44.92849846 43.01962427 41.11075008 38.96002766 36.705656 34.45128434 33.1318505 32.57736579 32.02288108 31.52724262 31.11987354 30.71250445 30.37776596 30.26091922 30.14407248 30.01713849 29.79941926 29.58170003 29.3639808 29.23260054 29.10576443 28.97892833 28.36164404 27.77582846 27.72073552 27.92272251 28.24028616 28.27602073 23.61048493 26.20806638 27.52276947 28.11330448 28.08068692 29.91601386 31.93621247 32.52667192 33.11713136 33.69970615 34.13247251 34.56523887 34.99800522 35.34173979 35.67558193 36.00942407 37.06337937 38.35737238 39.6513654 40.72304461 41.64651461 42.56998462 43.18466402 43.42193268 43.65920134 43.85543919 43.95593845 44.05643771 44.23176908 44.83114902 45.43052896 46.0299089 
51.80903244 50.53915877 49.26928511 47.80771128 45.89883709 43.9899629 42.08108871 39.93036629 37.67599463 35.42162296 33.33724 32.78275529 32.22827058 31.73263212 31.32526304 30.91789395 30.51052487 30.33557366 30.21872692 30.09179294 29.87407371 29.65635448 29.47498849 29.34815239 29.22131628 29.09448018 28.47719589 27.73729955 27.6822066 27.8841936 28.13320423 28.16893879 23.48243176 26.08001321 27.05623699 27.646772 27.61415445 29.99178785 32.01198646 32.60244591 33.19290535 33.78336479 34.27920839 34.71197475 35.1447411 35.48847567 35.82231781 36.34819012 37.64218314 38.93617615 40.23016917 41.30184838 42.22531839 43.14878839 44.0722584 44.30952706 44.54679572 44.74303356 44.84353283 44.94403209 45.34385976 45.9432397 46.54261964 47.14199958 
53.06692131 51.79704764 50.52717397 48.77804991 46.86917572 44.96030153 43.05142734 40.90070492 38.64633326 36.39196159 34.13758993 32.98814479 32.43366008 31.93802162 31.53065254 31.12328345 30.71591437 30.41022811 30.29338137 30.16644738 29.94872815 29.73100892 29.59054035 29.46370424 29.33686813 29.21003203 28.59274774 27.8528514 27.64367769 27.84566469 28.0261223 28.06185686 23.35437859 25.66362582 26.58970452 27.18023953 27.68992844 30.06756184 32.08776045 32.6782199 33.26867934 33.85913878 34.42594427 34.85871062 35.29147698 35.63521154 35.96905369 36.9269939 38.22098691 39.51497993 40.80897294 41.88065215 42.80412216 43.72759217 44.65106217 45.19712144 45.4343901 45.63062794 45.73112721 45.8565705 46.45595044 47.05533038 47.65471032 48.25409026 
54.32481017 53.0549365 51.65726273 49.74838854 47.83951435 45.93064016 44.02176597 41.87104355 39.61667188 37.36230022 35.10792856 33.19353429 32.63904958 32.14341112 31.73604204 31.32867295 30.92130387 30.51393479 30.36803581 30.24110183 30.02338259 29.8329283 29.7060922 29.57925609 29.45241999 29.32558388 28.70829959 27.96840325 27.60514878 27.80713577 27.91904036 27.95477493 23.22632542 25.19709334 26.12317204 26.71370705 27.76570243 30.14333583 32.16353444 32.75399389 33.34445333 33.93491277 34.52537222 35.0054465 35.43821286 35.78194742 36.21180465 37.50579767 38.79979068 40.0937837 41.38777672 42.45945593 43.38292593 44.30639594 45.22986594 46.08471582 46.32198448 46.51822232 46.61872158 46.96866118 47.56804112 48.16742106 48.766801 49.36618094 
55.58269904 54.31282537 52.62760136 50.71872717 48.80985298 46.90097879 44.9921046 42.84138218 40.58701051 38.33263885 36.07826719 33.82389553 32.84443908 32.34880062 31.94143154 31.53406245 31.12669337 30.71932429 30.44269026 30.31575627 30.09803704 29.94848015 29.82164405 29.69480794 29.56797184 29.44113573 28.82385144 28.0839551 27.56661987 27.76860686 27.81195843 27.847693 23.09827225 24.73056086 25.65663956 26.24717457 27.84147642 30.21910982 32.23930843 32.82976788 33.42022732 34.01068676 34.60114621 35.15218238 35.58494874 35.9286833 36.79060842 38.08460144 39.37859446 40.67258747 41.96658049 43.0382597 43.9617297 44.88519971 45.80866972 46.73213972 47.20957885 47.4058167 47.50631596 48.08075187 48.68013181 49.27951174 49.87889168 50.47827162 
56.8405879 55.50681418 53.59793999 51.6890658 49.78019161 47.87131742 45.96244322 43.8117208 41.55734914 39.30297748 37.04860582 34.79423415 33.04982858 32.55419012 32.14682103 31.73945195 31.33208287 30.92471379 30.5173447 30.39041071 30.19086811 30.064032 29.9371959 29.81035979 29.68352369 29.55668758 28.93940329 28.19950696 27.52809096 27.66914193 27.7048765 27.74061107 22.97021908 24.26402839 25.19010709 25.7806421 27.91725041 30.29488381 32.31508242 32.90554187 33.49600131 34.08646076 34.6769202 35.26737964 35.73168462 36.07541918 37.3694122 38.66340521 39.95739823 41.25139125 42.54538426 43.61706347 44.54053348 45.46400348 46.38747349 47.3109435 48.09717323 48.29341107 48.59346261 49.19284255 49.79222249 50.39160243 50.99098237 51.5903623 
58.09847676 56.47715281 54.56827862 52.65940443 50.75053024 48.84165604 46.93278185 44.78205943 42.52768777 40.27331611 38.01894444 35.76457278 33.51020112 32.75957962 32.35221053 31.94484145 31.53747237 31.13010329 30.7227342 30.46506516 30.30641996 30.17958385 30.05274775 29.92591164 29.79907554 29.67223943 29.05495514 28.31505881 27.57516247 27.56206 27.59779457 27.63352914 22.84216591 23.79749591 24.72357461 25.61539099 27.9930244 30.3706578 32.39085641 32.98131586 33.5717753 34.16223475 34.75269419 35.34315363 35.8784205 36.65422295 37.94821597 39.24220899 40.536202 41.83019502 43.12418803 44.19586724 45.11933725 46.04280726 46.96627726 47.88974727 48.81321727 49.18100545 49.70555329 50.30493323 50.90431317 51.50369311 52.10307305 52.70245299 
59.35636563 57.44749144 55.53861725 53.62974306 51.72086886 49.81199467 47.90312048 45.75239806 43.4980264 41.24365474 38.98928307 36.73491141 34.48053975 32.96496912 32.55760003 32.15023095 31.74286187 31.33549279 30.9281237 30.54880792 30.42197181 30.29513571 30.1682996 30.04146349 29.91462739 29.78779128 29.17050699 28.43061066 27.69071432 27.45497807 27.49071264 27.52644721 22.40488473 23.33096343 24.25704213 25.69116498 28.06879839 30.44643179 32.4666304 33.05708985 33.64754929 34.23800874 34.82846818 35.41892762 36.00938707 37.23302673 38.52701974 39.82101276 41.11500578 42.40899879 43.70299181 44.77467102 45.69814102 46.62161103 47.54508104 48.46855104 49.39202105 50.21826403 50.81764397 51.41702391 52.01640385 52.61578379 53.21516373 53.81454367 
59.64617362 58.1256734 56.21679921 54.30792502 52.39905083 50.49017664 48.58130245 46.43058003 44.17620836 41.9218367 39.66746504 37.41309338 35.4837351 34.61819125 34.21082217 33.80345309 33.396084 32.98871492 32.58134584 31.81576879 31.510063 31.38322689 31.25639079 31.12955468 31.00271858 30.87588247 30.25859818 29.51870184 28.77223114 28.24213063 28.2778652 28.31359976 25.22186612 25.03036231 25.95644101 26.98629009 29.2484167 31.6260501 33.64624872 34.23670816 34.82716761 35.41762705 36.00808649 36.59854594 38.24154482 39.47263767 40.76663068 42.0606237 43.35461672 44.64860973 45.94260275 46.92787435 47.80814054 48.73161055 49.65508056 50.57855056 51.50202057 52.32826355 52.92764349 53.52702343 54.12640337 54.72578331 55.32516325 56.77750665 
59.93598161 58.45863406 56.89498118 54.98610699 53.07723279 51.1683586 49.25948441 47.10876199 44.85439033 42.60001867 40.345647 38.30795093 37.13695724 36.27141339 35.8640443 35.45667522 35.04930614 34.64193705 33.87066543 33.10508838 32.75466516 32.47131808 32.34448197 32.21764587 32.09080976 31.96397366 31.34668937 30.60679303 29.83073764 29.18003538 29.06501775 29.10075232 28.97863279 26.72976119 27.65583989 28.68568897 30.42803501 32.80566842 34.82586703 35.41632648 36.00678592 36.59724536 37.18770481 38.69913626 40.60526999 41.83636284 43.00624162 44.30023464 45.59422766 46.88822067 48.18221369 49.16748529 49.9469426 50.84161007 51.76508008 52.68855008 53.61202009 54.43826308 55.03764302 55.63702295 56.23640289 56.83578283 58.19335251 59.74046962 
60.2257896 58.74844205 57.27109449 55.66428895 53.75541476 51.84654057 49.93766638 47.78694395 45.53257229 43.27820063 41.13216676 39.96117307 38.79017937 37.92463552 37.51726644 37.10989735 36.70252827 35.97169026 35.15998502 34.39440797 34.04398475 33.69356153 33.43257316 33.30573705 33.17890095 33.05206484 32.43478055 31.69488422 30.88924415 30.23854189 29.8521703 29.88790487 32.73539946 28.58155768 29.35523877 30.38508784 31.60765333 33.98528673 36.00548535 36.59594479 37.18640423 37.77686368 39.1567277 41.06286143 42.96899517 44.20008802 45.35617633 46.53984558 47.8338386 49.12783161 50.42182463 51.40709623 52.18655354 52.96601086 53.8750796 54.79854961 55.72201961 56.5482626 57.14764254 57.74702248 58.34640242 59.60919838 61.15631549 62.7034326 
60.51559759 59.03825004 57.56090248 56.08355493 54.43359672 52.52472253 50.61584834 48.46512592 46.21075426 43.95638259 42.7853889 41.6143952 40.44340151 39.57785766 39.17048857 38.76311949 38.07271509 37.26100985 36.4493046 35.68372756 35.33330434 34.98288112 34.6324579 34.39382824 34.26699213 34.14015603 33.52287174 32.75339072 31.94775066 31.2970484 30.72977417 30.67505742 36.49216614 32.33832435 31.05463765 32.08448672 33.30705221 35.16490505 37.18510366 37.7755631 38.36602255 39.61431914 41.52045287 43.42658661 45.33272034 46.5638132 47.7199015 48.87598981 50.07344954 51.36744255 52.66143557 53.64670717 54.42616448 55.2056218 55.98507912 56.90854913 57.83201913 58.65826212 59.25764206 59.857022 61.02504424 62.57216135 64.11927847 65.66639558 
60.80540558 59.32805803 57.85071047 56.37336292 54.89601537 53.2029045 51.29403031 49.14330788 46.88893622 45.60960473 44.43861103 43.26761734 42.09662364 41.23107979 40.82371071 40.17373993 39.36203468 38.55032944 37.73862419 36.97304715 36.62262393 36.27220071 35.92177749 35.57135427 35.35508332 35.22824721 34.61096292 33.81189723 33.00625717 32.35555491 31.78828068 31.46220997 40.24893281 36.09509103 32.75403652 33.7838856 35.00645108 36.34452336 38.36472197 38.95518142 40.07191058 41.97804431 43.88417805 45.79031178 47.69644552 48.92753837 50.08362668 51.23971499 52.3958033 53.60705349 54.90104651 55.88631811 56.66577542 57.44523274 58.22469006 59.01854865 59.94201866 60.76826164 61.36764158 62.44089011 63.98800722 65.53512433 67.08224144 68.62935856 
61.09521357 59.61786602 58.14051847 56.66317091 55.18582336 53.70847581 51.97221227 49.82148985 48.43382056 47.26282686 46.09183317 44.92083947 43.74984578 42.88430192 42.27476476 41.46305952 40.65135427 39.83964903 39.02794378 38.26236674 37.91194352 37.5615203 37.21109708 36.86067386 36.51025064 36.3163384 35.67604381 34.87040374 34.06476368 33.41406142 32.84678719 32.27951297 44.00569948 39.8518577 35.69801592 35.48328448 36.70584996 37.92841545 39.54434029 40.52950202 42.43563575 44.34176949 46.24790322 48.15403696 50.0601707 51.29126355 52.44735186 53.60344017 54.75952848 55.91561679 57.14065745 58.12592905 58.90538637 59.68484368 60.464301 61.24375832 62.05201818 62.87826116 63.85673597 65.40385308 66.9509702 68.49808731 70.04520442 71.59232153 
61.38502156 59.90767401 58.43032646 56.9529789 55.47563135 53.9982838 52.52093624 51.25803639 50.08704269 48.916049 47.7450553 46.57406161 45.40306791 44.37578959 43.56408435 42.75237911 41.94067386 41.12896862 40.31726337 39.55168633 39.20126311 38.85083989 38.50041667 38.14999345 37.79957023 37.44914701 36.73455031 35.92891025 35.12327019 34.47256793 33.9052937 33.33801948 47.76246615 43.60862437 39.45478259 37.18268335 38.40524884 39.62781432 40.98709346 42.8932272 44.79936093 46.70549467 48.6116284 50.51776214 52.42389587 53.65498872 54.81107703 55.96716534 57.12325365 58.27934196 59.43543027 60.36553999 61.14499731 61.92445462 62.70391194 63.48336926 64.26282658 65.27258184 66.81969895 68.36681606 69.91393317 71.46105029 73.0081674 74.55528451 
61.66372445 60.18637689 58.70902934 57.23168179 55.75433423 54.27698668 52.19168453 49.92713814 48.55681038 47.38581669 46.21482299 45.04382929 43.8728356 42.84555728 42.03385204 41.22214679 40.41044155 39.5987363 38.78703106 38.19124467 38.19543048 37.84500726 37.49458404 37.14416082 36.7937376 36.44331438 35.72871769 34.92307762 34.24644279 34.20331384 33.63603962 33.06876539 45.59797725 42.60099507 38.44715329 36.17505405 37.39761954 38.62018502 39.88450699 41.31343576 43.21956949 45.12570323 47.03183696 48.9379707 50.84410443 52.07519728 53.23128559 54.3873739 55.54346221 56.69955052 59.36214364 61.49745721 62.27691453 63.05637185 63.83582916 64.61528648 65.22969157 65.58176824 66.96889383 68.51601094 70.06312805 71.61024516 73.15736227 74.70447939 
61.94242733 60.46507978 58.98773222 57.51038467 56.03303712 54.04906073 51.55845552 49.29390913 47.1262451 45.85558437 44.68459068 43.51359698 42.34260328 41.31532497 40.50361972 39.69191448 38.88020924 38.06850399 37.38226327 36.78647689 36.87931495 36.83917463 36.48875141 36.13832819 35.78790497 35.43748175 34.72288506 33.917245 33.82113369 33.84736253 33.36678554 32.79951131 42.4606746 41.59336576 37.43952398 35.16742475 36.38999023 37.62175285 38.91826479 40.14267715 41.63977805 43.54591179 45.45204552 47.35817926 49.26431299 50.49540584 51.65149415 52.80758246 53.96367077 56.32496293 60.49406086 62.62937443 63.40883175 64.18828907 64.96774638 65.66467759 65.61887373 65.97095041 67.25141497 68.66520581 70.21232293 71.75944004 73.30655715 74.85367426 
62.22113021 60.74378266 59.26643511 57.78908756 55.90643694 53.41583172 50.92522651 48.66068012 46.49301609 44.32535206 43.15435836 41.98336467 40.81237097 39.78509266 38.97338741 38.16168217 37.34997692 36.6497957 35.97749549 35.3817091 35.47454717 35.56738523 35.48291878 35.13249556 34.78207234 34.43164912 33.71705243 32.91141237 33.3958246 33.42205343 33.09753145 32.53025723 39.32337194 40.42798288 36.43189468 34.15979544 35.38236093 36.65551066 37.95202259 39.17643495 40.4008473 41.96612035 43.87225408 45.77838782 47.68452155 48.91561441 50.07170272 51.22779103 53.28778222 57.45688015 61.62597809 63.76129165 64.54074897 65.32020629 66.09966361 66.05385975 66.0080559 66.36013257 67.64059714 68.92106171 70.3615178 71.90863492 73.45575203 75.00286914 
62.4998331 61.02248555 59.54513799 57.76381314 55.27320793 52.78260271 50.2919975 48.02745111 45.85978708 43.69212305 41.62412605 40.45313235 39.28213866 38.25486034 37.4431551 36.63144985 35.91732813 35.24502792 34.5727277 33.97694131 34.06977938 34.16261744 34.25545551 34.12666293 33.77623971 33.42581649 32.7112198 32.48610327 32.9705155 32.99674433 32.77625903 32.26100315 36.18606928 37.29068022 35.42426538 33.15216614 34.37473162 35.68926846 36.9857804 38.21019275 39.43460511 40.65901746 42.29246264 44.19859638 46.10473011 47.33582297 48.49191128 50.25060151 54.41969944 58.58879737 62.75789531 64.89320887 65.67266619 66.45212351 66.48884577 66.44304192 66.39723806 66.74931474 68.02977931 69.31024387 70.59070844 72.05782979 73.60494691 75.15206402 
62.77853598 61.30118843 59.62118935 57.13058413 54.63997892 52.1493737 49.65876849 47.3942221 45.22655807 43.05889404 40.89123001 38.92290004 37.75190635 36.72462803 35.91292279 35.18486056 34.51256034 33.84026013 33.16795991 32.57217353 32.66501159 32.75784966 32.85068772 32.94352579 32.77040708 32.41998386 31.70538717 32.06079417 32.5452064 32.57143523 32.35094993 31.99174906 33.04876663 34.15337757 34.41663607 32.14453683 33.40848943 34.72302626 36.0195382 37.24395055 38.46836291 39.69277526 40.91718762 42.61880494 44.52493868 45.75603153 47.2134208 51.38251873 55.55161666 59.7207146 63.88981253 66.02512609 66.80458341 66.92383179 66.87802794 66.83222408 66.78642023 67.1384969 68.41896147 69.69942604 70.97989061 72.26035518 73.75414178 75.30125889 
63.05723887 61.47856555 58.98796033 56.49735512 54.00674991 51.51614469 49.02553948 46.76099309 44.59332906 42.42566503 40.258001 38.09033696 36.22167403 35.19439572 34.45239299 33.78009277 33.10779256 32.43549234 31.76319213 31.16740574 31.26024381 31.35308187 31.44591994 31.538758 31.63159607 31.41415123 31.15107284 31.63548507 32.1198973 32.14612613 31.92564083 31.70515553 29.91146397 31.01607491 32.12068585 31.13690753 32.44224723 33.75678406 35.053296 36.27770836 37.50212071 38.72653307 39.95094542 41.17535778 42.94514724 44.17624009 48.34533802 52.51443595 56.68353388 60.85263182 65.02172975 67.15704331 67.35881781 67.31301396 67.2672101 67.22140625 67.1756024 67.52767907 68.80814364 70.08860821 71.36907278 72.64953734 73.93000191 75.45045377 
63.33594175 60.84533654 58.35473132 55.86412611 53.3735209 50.88291568 48.39231047 46.12776408 43.96010005 41.79243602 39.62477199 37.45710795 35.28944392 33.71992542 33.0476252 32.37532499 31.70302477 31.03072456 30.35842434 29.76263795 29.85547602 29.94831408 30.04115215 30.13399022 30.22682828 30.31966635 30.72576374 31.21017597 31.6945882 31.72081704 31.50033174 31.27984644 26.77416132 27.87877226 28.9833832 30.1614682 31.47600503 32.79054187 34.08705381 35.31146616 36.53587852 37.76029087 38.98470323 40.20911558 41.43352794 45.30815731 49.47725524 53.64635317 57.81545111 61.98454904 66.15364697 67.79380383 67.74799998 67.70219612 67.65639227 67.61058842 67.56478456 67.91686124 69.1973258 70.47779037 71.75825494 73.03871951 74.31918408 75.59964865 
63.47961879 60.9055023 58.41489709 55.92429187 53.43368666 50.94308144 48.45247623 46.13693884 43.9692748 41.80161077 39.63394674 37.46628271 35.29861868 33.72910017 33.05679995 32.38449974 31.71219952 31.03989931 30.36759909 29.81768177 29.91051983 30.0033579 30.09619596 30.18903403 30.28187209 30.31706096 30.6411141 31.12552633 31.60993856 31.6361674 31.4156821 31.1951968 26.85742479 27.96203573 29.06664667 30.29544515 31.60998199 32.92451882 34.22103076 35.44544311 36.66985547 37.89426782 39.11868018 40.34309253 41.57389597 44.01420517 48.1833031 52.35240103 56.52149896 60.69059689 64.85969483 67.82084105 67.77503719 67.72923334 67.68342949 67.63762563 67.59182178 67.94389845 69.22436302 70.50482759 71.78529216 73.06575673 74.3462213 75.07655903 
63.62329583 60.96566806 58.47506285 55.98445763 53.49385242 51.0032472 48.51264199 46.16877626 43.97844956 41.81078553 39.64312149 37.47545746 35.30779343 33.73827492 33.06597471 32.39367449 31.72137428 31.04907406 30.37677385 29.87272558 29.96556364 30.05840171 30.15123978 30.24407784 30.33691591 30.26833623 30.55646447 31.0408767 31.52528892 31.55151776 31.33103246 31.11054716 26.94068826 28.0452992 29.14991014 30.33190306 31.74395894 33.05849577 34.35500771 35.57942007 36.80383242 38.02824478 39.25265713 40.47706949 41.71609003 42.72025302 46.88935095 51.05844889 55.22754682 59.39664475 63.56574268 66.96721869 67.80207441 67.75627056 67.7104667 67.66466285 67.618859 67.97093567 69.25140024 70.53186481 71.81232938 73.09279394 74.37325851 74.55346942 
63.76697287 61.09078704 58.53522861 56.04462339 53.55401818 51.06341296 48.57280775 46.22894202 43.98762431 41.81996028 39.65229625 37.48463221 35.31696818 33.74744968 33.07514946 32.40284925 31.73054903 31.05824882 30.43181766 29.92776939 30.02060746 30.11344552 30.20628359 30.29912165 30.3573702 30.21961149 30.47181483 30.95622706 31.44063929 31.46686812 31.24638282 31.03738744 27.02395173 28.12856267 29.23317361 30.24646217 31.87793589 33.19247273 34.48898467 35.71339702 36.93780938 38.16222173 39.38663409 40.6156115 41.85828409 42.86244708 45.59539881 49.76449674 53.93359467 58.10269261 62.27179054 65.67326655 67.82911163 67.78330778 67.73750392 67.69170007 67.64589621 67.99797289 69.27843746 70.55890202 71.83936659 73.11983116 73.97241931 74.03037981 
63.91064991 61.23446408 58.59539437 56.10478915 53.61418394 51.12357872 48.63297351 46.28910778 44.0081304 41.82913503 39.661471 37.49380697 35.32614294 33.75662443 33.08432422 32.412024 31.73972379 31.06742357 30.48686147 29.98281321 30.07565127 30.16848934 30.2613274 30.35416547 30.30864546 30.17088675 30.40313181 30.87157742 31.35598965 31.38221848 31.16173318 30.96751055 27.1072152 28.21182614 29.1831398 30.16102128 32.01191285 33.32644968 34.62296162 35.84737397 37.07178633 38.29619868 39.52061104 40.75780556 42.00047815 43.00464114 44.30144666 48.4705446 52.63964253 56.80874046 60.97783839 64.3793144 67.26904246 67.81034499 67.76454114 67.71873728 67.67293343 68.0250101 69.30547467 70.58593924 71.86640381 73.14686838 73.44932969 73.5072902 
64.05432695 61.37814111 58.70195528 56.16495491 53.6743497 51.18374449 48.69313927 46.34927354 44.06829616 41.83830979 39.67064575 37.50298172 35.33531769 33.76579918 33.09349897 32.42119875 31.74889854 31.11227426 30.54190529 30.03785702 30.13069508 30.22353315 30.31637121 30.39767944 30.25992073 30.12216201 30.35440707 30.78692778 31.27134001 31.29756884 31.07708354 30.89763367 27.19047867 28.29508961 29.09769891 30.07558039 32.1458898 33.46042664 34.75693857 35.98135093 37.20576328 38.43017564 39.65732703 40.89999962 42.14267221 43.1468352 44.12449712 47.17659245 51.34569038 55.51478832 59.68388625 63.08536226 65.97509032 67.83738221 67.79157836 67.7457745 67.69997065 68.05204732 69.33251189 70.61297646 71.89344103 72.86827958 72.92624008 72.98420058 
64.19800399 61.52181815 58.84563232 56.22512067 53.73451546 51.24391025 48.75330503 46.4094393 44.12846192 41.84748454 39.67982051 37.51215648 35.34449244 33.77497394 33.10267372 32.43037351 31.75807329 31.16731807 30.5969491 30.09290083 30.1857389 30.27857696 30.37141503 30.3489547 30.21119599 30.07343727 30.30568233 30.70227814 31.18669037 31.2129192 30.9924339 30.82775678 27.27374214 28.37835308 29.01225802 29.9901395 32.27986675 33.59440359 34.89091553 36.11532788 37.33974024 38.56415259 39.79952109 41.04219368 42.28486626 43.28902926 44.26669118 45.88264031 50.05173824 54.22083617 58.38993411 61.79141011 64.68113817 67.57086624 67.81861557 67.77281172 67.72700787 68.07908454 69.35954911 70.64001368 71.92047824 72.34518997 72.40315047 72.46111097 
64.34168102 61.66549519 58.98930936 56.31312353 53.79468122 51.30407601 48.81347079 46.46960506 44.18862768 41.9076503 39.68899526 37.52133123 35.3536672 33.78414869 33.11184848 32.43954826 31.79273086 31.22236189 30.65199291 30.14794464 30.24078271 30.33362078 30.42645884 30.30022997 30.16247125 30.02471254 30.2569576 30.6176285 31.10204073 31.12826957 30.91270852 30.75787989 27.35700561 28.46161655 28.92681713 29.9046986 32.19442586 33.72838054 35.02489248 36.24930484 37.47371719 38.69904256 39.94171515 41.18438773 42.42706032 43.43122331 44.40888524 45.38654717 48.7577861 52.92688403 57.09598196 60.49745797 63.38718603 66.27691409 67.84565279 67.79984894 67.75404508 68.10612176 69.38658632 70.66705089 71.76413985 71.82210035 71.88006086 71.93802136 
64.48535806 61.80917223 59.1329864 56.45680057 53.85484698 51.36424177 48.87363655 46.52977082 44.24879344 41.96781606 39.69817002 37.53050598 35.36284195 33.79332345 33.12102323 32.44872302 31.84777467 31.2774057 30.70703673 30.20298846 30.29582652 30.38866459 30.38926394 30.25150523 30.11374651 29.9759878 30.20823286 30.53297886 31.01739109 31.04361993 30.84283163 30.68800301 27.44026908 28.54488002 28.84137624 29.81925771 32.10898497 33.8623575 35.15886943 36.38328179 37.60769414 38.84123662 40.0839092 41.32658179 42.56925438 43.57341737 44.5510793 45.52874122 47.46383395 51.63293188 55.80202982 59.20350583 62.09323389 64.98296195 67.87269001 67.82688615 67.7810823 68.13315897 69.41362354 70.69408811 71.24105024 71.29901074 71.35697124 71.41493174 
64.6290351 61.95284927 59.27666344 56.6004776 53.92429177 51.42440753 48.93380231 46.58993658 44.3089592 42.02798182 39.74700444 37.53968074 35.37201671 33.8024982 33.13019798 32.47318746 31.90281848 31.33244951 30.76208054 30.25803227 30.35087034 30.4437084 30.3405392 30.20278049 30.06502177 29.92726306 30.15950812 30.48425413 30.93274145 30.95897029 30.77295474 30.61812612 27.52353255 28.48443237 28.75593535 29.73381682 32.02354408 33.99633445 35.29284639 36.51725874 37.7416711 38.98343067 40.22610326 41.46877585 42.71144844 43.71561143 44.69327336 45.67093528 46.64859721 50.33897974 54.50807767 57.90955368 60.79928174 63.6890098 66.57873786 67.85392337 67.80811952 68.16019619 69.44066076 70.66000012 70.71796063 70.77592113 70.83388163 70.89184213 
64.77271214 62.09652631 59.42034048 56.74415464 54.06796881 51.48457329 48.99396807 46.65010234 44.36912496 42.08814758 39.8071702 37.54885549 35.38119146 33.81167295 33.13937274 32.52823127 31.9578623 31.38749332 30.81712435 30.31307608 30.40591415 30.42957318 30.29181447 30.15405575 30.01629704 29.87853832 30.11078338 30.43552939 30.84809182 30.87432065 30.70307786 30.54824923 27.60679602 28.39899148 28.67049445 29.64837593 31.93810319 34.1303114 35.42682334 36.6512357 37.88295214 39.12562473 40.36829732 41.61096991 42.8536425 43.85780549 44.83546742 45.81312934 46.79079127 49.0450276 53.21412553 56.61560154 59.5053296 62.39505766 65.28478572 67.88096059 67.83515673 68.18723341 69.46769798 70.13691051 70.19487101 70.25283151 70.31079202 70.36875252 
64.91638918 62.24020335 59.56401751 56.88783168 54.21164585 51.54473905 49.05413383 46.7102681 44.42929072 42.14831334 39.86733596 37.58635858 35.39036621 33.82084771 33.15364405 32.58327508 32.01290611 31.44253714 30.87216816 30.3681199 30.46095796 30.38084844 30.24308973 30.10533101 29.9675723 29.82981358 30.06205864 30.38680465 30.76344218 30.78967101 30.63320097 30.47837235 27.69005949 28.31355058 28.58505356 29.56293504 31.8526623 34.14238955 35.56080029 36.78521265 38.0251462 39.26781879 40.51049138 41.75316397 42.99583656 43.99999955 44.97766148 45.9553234 46.93298533 47.91064725 51.92017338 55.32164939 58.21137745 61.10110551 63.99083357 66.88056164 67.86219395 68.21427062 69.49473519 69.6138209 69.6717814 69.7297419 69.7877024 69.84566291 
65.06006622 62.38388039 59.70769455 57.03150872 54.35532289 51.67913706 49.11429959 46.77043386 44.48945648 42.2084791 39.92750172 37.64652434 35.39954097 33.83002246 33.20868787 32.6383189 32.06794992 31.49758095 30.92721198 30.42316371 30.46988242 30.3321237 30.19436499 30.05660627 29.91884756 29.78108884 30.01333391 30.33807991 30.67879254 30.71815271 30.56332408 30.40849546 27.77332296 28.22810969 28.49961267 29.47749415 31.7672214 34.05694866 35.69477725 36.92466767 38.16734026 39.41001285 40.65268544 41.89535803 43.13803062 44.14219361 45.11985553 46.09751746 47.07517939 48.05284131 50.62622124 54.02769725 56.91742531 59.80715337 62.69688143 65.58660949 67.88923117 68.24130784 69.03277078 69.09073129 69.14869179 69.20665229 69.26461279 69.32257329 
65.20374326 62.52755743 59.85137159 57.17518576 54.49899993 51.8228141 49.17446536 46.83059962 44.54962224 42.26864486 39.98766748 37.7066901 35.42571272 33.83919722 33.26373168 32.69336271 32.12299374 31.55262476 30.98225579 30.47820752 30.42115768 30.28339897 30.14564025 30.00788154 29.87012282 29.73236411 29.96460917 30.28935517 30.61410118 30.64827582 30.4934472 30.33861857 27.85658643 28.1426688 28.41417178 29.39205325 31.68178051 33.97150777 35.8287542 37.06686173 38.30953432 39.55220691 40.7948795 42.03755209 43.28022468 44.28438767 45.26204959 46.23971152 47.21737344 48.19503537 49.3322691 52.7337451 55.62347317 58.51320123 61.40292929 64.29265735 67.18238541 68.26834506 68.50968117 68.56764167 68.62560217 68.68356268 68.74152318 68.79948368 
65.3474203 62.67123446 59.99504863 57.3188628 54.64267697 51.96649113 49.2903053 46.89076539 44.609788 42.32881062 40.04783324 37.76685586 35.48587848 33.88914447 33.31877549 32.74840652 32.17803755 31.60766858 31.0372996 30.51019166 30.37243294 30.23467423 30.09691551 29.9591568 29.82139808 29.68363937 29.91588443 30.24063043 30.56537644 30.57839894 30.42357031 30.26874169 27.78572493 28.05722791 28.32873089 29.30661236 31.59633962 33.88606688 35.9663832 37.20905579 38.45172838 39.69440097 40.93707356 42.17974615 43.42241873 44.42658173 45.40424365 46.38190558 47.3595675 48.33722943 49.31489135 51.43979296 54.32952102 57.21924908 60.10897714 62.9987052 65.88843326 67.92863106 67.98659156 68.04455206 68.10251256 68.16047306 68.21843356 68.27639407 
65.5149846 62.6335032 59.95731737 57.28113154 54.6049457 51.92875987 49.25257404 46.85303412 44.57205674 42.29107936 40.01010198 37.7291246 35.44814722 34.02773802 33.4484347 32.87806573 32.30769675 31.73732778 31.16695881 30.63985086 30.50209215 30.36433343 30.22657472 30.088816 29.95105729 29.6908324 29.85355055 30.17829656 30.50304256 30.51606506 30.36123644 30.20640781 28.08956856 28.40012434 28.67162732 29.64950879 31.93923605 34.22896331 35.93020528 37.17287787 38.41555045 39.65822304 40.90089563 42.14356822 43.48516265 44.51758903 45.49525095 46.47291288 47.4505748 48.42823673 49.41522984 51.61478095 54.50450901 57.39423707 60.28396513 63.17369319 66.06342125 67.51691387 67.67132026 67.72928076 67.78724127 67.84520177 67.90316227 67.96112277 
65.6825489 62.59577194 59.9195861 57.24340027 54.56721444 51.89102861 49.21484277 46.81530286 44.53432548 42.2533481 39.97237072 37.69139334 35.5756157 34.23780638 33.5780939 33.00772493 32.43735596 31.86698699 31.29661801 30.76951007 30.63175135 30.49399264 30.35623392 30.21847521 30.08071649 29.6000525 29.79121668 30.11596268 30.44070869 30.45373118 30.29890256 30.14407394 27.98056832 28.74302077 29.01452374 29.99240522 32.28213248 34.57185974 35.89402735 37.13669994 38.37937253 39.62204512 40.86471771 42.10739029 43.57616995 44.60859633 45.58625825 46.56392018 47.5415821 48.51924403 49.59021783 51.78976893 54.67949699 57.56922505 60.45895312 63.34868118 65.8919217 66.91230491 67.35604897 67.41400947 67.47196997 67.52993047 67.58789097 67.64585148 
65.85011321 62.717715 59.88185484 57.20566901 54.52948318 51.85329734 49.17711151 46.7775716 44.49659421 42.21561683 39.93463945 37.65366207 35.78568406 34.44787474 33.70775311 33.13738414 32.56701516 31.99664619 31.42627722 30.89916927 30.76141056 30.62365184 30.48589313 30.34813441 30.13689599 29.50927259 29.7288828 30.05362881 30.37837481 30.39139731 30.23656868 30.09527311 27.87156808 29.08591719 29.35742017 30.33530165 32.62502891 34.91475616 35.85784943 37.10052201 38.3431946 39.58586719 40.82853978 42.14187083 43.66717725 44.69960363 45.67726555 46.65492748 47.6325894 48.61025133 49.76520581 51.96475692 54.85448498 57.74421304 60.6339411 63.52366916 65.28731274 66.30769594 67.00862904 67.09873817 67.15669868 67.21465918 67.27261968 67.33058018 
66.01767751 62.88527931 59.84412358 57.16793775 54.49175191 51.81556608 49.13938025 46.73984033 44.45886295 42.17788557 39.89690819 37.72606398 35.99575242 34.6579431 33.90888712 33.26704334 32.69667437 32.1263054 31.55593642 31.02882848 30.89106976 30.75331105 30.61555233 30.47779362 30.04611609 29.41849268 29.65390625 29.99129493 30.31604094 30.32906343 30.17423481 30.05033886 27.76256785 29.42881362 29.7003166 30.67819808 32.96792533 35.0891751 35.8216715 37.06434409 38.30701668 39.54968927 40.79236185 42.23287813 43.75818455 44.79061093 45.76827285 46.74593478 47.7235967 48.77590813 49.9401938 52.13974491 55.02947297 57.91920103 60.80892909 63.52541338 64.68270378 65.70308698 66.40402008 66.78346688 66.84142738 66.89938788 66.95734838 67.01530889 
66.18524182 63.05284361 59.92044541 57.13020648 54.45402065 51.77783482 49.10164898 46.70210907 44.42113169 42.14015431 39.85917693 37.93613233 36.20582078 34.86801145 34.11895547 33.39670255 32.82633357 32.2559646 31.68559563 31.15848768 31.02072897 30.88297025 30.74521154 30.58295959 29.95533618 29.32771278 29.56312634 29.92896106 30.25370706 30.26672956 30.11190093 30.00540462 27.65356761 29.77171005 30.04321303 31.02109451 33.31082176 35.05299718 35.78549357 37.02816616 38.27083875 39.51351134 40.798579 42.32388543 43.84919185 44.88161823 45.85928015 46.83694208 47.814604 48.95089611 50.11518179 52.31473289 55.20446095 58.09418901 60.98391708 62.92080442 64.07809481 65.09847802 65.79941111 66.46819558 66.52615608 66.58411659 66.64207709 66.70003759 
66.35280612 63.22040792 60.08800971 57.09247522 54.41628939 51.74010355 49.06391772 46.6643778 44.38340042 42.10242304 39.87651225 38.14620069 36.41588914 35.07807981 34.32902383 33.57996785 32.95599278 32.38562381 31.81525483 31.28814689 31.15038817 31.01262946 30.87487074 30.49217968 29.86455628 29.23693287 29.47234644 29.86662718 30.19137318 30.20439568 30.04956706 29.96047037 27.54456737 30.04765883 30.38610946 31.36399093 33.65371819 35.01681925 35.74931565 36.99198824 38.23466083 39.47733341 40.8895863 42.41489273 43.94019915 44.97262553 45.95028745 46.92794938 47.96159843 49.1258841 50.29016977 52.48972088 55.37944894 58.269177 61.15890506 62.31619545 63.47348585 64.49386905 65.19480215 65.89573525 66.21088479 66.26884529 66.32680579 66.38476629 
66.52037042 63.38797222 60.25557402 57.12317581 54.37855812 51.70237229 49.02618646 46.62664654 44.34566916 42.06469178 40.0865806 38.35626905 36.6259575 35.28814817 34.53909219 33.79003621 33.08565198 32.51528301 31.94491404 31.41780609 31.28004738 31.14228866 31.00452995 30.40139978 29.77377637 29.14615297 29.38156653 29.8042933 30.12903931 30.14206181 29.99303306 29.91553613 27.43556713 29.93865859 30.72900589 31.70688736 33.99661462 34.98064132 35.71313772 36.95581031 38.1984829 39.45528718 40.9805936 42.50590003 44.03120645 45.06363283 46.04129475 47.01895668 48.13658641 49.30087209 50.46515776 52.66470887 55.55443693 58.44416499 60.5542961 61.71158649 62.86887688 63.88926009 64.59019319 65.29112629 65.89561349 65.953574 66.0115345 66.069495 
66.68793473 63.55553652 60.42313832 57.29074011 54.34082686 51.66464103 48.98845519 46.58891528 44.3079379 42.02696052 40.29664896 38.56633741 36.83602585 35.49821653 34.74916055 34.00010457 33.25104859 32.64494222 32.07457324 31.5474653 31.40970658 31.27194787 30.93824328 30.31061987 29.68299647 29.05537306 29.29078662 29.74195943 30.06670543 30.07972793 29.94809881 29.87060189 27.32656689 29.82965835 31.07190232 32.04978379 34.33951105 34.9444634 35.6769598 36.91963239 38.16230497 39.54629448 41.0716009 42.59690733 44.12221375 45.15464013 46.13230205 47.14728873 48.3115744 49.47586007 50.64014575 52.83969685 55.72942491 58.61915297 59.94968713 61.10697753 62.26426792 63.28465113 63.98558422 64.68651732 65.38745042 65.6383027 65.6962632 65.7542237 
66.85549903 63.72310083 60.59070262 57.45830442 54.32590621 51.62690976 48.95072393 46.55118401 44.27020663 42.23702888 40.50671732 38.77640577 37.04609421 35.70828489 34.95922891 34.21017293 33.46111695 32.77460142 32.20423245 31.6771245 31.53936579 31.40160707 30.84746337 30.21983997 29.59221656 28.96459316 29.20000672 29.65117952 30.00437156 30.01739405 29.90316457 29.82566764 27.21756665 29.72065811 31.41479874 32.39268022 34.30333312 34.90828547 35.64078187 36.88345446 38.12612705 39.63730178 41.1626082 42.68791463 44.21322105 45.24564743 46.22330935 47.32227671 48.48656239 49.65084806 50.81513373 53.01468484 55.9044129 58.18778778 59.34507817 60.50236856 61.65965896 62.68004216 63.38097526 64.08190836 64.78284146 65.3230314 65.38099191 65.43895241 
67.02306334 63.89066513 60.75826693 57.62586872 54.49347052 51.5891785 48.91299267 46.51345275 44.23247537 42.44709723 40.71678568 38.98647412 37.25616257 35.91835325 35.16929727 34.42024129 33.67118531 32.92212933 32.33389165 31.80678371 31.66902499 31.38430687 30.75668347 30.12906006 29.50143666 28.87381325 29.10922681 29.56039962 29.94203768 29.95506018 29.85823033 29.7807334 27.10856642 29.61165787 31.75769517 32.73557665 34.2671552 34.87210755 35.60460395 36.84727653 38.20300266 39.72830908 41.2536155 42.77892193 44.30422835 45.33665473 46.33297903 47.4972647 48.66155037 49.82583605 50.99012172 53.18967283 56.07940089 57.58317881 58.74046921 59.8977596 61.05504999 62.0754332 62.7763663 63.47729939 64.17823249 64.87916559 65.06572061 65.12368111 
67.19062764 64.05822943 60.92583123 57.79343303 54.66103482 51.55144724 48.8752614 46.47572149 44.38747715 42.65716559 40.92685404 39.19654248 37.46623093 36.1284216 35.37936562 34.63030964 33.88125366 33.13219768 32.46355086 31.93644291 31.7986842 31.29352696 30.66590356 30.03828015 29.41065675 28.78303335 29.01844691 29.46961971 29.87970381 29.8927263 29.81329608 29.73579915 26.99956618 29.50265763 32.00574909 33.07847308 34.23097727 34.83592962 35.56842602 36.81109861 38.29400996 39.81931638 41.3446228 42.86992923 44.39523565 45.42766203 46.50796701 47.67225269 48.83653836 50.00082403 51.16510971 53.36466081 55.82127946 56.97856985 58.13586024 59.29315064 60.45044103 61.47082423 62.17175733 62.87269043 63.57362353 64.27455663 64.75044932 64.80840982 
67.35819194 64.22579374 61.09339553 57.96099733 54.82859913 51.69620092 48.83753014 46.43799022 44.5975455 42.86723395 41.1369224 39.40661084 37.67629929 36.33848996 35.58943398 34.840378 34.09132202 33.34226604 32.59321006 32.06610212 31.83037046 31.20274706 30.57512365 29.94750025 29.31987684 28.69225344 28.927667 29.37883981 29.81736993 29.84585877 29.76836184 29.69086491 26.89056594 29.3936574 31.89674885 33.42136951 34.19479935 34.7997517 35.5322481 36.85971083 38.38501726 39.91032368 41.4356301 42.96093653 44.48624295 45.51866933 46.682955 47.84724067 49.01152635 50.17581202 51.34009769 53.5396488 55.21667049 56.37396089 57.53125128 58.68854167 59.84583207 60.86621527 61.56714837 62.26808147 62.96901457 63.66994766 64.37088076 64.49313852 
67.52575625 64.39335804 61.26095984 58.12856163 54.99616343 51.86376523 48.79979888 46.53792542 44.80761386 43.07730231 41.34699075 39.6166792 37.88636765 36.54855832 35.79950234 35.05044636 34.30139038 33.5523344 32.80327842 32.19576132 31.73959056 31.11196715 30.48434375 29.85672034 29.22909694 28.60147353 28.8368871 29.2880599 29.7392327 29.80092452 29.72342759 29.64593066 26.7815657 29.28465716 31.78774861 33.55366907 34.15862142 34.76357377 35.49607017 36.95071813 38.47602456 40.00133098 41.5266374 43.05194383 44.57725025 45.69365731 46.85794299 48.02222866 49.18651433 50.35080001 51.51508568 53.45477114 54.61206153 55.76935192 56.92664232 58.08393271 59.2412231 60.26160631 60.96253941 61.6634725 62.3644056 63.0653387 63.7662718 64.17786723 
67.69332055 64.56092235 61.42852414 58.29612594 55.16372773 52.03132953 48.89893133 46.74799378 45.01768222 43.28737067 41.55705911 39.82674756 38.096436 36.75862668 36.0095707 35.26051472 34.51145874 33.76240276 33.01334678 32.27643406 31.64881065 31.02118725 30.39356384 29.76594044 29.13831703 28.51069363 28.74610719 29.19727999 29.6484528 29.75599028 29.67849335 29.60099642 26.67256546 29.17565692 31.67874838 33.51749114 34.1224435 34.72739585 35.51641901 37.04172543 38.56703186 40.09233828 41.6176447 43.14295113 44.66825755 45.8686453 47.03293097 48.19721665 49.36150232 50.52578799 51.69007367 52.85016217 54.00745257 55.16474296 56.32203335 57.47932375 58.63661414 59.65699734 60.35793044 61.05886354 61.75979664 62.46072974 63.16166283 63.86259593 
