1 1 1 1 1 1 1 1 1 1 1 1 1 1 1 1 1 1 1 1.104149647 2.145646116 3.187142586 4.228639055 5.270135525 6.311631994 7.353128463 9.525156134 11.9798166 14.43447708 16.9690189 19.54657376 22.12412861 12.16902619 17.68281459 23.19660299 27.44393436 29.33927412 31.23461387 33.22997544 35.62542426 38.02087308 40.4163219 42.81177072 45.20721953 47.60266835 48.48731729 49.20409958 49.92088187 50.63766416 51.35444645 52.07122874 52.73464444 53.36248243 53.99032042 54.61815841 55.24599639 55.87383438 56.35830831 56.50826609 56.65822387 56.80818165 56.95813944 57.10809722 57.258055 
0.9612231408 1.344719186 1.651516022 1.651516022 1.651516022 1.651516022 1.651516022 1.651516022 1.651516022 1.651516022 1.651516022 2.482545141 6.637690737 10.12466555 12.60938418 14.71978578 16.58064269 18.44149961 20.30235652 22.23094545 24.76912247 27.35634077 30.05798872 32.75963668 35.46128463 38.16293258 40.93346714 43.72122334 44.66564749 46.12495238 48.67359809 53.41641361 45.68871818 49.0500549 53.56224871 58.12605239 62.785703 67.47971989 72.14470524 75.45637801 78.76805078 82.07972356 85.39139633 90.18875308 95.62283153 99.90635827 103.8582312 105.9757711 108.093311 110.210851 112.3283909 113.454252 113.9189939 114.3837357 114.8484776 115.6441424 119.4181141 122.6180612 124.4786174 126.3391736 128.1997297 130.0602859 133.5643448 137.4792794 
1.567036155 4.590012204 4.97350825 5.357004295 5.74050034 6.123996385 6.50749243 8.906379853 12.88302165 17.03816724 21.19331284 25.34845843 29.50360403 32.99057884 35.47529747 37.9600161 40.44473473 42.92945336 45.414172 48.37132503 50.90950205 53.44767907 55.98585609 58.52403311 61.06221013 62.96744794 63.30508864 62.74133202 62.1775754 67.80627281 75.84034306 83.87441332 84.03391883 86.7047413 89.37556377 93.39391963 98.43723426 103.4405477 108.5094708 113.8716475 119.3057259 124.7398044 130.1738828 135.6079613 141.0420397 145.3255665 149.4812541 153.6369418 157.7926295 161.9483171 166.3151751 170.7987874 174.766768 178.5407397 182.3147114 186.0886831 189.8626548 193.8829579 198.2059776 202.1209122 206.0358468 209.9507814 213.865716 217.7806506 
12.01888429 16.34346519 20.66804608 24.99262697 29.31720786 33.13762411 36.45387571 39.7325898 42.99521639 46.91683072 50.91166591 54.9065011 58.90133629 62.64417022 66.00900227 69.37383432 72.73866637 76.10349842 79.14331696 82.0100501 83.64402825 85.4626029 87.71190274 89.96120258 92.21050242 94.45980225 93.09550467 90.82780773 90.06176175 96.31806125 105.7525318 115.2064939 116.6145615 120.5365456 124.9340975 129.68367 135.0836879 140.4796637 145.8627166 151.1940782 156.8308765 162.92583 169.0207835 175.115737 181.2106905 185.9404113 190.570279 195.666701 200.7631231 205.8595451 210.9559672 215.6471766 220.0682444 224.4893121 228.9103798 233.3314076 237.7520758 242.2250664 246.8201429 251.4181896 256.0192064 260.6202233 265.2212401 269.822257 
32.68542175 37.01000264 41.33458353 46.44069378 51.80731381 57.17393385 62.54055388 66.43937673 69.70914364 72.97891055 76.24867746 79.98973876 83.98457395 87.72740788 91.09223993 94.02574886 94.51509348 95.00443809 95.49378271 96.30475102 100.0103326 103.7159141 107.4214957 111.0542632 113.303563 115.5528629 114.1885653 114.6260161 116.3659454 123.4176037 133.3294239 142.9550827 144.7421169 149.9814169 154.9155832 159.7690884 165.4693643 171.0707426 176.6930642 183.2207694 189.7484746 196.2761797 202.7389721 208.8339256 214.9288791 220.6420042 226.3127038 231.9834035 237.6541031 242.8366668 247.9330888 252.6242983 257.045366 261.7318266 266.9111597 272.0904928 277.2698259 282.3971369 287.4030632 292.4089895 297.4149157 302.3196147 306.9206315 311.5216484 
56.89222613 62.25884616 67.6254662 72.99208623 77.74722601 81.5851454 85.42306479 88.42771343 91.07524605 93.72277866 96.99254557 100.2623125 103.5320794 106.2971968 108.30534 110.3134831 111.2584673 111.7478119 112.2371566 113.0481249 116.7537064 120.459288 124.1648696 127.5390788 130.5819156 133.6247524 136.6016866 139.012907 140.7528363 147.8044947 157.7163148 167.1316525 169.2727514 174.5120514 179.9243191 185.8161123 192.3511376 198.0514134 203.9171751 210.4448803 216.9725855 223.5002906 230.2733186 237.2098951 244.1464716 250.3667724 256.507487 262.5541986 268.2248983 273.8955979 279.5662976 284.9421773 290.1215104 295.3008434 300.4801765 306.0714773 311.662778 317.1174685 322.2534019 327.3893352 332.4472643 337.4531906 342.4591169 347.4650432 
78.80058655 82.63850594 86.47642533 90.31434473 94.15226412 97.99018351 101.169371 102.4552297 105.1027623 107.7502949 110.3978276 113.0453602 115.6928928 118.8338192 121.3570027 123.3651459 125.3732891 127.3814323 129.3895754 131.8325219 136.7805287 139.8233655 142.8662023 145.9090392 148.951876 151.9947128 154.971647 157.9321056 160.8925642 168.6216255 177.9493487 187.2770719 190.1810291 195.7264665 201.271904 207.6287038 214.1637292 220.6987545 227.8656784 235.3524768 242.2890533 249.2256298 256.1622063 263.0987828 270.0353594 276.2556601 282.3963747 288.5370893 294.6778039 300.8185185 306.9323848 312.8363687 318.4441657 324.0354664 329.6267672 335.2180679 340.8093687 346.2640592 351.3999925 356.5359259 361.6718592 366.8077926 371.9437259 377.3622125 
88.63752779 92.47544718 96.31336657 100.151286 102.4960797 104.5773806 106.6586815 107.9003994 108.7822959 109.6641924 111.5171888 114.1647214 116.812254 119.9531805 123.8341976 127.7152148 131.1280135 133.1361567 135.1442998 137.5872463 143.9434223 150.2995983 156.6557743 159.8642781 162.9071149 165.9499517 168.9268859 172.3700971 177.4761228 185.1447369 194.2141504 203.5418736 207.4907552 213.0361926 219.7565852 226.6434544 233.1784797 240.4481267 248.0534538 256.1483922 264.2433305 272.2803508 279.2169273 286.1535038 293.0900803 299.3103811 305.4510957 311.5918103 317.6593022 323.7023865 329.7454708 335.6494547 341.4607051 347.2719556 352.9842286 358.5755294 364.1668301 369.6215206 374.757454 379.8933873 385.0921103 390.6466409 396.2011716 401.7557023 
98.47446902 101.7414874 103.8227883 105.9040893 107.9853902 110.0666911 112.1479921 113.3897099 114.2716065 115.153503 116.0353995 116.917296 117.9316153 121.0725417 124.9535589 128.8345761 132.7155932 136.5966104 140.4776276 143.3419707 149.6981467 156.0543227 162.4104987 168.7666747 175.1228507 179.9051906 183.8744496 188.9804753 194.086501 201.7551151 210.8035846 219.852054 224.8004813 231.6950122 238.7713357 245.6700537 253.1529779 260.6359022 268.2412292 276.3361676 284.4311059 292.5260443 300.6209827 308.715921 316.1448013 322.3431353 328.3862196 334.4293039 340.4723882 346.5154725 352.5585568 358.4625407 364.2737911 370.0850416 375.896292 381.7075424 387.5187928 392.9789821 398.3765388 403.9310694 409.4856001 415.0401307 420.5946614 426.1491921 
105.2938927 106.388224 108.272131 110.3534319 112.4347329 114.5160338 116.5973347 118.4696061 119.8018981 120.6837946 121.5656911 122.4475876 123.3294842 125.411029 129.2920461 133.1730633 137.0540805 140.9350977 145.3581557 151.1128111 157.4689871 163.8251632 170.1813392 176.5375152 182.8936912 190.5408908 196.7244191 201.8304448 206.9364705 214.6050846 223.6535541 232.565898 238.2817363 246.7305696 253.8068932 262.5539754 271.1286486 278.6115728 286.2168999 294.3118382 302.4067766 310.5017149 318.5966533 326.8573417 336.6097806 340.6175971 345.8586137 351.9016979 357.9447822 363.9878665 370.0309508 375.9349348 381.7461852 387.5574356 393.3686861 399.1799365 405.0718944 411.6098543 419.2365897 424.7911204 430.345651 435.9001817 441.4547123 447.009243 
110.9817472 112.0760785 113.1704099 114.4127867 116.4940876 118.5753885 120.6566895 122.5289609 124.3116482 126.0943355 127.1113506 127.9932472 128.8751437 130.9566885 134.8377057 138.7187228 142.59974 148.1972198 153.8850396 159.6396951 165.9958711 172.3520471 178.7082231 185.9035645 193.5507641 201.1979637 207.571248 213.270261 218.3762867 226.0449009 235.0933703 242.8826786 248.9544245 259.8969727 267.3502532 276.0973355 287.9472552 295.7577041 303.3630312 311.4579696 319.5529079 327.6478463 336.98591 346.7383489 356.4907878 360.4986043 363.8681295 367.3713326 373.4144168 379.4575011 385.5005854 391.4045694 397.2158198 403.0270703 408.8625329 414.8351984 420.8078638 427.3458237 435.2028041 443.0597844 449.8806624 455.4351931 460.9897237 466.5442544 
116.6696017 117.7639331 118.8582644 119.9525958 121.0469271 122.6347432 124.7160442 126.5883156 128.3710029 130.1536902 131.9363775 133.5389067 134.4208032 136.502348 140.3833652 145.348464 151.0362839 156.7241037 162.4119236 168.1665791 174.5227551 181.2662382 188.9134378 196.5606374 204.2078371 211.8550367 218.2283209 224.2831264 229.8161029 237.4847171 245.5122451 253.1994593 259.6271128 270.569661 280.8936132 289.6406955 301.4906153 312.9038355 320.5091626 328.6041009 337.3620395 347.1144784 356.8669172 366.6193561 376.371795 380.3796115 383.7491367 387.1186618 390.4881869 394.9271357 400.97022 406.874204 412.6854544 418.6258369 424.5985023 430.5711677 436.5438332 443.0817931 450.9387734 458.7957538 466.6527342 474.5097145 480.5247351 486.0792658 
122.3574563 123.4517876 124.546119 125.6404503 126.7347817 127.829113 128.9234443 130.6476703 132.4303576 134.2130449 135.9957322 137.7784196 139.5611069 142.4997082 148.1875281 153.8753479 159.5631678 165.2509877 170.9388076 176.6934631 184.2761115 191.9233111 199.5705108 207.2177104 214.86491 222.5121096 228.8853939 234.9401993 240.9950047 248.1418115 255.8290257 263.5162399 270.299801 281.2423492 292.1848974 303.1840555 315.0339753 326.8838951 337.7381689 347.4906078 357.2430467 366.9954856 376.7479244 386.5003633 396.2528022 400.2606187 403.6301439 406.999669 410.3691942 413.7387193 417.1082444 422.4164754 428.3891408 434.3618062 440.3344717 446.3071371 452.2798025 458.8177624 466.6747428 474.5317232 482.3887035 490.2456839 498.1026643 505.6142772 
117.4526659 118.5469972 119.6413286 120.7356599 121.8299913 122.9243226 124.3322201 126.0651837 127.847871 129.6305584 131.4132457 133.195933 135.2317546 138.750822 144.0237151 149.711535 155.3993549 161.0871748 166.7749947 172.821076 181.7668635 189.4140631 197.0612628 204.7084624 212.355662 220.0028616 226.3761459 232.4309513 238.979756 251.0848933 258.7721075 266.4593217 273.5055603 284.4481085 295.3906567 307.228743 319.0786628 330.9285826 343.3623823 355.7452612 365.4977001 375.2501389 385.0025778 394.7550167 404.5074556 408.5152721 411.8847972 415.2543224 418.6238475 421.9933727 428.6649744 436.2380449 442.2107103 448.1833758 454.1560412 460.1287066 466.7890875 475.7340516 483.591032 491.4480124 499.3049927 507.1619731 515.0189535 523.1955682 
111.488611 112.5829423 113.6772737 114.771605 115.8659364 117.2686078 118.8855494 120.618513 122.4012004 124.1838877 125.966575 127.9939587 130.6204269 134.1394943 138.9974607 144.2786524 149.9664723 155.6542922 161.342112 167.3881934 176.6586279 185.588183 193.2353827 200.8825823 208.5297819 216.1769815 222.5502658 228.6050712 237.5991723 251.1533179 260.9778194 268.6650336 275.9646267 286.9071749 298.135848 310.3235633 322.1734831 334.1045454 346.7342065 360.2444169 372.589718 382.3421569 392.0945958 401.8470347 411.5994736 415.6072901 418.9768152 422.3463404 425.7158655 432.3214257 442.2951039 449.8681745 455.8408399 461.8135053 467.7861708 474.4121659 483.8234087 492.7683728 500.6253532 508.4823336 516.3393139 524.1962943 532.3693575 540.5814872 
105.5245561 106.6188875 107.7132188 108.8075501 110.2049954 111.8219371 113.4388787 115.1718423 116.9545297 118.737217 120.7561629 123.3826311 126.0090992 129.5281666 134.386133 139.2440994 144.5335896 150.2214095 155.9092294 161.9553107 171.2257452 180.4961797 189.4095026 197.0567022 204.7039018 212.3511014 218.7243857 225.2237905 236.2185886 249.7727342 263.1835313 270.8707455 278.4236931 289.3662413 301.2306683 313.4183836 325.2683034 337.4763697 350.1060308 363.6162411 377.1264514 389.4341749 399.1866138 408.9390527 418.6914916 422.6993081 426.0688332 429.4383584 435.977877 445.9515552 455.9252335 463.498304 469.4709695 475.4436349 482.0352442 491.4464871 500.8577299 509.802694 517.6596744 525.5166548 533.3736351 541.5431469 549.7552765 557.9674061 
99.56050122 100.6548326 101.7491639 103.1413831 104.7583247 106.3752664 107.992208 109.7251716 111.507859 113.5183671 116.1448352 118.7713034 121.3977715 124.916839 129.7748054 134.6327718 139.4907382 144.7885269 150.4763468 156.5224281 165.7928626 175.0632971 184.3337316 193.2308221 200.8780217 208.5252213 214.8985056 223.8432067 234.8380048 248.3921505 263.3244063 273.0764574 280.8827594 291.9558834 304.3254886 316.5132039 328.4386702 340.8481939 353.477855 366.9880653 380.4982757 394.008486 406.2786318 416.0310707 425.7835096 429.7913261 433.1608512 439.6343283 449.6080066 459.5816848 469.555363 477.1284336 483.101099 489.6583226 499.0695654 508.4808083 517.8920511 526.8370152 534.6939956 542.550976 550.7169362 558.9290658 567.1411955 575.3533251 
93.59644632 94.69077767 96.07777077 97.69471241 99.31165405 100.9285957 102.5455373 104.2785009 106.2805713 108.9070394 111.5335076 114.1599757 116.7864438 120.3055113 125.1634777 130.0214441 134.8794105 139.7373769 145.0434642 151.0895455 160.35998 169.6304145 178.900849 188.1712835 197.0521416 204.6993412 211.4678249 222.462623 233.4574211 247.0115668 261.9438226 275.2821692 283.3418258 295.0507036 307.4203088 319.6080241 331.8104944 344.2200182 356.8496792 370.3598896 383.8700999 397.3803103 410.8905206 423.1230887 432.8755276 436.8833441 443.2907796 453.2644579 463.2381361 473.2118143 483.1854926 490.7585631 497.281401 506.6926438 516.1038866 525.5151295 534.9263723 543.8713364 551.7283168 559.8907255 568.1028552 576.3149848 584.5271144 592.7392441 
87.63239143 89.01415844 90.63110008 92.24804172 93.86498336 95.481925 97.09886664 99.04277546 101.6692436 104.2957117 106.9221799 109.548648 112.1751161 115.6941836 120.55215 125.4101164 130.2680828 135.1260492 139.9840156 145.6566629 154.9270974 164.1975319 173.4679664 182.7384009 192.0088354 200.8734611 210.0872412 221.0820393 232.0768374 245.630983 260.5632389 275.4954947 285.8008922 298.1455239 310.5151291 322.7727949 335.1823187 347.5918424 360.2215035 373.7317138 387.2419242 400.7521345 414.2623449 427.7725552 439.9675455 446.947231 456.9209092 466.8945874 476.8682657 486.8419439 496.8156221 504.9044793 514.3157221 523.726965 533.1382078 542.5494507 551.9606935 560.9056576 569.0645149 577.2766445 585.4887741 593.7009038 601.9130334 610.125163 
77.61868543 78.50162382 80.11856546 81.7355071 83.35244874 84.96939038 86.58633202 87.35250417 89.97897231 92.60544045 95.23190858 97.85837672 100.4848449 104.0039123 108.8618787 113.7198451 118.5778115 123.4357779 128.2937443 131.224415 140.4948495 149.765284 159.0357185 168.306153 177.5765875 183.5346704 191.8535939 202.848392 213.8431901 225.4565675 240.3888233 255.3210792 272.0717492 284.3349254 296.7045306 310.7323303 323.1418541 335.5513779 348.1810389 361.6912493 375.2014596 388.71167 402.2218803 415.7320906 431.0002137 446.221419 456.1950973 466.1687755 476.1424537 486.116132 496.0898102 505.7260272 515.1372701 524.5485129 533.9597557 543.3709986 552.7822414 565.035069 573.2471986 581.4593282 589.6714579 597.8835875 606.0957172 617.1347562 
64.23027018 64.48794653 65.38447757 67.00141921 68.61836085 70.23530249 71.85224413 72.15695316 72.38958135 75.01604949 77.64251763 80.26898577 82.8954539 86.41452135 91.27248775 96.13045415 100.9884206 105.846387 107.9410538 109.2926962 118.5631307 127.8335652 137.1039997 146.3744342 152.4299392 151.958163 159.575727 170.5705251 181.5653232 190.447249 204.5528813 219.4851371 244.990787 256.4364778 268.806083 283.32106 298.2578155 310.6673393 323.2970003 336.8072107 350.317421 363.8276314 377.3378417 392.5660123 410.0714789 428.2889163 443.5060008 453.479679 463.4533573 473.4270355 483.4007137 493.0369307 502.4481736 511.8594164 521.2706593 530.6819021 545.0136903 558.2150567 566.4271864 574.639316 582.8514456 591.0635753 602.0502641 615.4974111 
50.84185492 51.09953128 51.35720764 52.26733133 53.88427297 55.50121461 57.11815625 57.42286528 57.1651889 57.42665853 60.05312667 62.67959481 65.30606295 68.82513039 73.68309679 78.54106319 83.3990296 85.53755833 86.00933495 87.36097735 96.63141184 105.9018463 115.1722808 121.3252079 120.8534318 120.3816557 127.9496285 138.2926581 149.2874562 158.169382 168.7169393 183.6491951 217.9098248 228.5380302 240.9076354 255.4226124 273.3737769 285.7833007 298.4129618 311.9231721 325.4333825 338.9435928 354.1318108 371.6372774 389.142744 407.3601814 425.6567267 440.7905825 450.7642608 460.737939 470.7116173 480.3478343 489.7590771 499.1703199 508.5815628 522.8540673 538.193678 551.3950445 559.6071741 567.8193037 576.0314334 586.965772 600.412919 613.860066 
37.45343966 37.71111602 37.96879238 38.22646874 39.15018508 40.76712672 42.38406836 42.68877739 42.43110101 42.17342463 42.46373571 45.09020385 47.71667199 51.23573943 56.09370584 60.95167224 63.13406287 63.60583948 64.0776161 65.4292585 74.699693 83.97012749 90.22047669 89.74870056 89.27692443 88.8051483 96.37312114 106.0147912 117.0095893 125.8915151 133.6357404 147.813253 190.8288625 201.3634838 213.0091878 227.5241648 246.0234037 260.8992621 273.5289232 287.0391335 300.5493439 315.6976093 333.2030759 350.7085425 368.2140091 386.4314465 404.7279918 423.0245371 438.0751643 448.0488425 458.0225208 467.6587378 477.0699806 486.4812235 500.6944443 516.034055 531.3736658 544.5750322 552.7871618 560.9992915 571.88128 585.328427 598.775574 612.222721 
24.06502441 24.32270077 24.58037712 24.83805348 25.09572984 26.03303884 27.64998048 27.95468951 27.69701313 27.43933675 27.18166037 27.5008129 30.12728103 33.64634848 38.50431488 40.73056741 41.20234402 41.67412064 42.14589725 43.49753966 52.76797415 59.11574546 58.64396933 58.1721932 57.70041707 57.22864094 64.79661377 74.37452385 84.73172235 93.61364815 101.3578735 111.977311 163.7479003 174.2825215 185.1107403 199.6257172 218.1249561 236.0152235 248.6448846 262.1550949 277.2634078 294.7688744 312.274341 329.7798076 347.2852742 365.5027117 383.799257 402.0958023 420.3923476 435.3597461 445.3334243 454.9696413 464.3808841 478.5348213 493.874432 509.2140428 524.5536535 537.7550199 545.9671496 556.7967879 570.2439349 583.6910819 597.1382289 610.5853759 
10.67660915 10.93428551 11.19196187 11.44963823 11.70731458 11.96499094 12.91589259 13.22060162 12.96292524 12.70524886 12.44757249 12.18989611 12.53789008 16.05695752 18.32707195 18.79884856 19.27062518 19.74240179 20.21417841 21.56582081 28.01101422 27.53923809 27.06746196 26.59568583 26.1239097 25.65213358 33.22010641 42.79801649 52.4538554 61.33578121 69.08000654 76.82423187 136.666938 147.2015593 157.7361806 171.7272697 190.2265086 208.7257475 223.760846 238.8292063 256.3346729 273.8401395 291.3456061 308.8510727 326.3565394 344.5739768 362.8705221 381.1670674 399.4636127 417.760158 432.6443278 442.2805448 456.3751983 471.714809 487.0544198 502.3940305 517.7336413 530.9350077 541.7122958 555.1594428 568.6065898 582.0537368 595.5008838 608.9480308 
-0.327217867 -0.06954150883 0.1881348493 0.4458112075 0.7034875656 0.9611639238 1.218840282 1.222813057 0.9651366791 0.7074603007 0.4497839222 0.1921075438 -0.06556883462 1.28481282 1.756589435 2.228366049 2.700142664 3.171919279 3.643695893 4.021117233 3.549341104 3.077564974 2.605788844 2.134012715 1.662236585 1.190460456 8.999300927 18.577211 28.15512108 37.80759143 45.55181676 53.29604209 117.2841769 127.8187981 138.3534194 153.40581 171.9050489 190.4042878 208.7047723 226.2102389 243.7157055 261.2211721 278.7266387 296.2321053 314.1207139 332.8170789 351.1136242 369.4101695 387.7067148 406.0032601 424.2998054 441.0343141 456.3739249 471.7135356 487.0531464 502.3927571 517.7323679 532.5042395 545.9513865 559.3985335 572.8456805 586.2928275 599.7399745 613.1447429 
-0.6003978145 -0.3427214564 -0.08504509824 0.1726312599 0.4303076181 0.6879839762 1.463036444 1.538371442 1.280695063 1.023018685 0.7653423065 0.507665928 -0.08898112848 2.751246246 9.311670417 9.783447032 10.25522365 10.72700026 11.19877688 11.57619822 11.10442209 10.63264596 10.16086983 9.689093697 9.217317568 10.04355037 17.87915391 27.45706399 40.34182973 53.65294891 61.39717424 70.31275405 132.5433205 143.0779418 153.6125631 176.3065063 196.6800349 215.1792738 233.4797583 250.9852249 268.4906915 285.9961581 303.5016247 321.3423406 343.6370824 362.3334474 380.6299927 398.926538 417.2230833 435.5196286 454.8044383 471.7772114 487.0569763 502.3965871 517.7361978 533.0758086 548.4154193 563.1872909 576.6344379 590.0815849 603.5287319 616.9758789 630.3830017 643.594712 
-0.8735777621 -0.6159014039 -0.3582250458 -0.1005486876 0.1571276705 0.9262332866 1.778594828 1.853929826 1.596253448 1.338577069 1.080900691 0.4902004882 -0.3621612904 2.478066084 10.85717719 17.33852801 17.81030463 18.28208124 18.75385786 19.1312792 18.65950307 18.18772694 17.71595081 17.24417468 18.05702595 18.92340336 26.7590069 36.33691698 56.1871872 69.49830638 77.24253171 92.97952879 147.8024642 158.3370855 172.896071 197.1335203 221.4550209 239.9542598 258.2547443 275.7602109 293.2656775 310.7711441 328.5639672 350.858709 373.1534509 391.8498158 410.1463611 428.4429064 446.7394518 466.0114268 485.5914324 502.5642055 517.7988236 533.0796385 548.4192493 563.75886 579.0984708 593.8703424 607.3174894 620.7646364 634.2117834 647.6212605 660.8329708 674.0446811 
-1.14675771 -0.8890813515 -0.6314049933 -0.3737286352 0.389430129 1.241791671 2.094153213 2.16948821 1.911811832 1.654135453 1.069382105 0.2170203263 -0.6353414523 2.204885922 10.58399703 18.96310813 25.36538561 25.83716223 26.30893884 26.68636018 26.21458405 25.74280792 25.27103179 26.07050153 26.93687894 27.80325635 35.63885989 48.38290837 72.03254468 85.34366385 94.12143725 115.6463035 163.0616079 173.5962291 193.723085 217.9605343 244.4354742 264.7292458 283.0297303 300.5351969 318.0406635 335.7855938 358.0803357 380.3750775 402.6698194 421.3661843 439.6627296 457.9592749 477.2184154 496.7984209 516.3784265 533.3511996 548.5858178 563.8204359 579.1023007 594.4419115 609.7815222 624.5533938 638.0005408 651.4476878 664.8595193 678.0712296 691.28294 704.4946503 
-1.419937657 -1.162261299 -0.9045849409 -0.1473730285 0.7049885132 1.557350055 2.409711597 2.485046594 2.227370216 1.648563721 0.7962019429 -0.05615983567 -0.9085216142 1.93170576 10.31081686 18.68992797 27.06903907 33.39224321 33.86401982 34.24144116 33.76966503 33.2978889 34.0839771 34.95035451 35.81673192 36.68310933 44.51871288 64.22826584 87.87790215 101.1890213 116.788212 138.3130783 178.3207515 191.5174522 214.550099 238.7875484 265.2624882 289.5042318 307.8047163 325.3101829 343.0072205 365.3019623 387.5967042 409.891446 432.1861878 450.8825528 469.1790981 488.425404 508.0054095 527.5854151 547.1654206 564.1381937 579.3728119 594.60743 609.8420482 625.1249629 640.4645737 655.2364453 668.6835923 682.0977782 695.3094885 708.5211988 721.7329091 734.9446194 
-1.693117605 -1.435441247 -0.684176186 0.1681853557 1.020546897 1.872908439 2.725269981 2.800604979 2.227745338 1.37538356 0.523021781 -0.3293399976 -1.181701776 1.658525598 10.0376367 18.41674781 26.79585891 35.17497001 41.41910081 41.79652215 41.32474602 42.09745268 42.96383009 43.8302075 44.69658491 45.56296232 56.423987 80.07362331 103.7232596 117.9301205 139.4549867 160.979853 193.5798952 212.3444663 235.377113 259.6145624 286.0895022 312.5644421 332.5797023 350.2288471 372.523589 394.8183308 417.1130726 439.4078145 461.7025563 480.3989213 499.6323926 519.2123981 538.7924036 558.3724092 577.9524147 594.9251878 610.159806 625.3944241 640.6290423 655.8636605 671.1476251 685.9194968 699.336037 712.5477473 725.7594576 738.9711679 752.1828782 765.3945885 
-1.966297552 -1.220979344 -0.3686178018 0.4837437399 1.336105282 2.188466823 3.040828365 2.806926955 1.954565176 1.102203398 0.2498416191 -0.6025201595 -1.454881938 1.385345436 9.76445654 18.14356764 26.52267875 34.90178985 43.28090096 49.35160313 50.11092826 50.97730567 51.84368308 52.71006049 53.5764379 54.44281531 72.26934448 95.91898079 119.5686171 140.5968952 162.1217615 183.6466277 210.1388335 233.1714803 256.2041271 280.4415764 306.9165163 333.3914561 357.4504738 379.7452156 402.0399574 424.3346993 446.6294411 468.924183 491.2189248 510.8393811 530.4193867 549.9993922 569.5793977 589.1594033 608.7394088 625.7121819 640.9468001 656.1814183 671.4160364 686.6506546 701.8852727 716.5742958 729.7860061 742.9977164 756.2094267 769.421137 782.6328474 795.8445577 
-3.057108129 -2.204746587 -1.352385045 -0.5000235033 0.3523380384 1.20469958 2.811652701 2.381900214 1.445830777 0.5934689981 -0.2588927804 -1.111254559 -1.963616338 0.8766110369 9.255722141 17.63483324 26.01394435 34.39305545 42.77216656 45.1737287 44.89182371 45.75820112 46.62457853 47.49095594 48.35733335 49.22371076 68.31669529 91.9663316 115.9524876 139.7854863 161.3103525 182.8352188 210.6010092 233.633656 256.6663027 280.8598352 307.3347751 333.8097149 361.7524723 385.3125891 407.607331 429.9020728 452.1968146 474.4915565 496.7862983 516.6377775 536.217783 555.7977886 575.3777941 594.9577996 615.4211181 633.2556599 648.490278 663.7248962 678.9595143 694.1941325 709.8111066 727.6094042 742.074657 755.2863673 768.4980776 781.7097879 794.9214982 808.1332085 
-4.3296144 -3.477252858 -2.624891317 -1.772529775 -0.9201682332 0.6719889744 3.003941848 2.574189361 0.960848863 0.03238921252 -0.819972566 -1.672334345 -2.524696123 0.3155312513 8.694642355 17.07375346 25.45286456 33.83197567 36.5838138 38.42264865 37.6717269 37.40599489 38.2723723 39.13874971 40.00512712 40.87150453 59.96448906 83.61412538 110.6289581 134.1128919 155.2815694 176.8064357 206.5376652 229.570312 252.5836811 276.7428151 303.2177549 330.1591096 359.9442057 384.3133327 407.8527056 430.1474474 452.4421893 474.7369311 497.0316729 516.8831521 536.4631577 556.0431632 575.6231687 596.064943 617.7993702 635.633912 650.8685301 666.1031483 681.3377665 696.9199809 715.6305618 733.4288594 749.0984961 763.5391696 776.75088 789.9625903 803.1743006 816.3860109 
-5.602120672 -4.74975913 -3.897397588 -3.045036047 -1.467674752 0.8642781211 3.196230994 2.766478508 1.15313801 -0.4602024883 -1.381052352 -2.23341413 -3.085775909 -0.2455485344 8.13356257 16.51267367 24.89178478 27.70614817 29.83273375 31.6715686 30.92064685 30.16972509 29.92016608 30.78654349 31.6529209 32.51929831 51.61228284 75.5372534 105.3054287 128.7893624 149.2527863 170.7776526 202.4743213 225.506968 248.466661 272.6257949 299.1007348 328.350843 358.1359391 382.505066 406.874193 430.3928221 452.6875639 474.9823057 497.2770476 517.1285267 536.7085323 556.2885378 576.7087678 598.4431951 620.1776223 638.0121641 653.2467823 668.4814004 684.0288552 702.7394361 721.4500169 739.2483146 754.9179513 770.587588 785.0036823 798.2153926 811.4271029 824.6388132 
-6.874626943 -6.022265402 -5.16990386 -3.607338479 -1.275385606 1.056567268 3.388520141 2.958767655 1.345427156 -0.2679133416 -1.88125384 -2.794493916 -3.646855694 -0.80662832 7.572482784 15.95159389 18.82848253 20.95506812 23.0816537 24.92048855 24.16956679 23.41864504 22.66772329 22.43433726 23.30071467 24.16709208 43.26007662 70.21372395 99.9818992 123.465833 143.5659444 164.7488695 198.4109773 221.4374793 244.3496408 268.5087748 295.403488 326.5425763 356.3276724 380.6967994 405.0659263 429.4350533 452.9329385 475.2276804 497.5224222 517.3739014 536.9539069 557.3525927 579.0870199 600.8214472 622.5558744 640.3904162 655.6250344 671.1377296 689.8483104 708.5588913 727.2694721 745.0677698 760.7374065 776.4070432 792.07668 806.468195 819.6799053 832.8916156 
-8.147133215 -7.294771673 -5.747002206 -3.415049332 -1.083096459 1.248856415 3.580809288 3.151056801 1.537716303 -0.07562419494 -1.688964693 -3.302305191 -4.20793548 -1.367708106 7.011402998 9.950816899 12.07740248 14.20398806 16.33057365 18.1694085 17.41848674 16.66756499 15.91664323 15.16572148 14.94850845 15.81488586 35.12201925 64.8901945 94.65836975 118.1423035 138.2424149 158.7200864 194.3476333 217.3204592 240.2326207 264.3917546 293.5952213 324.7343097 354.5194058 378.8885327 403.2576597 427.6267867 451.9959136 475.473055 497.7677968 517.619276 537.9964176 559.7308448 581.4652721 603.1996993 624.9341265 642.7686683 658.2466039 676.9571847 695.6677656 714.3783465 733.0889273 750.8872249 766.5568617 782.2264984 797.8961352 813.5657719 827.9327076 841.1444179 
-9.419639487 -7.886665932 -5.554713059 -3.222760186 -0.8908073122 1.441145561 3.773098435 3.343345948 1.73000545 0.1166649518 -1.496675546 -3.110016044 -4.723356543 -1.928787891 1.073151265 3.199736847 5.32632243 7.452908013 9.579493596 11.41832844 10.66740669 9.916484936 9.165563182 8.414641428 7.663719673 7.462679635 29.7984898 59.56666505 89.3348403 112.8187741 132.9188855 153.0189969 190.2842894 213.203439 236.1156005 260.6478664 291.7869547 322.9260431 352.7111391 377.0802661 401.4493931 425.81852 450.187647 474.556774 498.0131715 518.6402425 540.3746697 562.1090969 583.8435242 605.5779514 627.3123787 645.3554782 664.0660591 682.7766399 701.4872208 720.1978016 738.9083825 756.7066801 772.3763169 788.0459536 803.7155903 819.3852271 835.0548638 849.3972203 
-9.455548143 -8.161519816 -5.829566943 -3.49761407 -1.165661196 1.166291677 3.498244551 3.068492064 1.455151566 -0.1581889323 -1.77152943 -3.384869928 -4.998210427 -4.401031514 -2.274445931 -0.1478603484 1.978725234 4.105310817 6.2318964 7.533825931 6.782904176 6.031982422 5.281060668 4.530138913 3.779217159 2.982660196 23.61398063 53.38215588 83.15033113 106.6342649 126.7343763 146.8344877 185.2393354 208.1140181 231.0261796 258.5802141 289.7193024 320.8583908 350.6434868 375.0126138 399.3817408 423.7508677 448.1199947 472.4891217 499.0158765 523.248207 544.9826342 566.7170615 588.4514887 610.185916 631.9203432 651.8404626 670.5510435 689.2616243 707.9722052 726.682786 745.3933669 765.1642228 781.2178137 796.8874504 812.5570872 828.2267239 843.8963606 859.5659974 
-8.00753966 -7.98208578 -6.664992464 -4.333039591 -2.001086717 0.3308661562 2.66281903 2.233066543 0.6197260448 -0.9936144533 -2.606954951 -4.220295449 -4.499811188 -3.664449283 -1.5378637 0.5887218828 2.715307466 4.841893048 6.324192249 7.089216461 6.338294707 5.587372953 4.836451198 4.085529444 3.290797889 2.357335299 16.39629581 46.16447105 75.9326463 99.41658006 119.5166915 137.5375025 179.9371362 201.8577162 224.7698777 253.3030503 287.3403873 318.4794757 348.2645718 372.6336987 397.0028257 421.3719527 445.7410796 472.206188 502.739966 528.5902646 552.2662537 574.0006809 595.7351082 617.4695354 639.2039627 659.1240821 677.8346629 696.5452438 715.2558246 733.9664055 754.6579662 775.098072 793.3274032 809.3553972 825.0250339 840.6946707 856.3643074 872.0339441 
-6.559531177 -6.534077297 -6.508623418 -5.168465112 -2.836512238 -0.5045593648 1.827393509 1.397641022 -0.2156994761 -1.829039974 -3.442380472 -3.737775077 -3.763228957 -2.927867052 -0.8012814687 1.325304114 3.451889697 4.946120127 5.87958278 6.644606992 5.893685238 5.142763484 4.391841729 3.598935583 2.665472993 1.732010402 14.705539 38.94678623 68.71496147 92.19889523 112.2990067 125.6413918 174.634937 195.6014143 218.5135758 247.0467484 284.9614723 316.1005606 345.8856567 370.2547837 394.6239106 418.9930376 445.3964994 475.9302774 506.4640554 532.3143541 557.6442662 581.2843004 603.0187276 624.7531549 646.4875821 666.4077015 685.1182824 703.8288632 722.5394441 743.2042348 764.5918155 785.0319213 803.2612525 821.4905836 837.4929807 853.1626174 868.8322541 884.5018909 
-5.111522694 -5.086068814 -5.060614935 -5.035161055 -3.671937759 -1.339984886 0.9919679876 0.562215501 -1.051124997 -2.664465495 -2.975738966 -3.001192846 -3.026646726 -2.19128482 -0.06469923748 2.061886345 3.568048005 4.501510658 5.434973311 6.199997523 5.449075769 4.698154014 3.907073276 2.973610686 2.040148096 1.106685506 14.08021411 31.7291014 61.49727665 84.98121041 103.0965351 113.7452811 169.3327378 190.1032546 212.257274 240.7904465 279.7626395 313.7216455 343.5067416 367.8758686 392.2449955 418.5868109 449.1205889 479.6543669 510.1881449 536.0384436 561.3683557 586.6982677 610.3023471 632.0367743 653.7712016 673.691321 692.4019018 711.1124827 731.7505034 753.1380841 774.5256647 794.9657706 813.1951017 831.4244329 849.6537641 865.6305642 881.3002009 896.9698376 
-3.663514211 -3.638060332 -3.612606452 -3.587152572 -3.561698693 -2.175410407 0.1565424667 -0.27321002 -1.886550518 -2.213702855 -2.239156735 -2.264610615 -2.290064494 -1.454702589 0.6718829938 2.189975882 3.123438535 4.056901188 4.990363841 5.755388054 5.004466299 4.215210969 3.281748379 2.348285789 1.414823199 0.4813606091 13.45488921 29.90516561 54.27959182 77.76352558 91.20042441 101.8491704 164.0305386 184.8010554 206.0009721 234.5341446 273.5063376 311.3427305 341.1278265 365.4969535 391.7771223 422.3109003 452.8446784 483.3784564 513.9122344 539.7625331 565.0924451 590.4223572 615.7522693 639.3203938 661.054821 680.9749404 699.6855213 720.296772 741.6843527 763.0719333 784.459514 804.8996198 823.128951 841.3582822 859.5876133 877.8169445 893.7681476 909.4377844 
-2.215505729 -2.190051849 -2.164597969 -2.13914409 -2.11369021 -2.08823633 -0.6788830543 -1.108635541 -1.451666744 -1.477120624 -1.502574504 -1.528028383 -1.553482263 -0.7181203578 0.8119037601 1.745366413 2.678829066 3.612291719 4.545754372 5.310778584 4.523348663 3.589886073 2.656423483 1.722960893 0.7894983025 -0.1439642876 12.82956431 29.27984071 47.06190699 68.65556768 79.30431372 89.95305976 158.7283394 179.4988562 200.2693731 228.2778427 267.2500357 306.2222288 338.7489115 364.9674338 395.5012118 426.0349898 456.5687678 487.1025458 517.6363239 543.4866225 568.8165346 594.1464467 619.4763587 644.8062708 668.3384405 688.2585599 708.8430406 730.2306213 751.6182019 773.0057826 794.3933633 814.8334691 833.0628003 851.2921314 869.5214626 887.7507938 905.980125 921.9057311 
-0.8856373026 -0.8601834229 -0.8347295432 -0.8092756636 -0.7838217839 -0.7583679042 -0.7329140245 -0.7430955764 -0.7685494561 -0.7940033358 -0.8194572155 -0.8449110952 -0.8703649749 -0.5514604336 0.3820022194 1.315464872 2.248927525 3.182390178 4.115852831 4.86262296 3.92916037 2.99569778 2.06223519 1.1287726 0.1953100096 -0.7381525805 11.92859482 28.37887121 44.82914761 56.92601177 67.57475781 78.22350385 153.2338243 174.0043411 194.774858 221.9159615 260.8881546 299.8603476 337.5719051 368.1056832 398.6394612 429.1732392 459.7070172 490.2407952 520.7745733 547.1803864 572.5102985 597.8402106 623.1701227 648.5000347 673.8299468 696.8447188 718.2322995 739.6198802 761.0074609 782.3950415 803.7826222 824.222728 842.4520592 860.6813904 878.9107215 897.1400527 915.3693839 933.4857657 
-0.7371694448 -0.7117155652 -0.6862616855 -0.6608078058 -0.6353539261 -0.6099000465 -0.5990925041 -0.6017631138 -0.6200815984 -0.645535478 -0.6709893577 -0.6964432374 -0.7218971171 -0.5380430154 0.09917996387 1.032642617 1.96610527 2.899567923 3.833030576 4.579800705 3.646338114 2.712875524 1.779412934 0.8459503442 -0.08751224595 -0.6376056284 8.271179333 24.72145573 41.17173213 46.86200373 57.51074977 68.15949581 146.6089746 166.5866669 187.3571838 214.4982873 253.4704803 292.4426733 334.8517538 365.3855318 395.9193098 426.4530879 456.9868659 487.5206439 524.1033578 550.5708948 575.9008068 601.2307189 626.560631 651.890543 677.719399 700.8722229 722.1756549 743.5632355 764.9508162 786.3383969 807.7259776 828.1660834 846.3954145 864.6247457 882.8540769 901.0834081 919.2123398 936.1866784 
-0.5887015871 -0.5632477074 -0.5377938277 -0.5123399481 -0.4868860684 -0.4758907525 -0.4692142283 -0.471884838 -0.4785613621 -0.4970676203 -0.5225215 -0.5479753797 -0.5734292594 -0.3895751576 0.1082409163 0.7498203614 1.683283014 2.616745667 3.55020832 4.296978449 3.363515859 2.430053269 1.496590679 0.5631280886 0.008678237941 -0.4891375253 6.420597471 21.06404025 37.51431664 41.78090101 47.44674172 58.09548777 140.3647335 159.1689926 179.9395095 207.080613 246.0528061 287.2551362 332.1316025 362.6653805 393.1991585 423.7329365 454.2667145 490.7877046 527.4938661 553.9614031 579.2913152 604.6212272 629.9511393 655.7726579 681.836311 704.9891348 726.2014058 747.5065909 768.8941716 790.2817522 811.6693329 832.1094387 850.3387699 868.5681011 886.7974323 904.9389139 921.9132525 938.8875911 
-0.4402337294 -0.4147798497 -0.38932597 -0.3638720903 -0.3526890009 -0.3460124767 -0.3393359526 -0.3420065622 -0.3486830864 -0.3553596105 -0.3740536422 -0.3995075219 -0.4249614016 -0.2411072998 0.2567087741 0.754524848 1.400460759 2.333923412 3.267386065 4.014156194 3.080693603 2.147231013 1.213768423 0.6549621043 0.1571463411 -0.3406694221 6.569065574 17.40662476 33.85690116 38.12348552 37.38273368 48.03147972 134.1204924 152.2570404 172.5218353 199.6629388 238.6351318 284.5349849 329.4114511 359.9452291 390.4790072 421.0127852 457.4720514 494.1782129 530.8843744 557.3519114 582.6818235 608.0117356 633.8259167 659.8895699 685.953223 709.1060468 730.3183178 751.5305887 772.8375269 794.2251076 815.6126883 836.0527941 854.2821253 872.5114564 890.6654881 907.6398267 924.6141653 941.5885039 
-0.2917658716 -0.2663119919 -0.2408581123 -0.2294872492 -0.2228107251 -0.216134201 -0.2094576768 -0.2121282865 -0.2188048106 -0.2254813348 -0.2321578589 -0.2510396642 -0.2764935438 -0.09263944209 0.4051766318 0.9029927058 1.40080878 2.051101156 2.984563809 3.731333938 2.797871348 1.864408758 1.301245971 0.8034302074 0.3056144442 -0.192201319 6.717533677 15.47915636 30.19948567 34.46607004 32.17220485 37.96747168 127.8762513 146.0127993 165.104161 192.2452645 233.3526952 281.8148335 326.6912998 357.2250778 387.7588558 424.1563982 460.8625597 497.5687212 534.2748827 560.7424197 586.0723318 611.8791756 637.9428287 664.0064818 690.070135 713.2229588 734.4352298 755.6475007 776.8597717 798.168463 819.5560436 839.9961495 858.2254806 876.3920622 893.3664008 910.3407394 927.315078 944.2894166 
-0.1432980139 -0.1178441342 -0.1062854976 -0.09960897348 -0.09293244933 -0.08625592519 -0.07957940105 -0.0822500107 -0.08892653485 -0.09560305899 -0.1022795831 -0.1089561073 -0.1280256861 0.05582841567 0.5536444896 1.051460564 1.549276637 2.047092711 2.701741554 3.448511683 2.515049092 1.947529837 1.449714074 0.9518983105 0.4540825473 -0.04373321591 6.86600178 15.62762447 26.54207019 30.80865456 28.51478936 27.90346363 121.6320101 139.7685581 157.9051062 184.8275903 230.6325439 279.0946822 323.9711484 354.5049265 390.840745 427.5469065 464.253068 500.9592295 537.6653911 564.1329281 589.9324344 615.9960875 642.0597407 668.1233938 694.1870469 717.3398708 738.5521417 759.7644127 780.9766837 802.1889546 823.499399 843.9395048 862.1186363 879.0929749 896.0673135 913.0416521 930.0159907 946.9903293 
0.005169843862 0.016916254 0.02359277814 0.03026930229 0.03694582643 0.04362235057 0.05029887472 0.04762826506 0.04095174092 0.03427521677 0.02759869263 0.02092216848 0.01424564434 0.2042962734 0.7021123474 1.199928421 1.697744495 2.195560569 2.693376643 3.165689427 2.593813703 2.09599794 1.598182177 1.100366414 0.6025506504 0.1047348872 7.014469883 15.77609257 24.53771525 27.15123907 24.85737388 22.56350869 115.387769 133.524317 151.660865 179.4502543 227.9123926 276.3745309 321.2509971 357.5250918 394.2312533 430.9374148 467.6435763 504.3497379 541.0558994 567.9856933 594.0493464 620.1129995 646.1766527 672.2403058 698.3039589 721.4567828 742.6690537 763.8813247 785.0935956 806.3058666 827.5181376 847.8452104 864.819549 881.7938876 898.7682262 915.7425648 932.7169034 949.691242 
0.1000362424 0.1043809118 0.1110574359 0.11773396 0.1244104842 0.1310870083 0.1377635325 0.1350929228 0.1284163987 0.1217398745 0.1150633504 0.1083868262 0.1017103021 0.2991629297 0.7969790036 1.294795078 1.792611151 2.290427225 2.788243299 3.16374808 2.665932317 2.168116553 1.67030079 1.172485027 0.6746692639 0.1869636074 6.010062682 14.77168537 23.53330805 25.10886362 22.81499843 20.52113324 107.5142707 125.6508187 143.7873668 167.5716167 216.033755 264.4958933 310.6068362 347.3129977 384.0191592 420.7253208 457.4314823 494.1376438 534.6761776 563.2780709 589.341724 615.4053772 641.4690303 667.5326834 693.5963366 720.8905449 742.1028158 763.3150868 784.5273578 805.7396287 826.9518997 851.4321797 868.803037 885.7773756 902.7517142 919.7260528 936.7003914 953.67473 
0.1748020938 0.1759404628 0.1826169869 0.189293511 0.1959700352 0.2026465593 0.2093230835 0.2066524738 0.1999759497 0.1932994255 0.1866229014 0.1799463772 0.1749217661 0.3739291353 0.8717452092 1.369561283 1.867377357 2.365193431 2.863009505 3.207235635 2.709419871 2.211604108 1.713788345 1.215972582 0.7181568187 0.261729305 4.573327242 13.33494993 22.09657261 23.67212818 21.37826299 19.0843978 99.02980099 117.166349 135.302897 153.2915741 200.720685 249.1828233 295.2937663 331.9999278 368.7060893 405.4122508 442.1184124 478.8245739 526.6593549 555.2612482 581.3249013 607.3885545 633.4522076 659.5158607 690.8137637 718.5681258 739.7803968 760.9926678 782.2049387 803.4172097 825.7303229 852.6253538 873.2674907 890.2418293 907.2161679 924.1905065 941.1648451 958.1391837 
0.2495679452 0.2497670948 0.2541765379 0.260853062 0.2675295862 0.2742061103 0.2808826345 0.2782120248 0.2715355007 0.2648589765 0.2581824524 0.2515059282 0.2496879718 0.448695341 0.9465114149 1.444327489 1.942143563 2.439959637 2.909340574 3.250723189 2.752907426 2.255091663 1.7572759 1.259460137 0.7711225985 0.3364950025 3.136591802 11.89821449 20.65983717 22.23539274 19.94152755 18.11453695 90.54533127 108.6818793 126.8184273 141.2775272 185.4076151 233.8697534 279.9806963 316.6868579 353.3930194 390.0991809 426.8053424 467.1964773 518.6425322 547.2444255 573.3080786 599.3717317 625.4353849 651.499038 688.4913446 716.2457068 737.4579777 758.6702487 779.8825197 801.0947906 826.923497 853.8185279 877.4015121 894.706283 911.6806216 928.6549602 945.6292988 962.6036374 
0.3243337965 0.3245329462 0.3257360889 0.332412613 0.3390891372 0.3457656613 0.3524421855 0.3497715758 0.3430950517 0.3364185275 0.3297420034 0.3246526113 0.3244541774 0.5234615466 1.021277621 1.519093694 2.016909768 2.514725842 2.952828128 3.294210744 2.796394981 2.298579218 1.800763455 1.302947691 0.8458882961 0.4112607001 2.447973087 10.46147905 19.22310173 20.7986573 18.50479211 17.33809557 82.06086154 100.1974096 115.4778126 129.2634803 170.0945452 218.5566835 264.6676264 301.3737879 338.0799495 374.786111 411.4922725 459.1796546 510.6257094 539.2276027 565.2912559 591.354909 617.4185621 648.6014267 686.1689256 713.9232877 735.1355587 756.3478296 777.5601006 799.8021918 828.1166712 855.011702 878.5946862 899.1707367 916.1450753 933.1194139 950.0937525 967.0680911 
0.3990996479 0.3992987976 0.3994979472 0.403972164 0.4106486882 0.4173252123 0.4240017365 0.4213311268 0.4146546027 0.4079780785 0.4013015544 0.399418817 0.3992203831 0.5982277523 1.096043826 1.5938599 2.091675974 2.561688803 2.996315683 3.337698299 2.839882536 2.342066773 1.84425101 1.35528159 0.9206539937 0.4860263976 2.522738784 9.024743607 17.78636629 19.36192186 17.06805667 16.56165419 73.57639181 91.71293983 103.4637657 117.2494334 154.7814752 203.2436135 249.3545565 286.060718 322.7668795 359.473041 399.716777 451.1628318 502.6088867 531.21078 557.2744332 583.3380863 609.4017394 646.2790076 683.8465065 711.6008687 732.8131396 754.0254106 775.2376815 800.9953659 829.3098453 856.2048761 879.7878604 903.3708446 920.609529 937.5838676 954.5582062 971.5325448 
0.4738654993 0.4740646489 0.4742637986 0.475531715 0.4822082392 0.4888847633 0.4955612875 0.4928906778 0.4862141537 0.4795376295 0.4743834566 0.4741850227 0.4739865887 0.6729939579 1.170810032 1.668626106 2.16644218 2.605176358 3.039803238 3.381185854 2.883370091 2.385554328 1.887738564 1.430047287 0.9954196912 0.5607920952 2.597504482 7.588008167 16.34963085 17.92518642 15.63132123 15.78521281 65.09192209 83.22847011 91.44971876 105.2353864 140.3681389 187.9305436 234.0414866 270.7476481 307.4538096 344.1599711 391.6999542 443.1460091 494.592064 523.1939573 549.2576104 575.3212636 606.3890896 643.9565885 681.5240875 709.2784496 730.4907206 751.7029915 773.8740606 802.18854 830.5030194 857.3980502 880.9810345 904.5640187 925.0739827 942.0483213 959.0226599 975.9969985 
0.5486313506 0.5488305003 0.54902965 0.5492287996 0.5537677902 0.5604443143 0.5671208385 0.5644502288 0.5577737047 0.5510971805 0.5491496622 0.5489512283 0.5487527944 0.7477601636 1.245576238 1.743392311 2.214037032 2.648663912 3.083290793 3.424673409 2.926857646 2.429041882 1.939440581 1.504812985 1.070185389 0.6355577927 2.672270179 6.151272727 14.91289541 16.48845098 14.63478183 15.00877144 56.60745236 74.74400038 79.43567183 93.22133951 128.3540919 172.6174737 218.7284166 255.4345781 292.1407397 332.2370767 383.6831315 435.1291864 486.5752413 515.1771346 541.2407877 567.3044409 604.0666706 641.6341695 679.2016684 706.9560306 728.1683015 749.3805725 775.0672347 803.3817141 831.6961935 858.5912243 882.1742086 905.7571928 929.3401771 946.512775 963.4871136 980.4614522 
0.623397202 0.6235963517 0.6237955013 0.623994651 0.6253273412 0.6320038653 0.6386803895 0.6360097798 0.6293332557 0.6241143018 0.6239158679 0.623717434 0.623519 0.8225263692 1.320342443 1.818158517 2.257524587 2.692151467 3.126778348 3.468160964 2.9703452 2.472529437 2.014206278 1.579578682 1.144951086 0.7103234903 2.747035877 5.401583259 13.47615997 15.05171554 13.85834045 14.23233006 48.12298264 65.13054132 67.42162491 81.20729259 116.340045 157.3044037 203.4153467 240.1215082 276.8276697 324.2202539 375.6663088 427.1123637 478.5584186 507.1603119 533.223965 564.1767526 601.7442515 639.3117504 676.8792494 704.6336115 725.8458825 747.9459295 776.2604088 804.5748882 832.8893676 859.7843984 883.3673827 906.9503669 930.5333512 950.9772288 967.9515673 984.9259059 
0.6981630534 0.698362203 0.6985613527 0.6987605024 0.698959652 0.7035634163 0.7102399405 0.7075693308 0.7008928067 0.6988805075 0.6986820736 0.6984836396 0.6982852057 0.8972925749 1.395108649 1.866385261 2.301012142 2.735639022 3.170265902 3.511648518 3.013832755 2.523599572 2.088971976 1.65434438 1.219716784 0.7850891878 2.821801574 5.476348956 12.03942453 13.6149801 13.08189907 13.45588868 39.63851291 53.11649439 55.40757798 69.19324566 104.3259981 141.9913338 188.1022768 224.8084383 264.7573763 316.2034312 367.6494861 419.095541 470.5415958 499.1434891 525.2071423 561.8543335 599.4218325 636.9893314 674.5568303 702.3111924 723.5234634 749.1391036 777.453583 805.7680623 834.0825417 860.9775726 884.5605568 908.1435411 931.7265253 955.3095096 972.4160211 989.3903597 
0.7729289047 0.7731280544 0.7733272041 0.7735263537 0.7737255034 0.7751229673 0.7817994915 0.7791288818 0.7738451471 0.7736467131 0.7734482792 0.7732498453 0.7730514113 0.9720587805 1.469874854 1.909872816 2.344499697 2.779126577 3.213753457 3.555136073 3.05732031 2.59836527 2.163737674 1.729110077 1.294482481 0.8598548854 2.896567272 5.551114654 10.60268909 12.17824466 12.3054577 12.6794473 31.15404319 41.10244746 43.39353105 57.17919873 92.31195115 127.4447036 172.7892068 209.4953683 256.7405536 308.1866085 359.6326634 411.0787182 462.5247731 491.1266664 521.9644156 559.5319145 597.0994134 634.6669123 672.2344112 699.9887734 722.0177983 750.3322777 778.6467571 806.9612364 835.2757158 862.1707467 885.7537309 909.3367152 932.9196994 956.5026837 976.8804748 993.8548134 
0.8476947561 0.8478939058 0.8480930554 0.8482922051 0.8484913548 0.8486905044 0.8533590425 0.8506884328 0.8486113527 0.8484129188 0.8482144849 0.8480160509 0.847817617 1.046824986 1.518733491 1.953360371 2.387987251 2.822614132 3.257241012 3.598623628 3.107758563 2.673130967 2.238503371 1.803875775 1.369248179 0.9346205829 2.971332969 5.625880351 9.165953653 11.15502671 11.52901632 11.90300593 22.66957346 29.08840053 31.37948412 45.16515181 80.29790423 115.4306566 157.4761369 197.277676 248.7237309 300.1697858 351.6158406 403.0618955 454.5079504 483.1098437 519.6419965 557.2094954 594.7769943 632.3444933 669.9119922 697.6663543 723.2109724 751.5254518 779.8399312 808.1544106 836.4688899 863.3639208 886.946905 910.5298893 934.1128735 957.6958578 981.278842 998.3192671 
0.9224606075 0.9226597571 0.9228589068 0.9230580565 0.9232572061 0.9234563558 0.9249185935 0.9235759923 0.9233775584 0.9231791245 0.9229806905 0.9227822566 0.9225838226 1.121591192 1.562221046 1.996847926 2.431474806 2.866101687 3.300728567 3.642111183 3.182524261 2.747896665 2.313269069 1.878641473 1.444013877 1.009386281 3.046098667 5.700646049 8.355193431 10.37858533 10.75257494 11.12656455 14.18510373 17.07435361 19.3654372 33.15110488 68.2838573 103.4166097 142.163067 189.2608533 240.7069082 292.1529631 343.5990179 395.0450728 446.4911277 479.7520785 517.3195774 554.8870764 592.4545753 630.0220742 667.5895731 696.0896672 724.4041465 752.7186259 781.0331053 809.3475847 837.662064 864.5570949 888.1400791 911.7230634 935.3060476 958.8890319 982.4720161 1002.783721 
0.9972264589 0.9974256085 0.9976247582 0.9978239078 0.9980230575 0.9982222072 0.9984213568 0.998342198 0.998143764 0.9979453301 0.9977468962 0.9975484622 0.9973500283 1.17108172 1.6057086 2.040335481 2.474962361 2.909589241 3.344216122 3.691917554 3.257289958 2.822662362 2.388034766 1.95340717 1.518779574 1.084151978 3.120864365 5.775411747 8.429959129 9.602143957 9.976133565 10.35012317 2.76922309 5.06030668 7.351390271 21.13705795 56.26981037 91.40256279 129.7979757 181.2440306 232.6900855 284.1361403 335.5821952 387.0282501 438.474305 477.4296595 514.9971584 552.5646573 590.1321562 627.6996552 665.2671541 697.2828413 725.5973206 753.9118 782.2262794 810.5407588 838.8552382 865.750269 889.3332532 912.9162375 936.4992217 960.082206 983.6651902 1007.248174 
