0.03755924859 0.03879001313 0.04002077768 0.04125154223 0.04248230678 0.04371307132 0.04494383587 0.04675952083 0.04882588597 0.05089225112 0.05295861626 0.0550249814 0.05709134654 0.05969786623 0.06311461776 0.06653136928 0.06994812081 0.07336487233 0.07678162386 0.08022327866 0.08388906298 0.08755484731 0.09122063163 0.09488641596 0.09855220028 0.1022179846 0.1071361376 0.1123673828 0.117598628 0.1196657245 0.1200290486 0.1203923728 0.0440766298 0.05898073332 0.07388483684 0.08409962876 0.08560569911 0.08711176946 0.08779251355 0.08517195255 0.08255139156 0.07993083057 0.07731026957 0.07468970858 0.07206914758 0.07022672571 0.06847076375 0.06671480178 0.06495883982 0.06320287786 0.06144691589 0.05971039759 0.05798684173 0.05626328587 0.05453973001 0.05281617416 0.0510926183 0.04954488185 0.04840739069 0.04726989954 0.04613240839 0.04499491723 0.04385742608 0.04271993492 
0.0392813487 0.04070517429 0.04193593884 0.04316670339 0.04439746793 0.04562823248 0.04685899703 0.04867468199 0.05074104713 0.05280741227 0.05487377741 0.05694014256 0.05924092299 0.06259904818 0.06636926833 0.06978601985 0.07320277137 0.0766195229 0.08003627442 0.08362303621 0.08844967636 0.09211546068 0.09578124501 0.09944702933 0.1031128137 0.106778598 0.111696751 0.1169279962 0.1223380591 0.1212569296 0.1216202537 0.1219835779 0.04778921131 0.06269331483 0.07759741835 0.07793106105 0.07863481414 0.0801408845 0.08082162858 0.07820106759 0.07558050659 0.0729599456 0.0703393846 0.06771882361 0.06671089424 0.07061170339 0.06885574143 0.06709977946 0.0653438175 0.06358785553 0.06183189357 0.06009537527 0.05837181941 0.05664826355 0.05492470769 0.05320115183 0.05135309743 0.04958371335 0.04887441677 0.04773692561 0.04659943446 0.04546194331 0.04432445215 0.043186961 
0.04100344881 0.04244872563 0.0438511 0.04508186454 0.04631262909 0.04754339364 0.04877415819 0.05058984315 0.05265620829 0.05472257343 0.05678893857 0.05901158058 0.06185933004 0.06521745523 0.069341144 0.07304067042 0.07645742194 0.07987417347 0.08329092499 0.08687768677 0.09199454088 0.09667607405 0.1003418584 0.1040076427 0.107673427 0.1113392114 0.1162573644 0.1214886096 0.1277033524 0.1249448503 0.1232114588 0.1235747829 0.05150179282 0.06640589634 0.07851571293 0.07457060376 0.07166392918 0.07316999953 0.07385074362 0.07123018262 0.06860962163 0.06598906063 0.06336849964 0.06215899131 0.06155421985 0.065455029 0.06924071911 0.06748475714 0.06572879518 0.06397283321 0.06221687125 0.06048035295 0.05875679709 0.05703324123 0.05530968537 0.05352388024 0.05117783165 0.04940844757 0.04898461403 0.04820395169 0.04706646053 0.04592896938 0.04479147823 0.04365398707 
0.04272554893 0.04417082575 0.04561610256 0.0469970257 0.04822779025 0.0494585548 0.05068931934 0.05250500431 0.05457136945 0.05663773459 0.05878223816 0.06162998763 0.06447773709 0.06783586228 0.07195955105 0.07608323981 0.07971207251 0.08312882403 0.08654557556 0.09013233734 0.09524919145 0.1003660456 0.1049024718 0.1085682561 0.1122340404 0.1158998247 0.1208179777 0.1260492229 0.1330686457 0.1303101436 0.1248026639 0.125165988 0.05521437433 0.07011847785 0.07515525564 0.07121014648 0.06469304421 0.06619911457 0.06687985865 0.06425929766 0.06163873666 0.05901817567 0.05760708839 0.05700231692 0.05639754546 0.06029835461 0.06469978383 0.06786973482 0.06611377286 0.06435781089 0.06260184893 0.06086533063 0.05914177477 0.05741821891 0.05569466305 0.05334861446 0.05100256586 0.04923318179 0.04880934825 0.04838551472 0.04753348661 0.04639599545 0.0452585043 0.04412101315 
0.04444764904 0.04589292586 0.04733820268 0.0487834795 0.05014295141 0.05137371595 0.0526044805 0.05442016546 0.05648653061 0.05855289575 0.06140064521 0.06424839468 0.06709614414 0.07045426933 0.0745779581 0.07870164686 0.08282533563 0.0863834746 0.08980022612 0.09338698791 0.09850384202 0.1036206961 0.1087375502 0.1131288695 0.1167946538 0.1204604381 0.1253785911 0.1314145162 0.138433939 0.1356754369 0.1276518984 0.1267571931 0.05892695584 0.07383105937 0.07179479836 0.06784968919 0.06133258692 0.0592282296 0.05990897368 0.05728841269 0.0546678517 0.05305518547 0.052450414 0.05184564254 0.05124087107 0.05514168022 0.05954310945 0.06394453867 0.06649875053 0.06474278857 0.0629868266 0.0612503083 0.05952675244 0.05780319659 0.05551939727 0.05317334867 0.05082730008 0.04905791601 0.04863408247 0.04821024893 0.0477864154 0.04686302153 0.04572553037 0.04458803922 
0.04616974915 0.04761502597 0.04906030279 0.05050557961 0.05195085643 0.05328887711 0.05451964166 0.05633532662 0.05840169176 0.0611713028 0.06401905226 0.06686680173 0.0697145512 0.07307267638 0.07719636515 0.08132005391 0.08544374268 0.08956743144 0.09305487669 0.09664163847 0.1017584926 0.1068753467 0.1119922008 0.1171090549 0.1213552671 0.1250210515 0.1299392045 0.1367798095 0.1437992323 0.1410407302 0.1330171917 0.1283483982 0.06263953736 0.07099453088 0.06843434107 0.0644892319 0.05797212964 0.05225734463 0.05293808872 0.05031752772 0.04850328254 0.04789851108 0.04729373961 0.04668896815 0.04608419668 0.04998500583 0.05438643506 0.05878786428 0.0631892935 0.06512776625 0.06337180428 0.06163528598 0.05991173012 0.05769018008 0.05534413148 0.05299808289 0.0506520343 0.04888265022 0.04845881669 0.04803498315 0.04761114962 0.04718731608 0.04619255645 0.04505506529 
0.04789184927 0.04933712609 0.0507824029 0.05222767972 0.05367295654 0.05511823336 0.05643480282 0.05825048778 0.06094196038 0.06378970985 0.06663745931 0.06948520878 0.07233295825 0.07569108343 0.0798147722 0.08393846096 0.08806214973 0.09218583849 0.09630952726 0.09989628904 0.1050131431 0.1101299973 0.1152468514 0.1203637055 0.1254805596 0.1295816648 0.13512568 0.1421451028 0.1491645256 0.1464060235 0.1383824849 0.1303589464 0.06635211887 0.06763407359 0.06507388378 0.06112877461 0.05461167235 0.04809457008 0.04596720375 0.04395137962 0.04334660815 0.04274183669 0.04213706522 0.04153229376 0.04092752229 0.04482833144 0.04922976067 0.05363118989 0.05803261911 0.06243404833 0.06375678196 0.06202026366 0.05986096289 0.0575149143 0.0551688657 0.05282281711 0.05047676852 0.04870738444 0.04828355091 0.04785971737 0.04743588383 0.0470120503 0.04658821676 0.04552209137 
0.04961394938 0.0510592262 0.05250450302 0.05394977984 0.05539505666 0.05684033348 0.05828561029 0.06071261797 0.06356036743 0.0664081169 0.06925586636 0.07210361583 0.0749513653 0.07830949048 0.08243317925 0.08655686801 0.09068055678 0.09480424554 0.09892793431 0.1031509396 0.1082677937 0.1133846478 0.1185015019 0.123618356 0.1287352102 0.1338520643 0.1404909733 0.1475103961 0.1545298189 0.1517713168 0.1437477782 0.1357242397 0.06683380611 0.0642736163 0.06171342649 0.05776831732 0.05125121506 0.0447341128 0.03939947669 0.03879470523 0.03818993376 0.0375851623 0.03698039083 0.03637561937 0.0357708479 0.03967165705 0.04407308628 0.0484745155 0.05287594472 0.05727737394 0.06167880317 0.0620317457 0.05968569711 0.05733964851 0.05499359992 0.05264755133 0.05030150274 0.04853211866 0.04810828512 0.04768445159 0.04726061805 0.04683678452 0.04641295098 0.04598911744 
0.04962006357 0.05106534038 0.0525106172 0.05395589402 0.05540117084 0.05684644766 0.05824252709 0.06034726834 0.0631950178 0.06604276727 0.06889051674 0.0717382662 0.07458601567 0.07776382902 0.08186497881 0.08598866757 0.09011235634 0.0942360451 0.09835973387 0.1025827392 0.1076995933 0.1128164474 0.1179333015 0.1230501556 0.1281670097 0.1334153533 0.1392142385 0.1462336612 0.153253084 0.1504945819 0.1424710434 0.1344475049 0.06624726653 0.06368707672 0.06112688691 0.05627311339 0.04975601113 0.04323890887 0.04007899025 0.04185033696 0.04124556549 0.04064079403 0.04003602256 0.0394312511 0.03882647963 0.04272728878 0.04712871801 0.05153014723 0.05593157645 0.06033300567 0.06447736627 0.06277533958 0.06042929099 0.05808324239 0.0557371938 0.05339114521 0.05104509662 0.04927571254 0.048851879 0.04842804547 0.04800421193 0.04758037839 0.04715654486 0.04650725979 
0.04962617775 0.05107145457 0.05251673139 0.05396200821 0.05540728503 0.05685256185 0.0581010491 0.06008141722 0.06282966817 0.06567741764 0.06852516711 0.07137291657 0.07422066604 0.07739847939 0.08129677837 0.08542046713 0.0895441559 0.09366784467 0.09779153343 0.1020145387 0.1071313928 0.1122482469 0.1173651011 0.1224819552 0.1275988093 0.1330838338 0.1379375036 0.1449569264 0.1519763492 0.1492178471 0.1411943085 0.13317077 0.06566072695 0.06310053714 0.06054034733 0.05477790947 0.04826080721 0.04174370494 0.03885760926 0.04490596869 0.04430119722 0.04369642576 0.04309165429 0.04248688283 0.04188211136 0.04578292051 0.05018434974 0.05458577896 0.05898720818 0.0633886374 0.06521938035 0.06351788026 0.06117288486 0.05882683627 0.05648078768 0.05413473909 0.05178869049 0.05001930642 0.04959547288 0.04917163935 0.04874780581 0.04832397227 0.04790013874 0.04702540214 
0.04963229194 0.05107756876 0.05252284557 0.05396812239 0.05541339921 0.0568422769 0.05795957112 0.05993993923 0.06246431855 0.06531206801 0.06815981748 0.07100756694 0.07385531641 0.07703312976 0.08072857793 0.0848522667 0.08897595546 0.09309964423 0.09722333299 0.1014463383 0.1065631924 0.1116800465 0.1167969006 0.1219137547 0.1271095025 0.1327523144 0.1366607688 0.1436801915 0.1506996143 0.1479411122 0.1399175737 0.1339801702 0.06507418738 0.06251399757 0.05995380775 0.05328270554 0.04676560328 0.04024850102 0.03763622827 0.04653592951 0.04735682895 0.04675205749 0.04614728602 0.04554251456 0.04493774309 0.04883855224 0.05323998147 0.05764141069 0.06204283991 0.06644426913 0.06596139443 0.06425989434 0.06191647874 0.05957043015 0.05722438156 0.05487833297 0.05253228437 0.0507629003 0.05033906676 0.04991523323 0.04949139969 0.04906756615 0.04846838143 0.04754354449 
0.04963840612 0.05108368294 0.05252895976 0.05397423658 0.0554195134 0.05670079891 0.05781809313 0.05979846125 0.06214871817 0.06494671838 0.06779446785 0.07064221732 0.07348996678 0.07666778014 0.08034068932 0.08428406626 0.08840775502 0.09253144379 0.09665513255 0.1008781379 0.105994992 0.1111118461 0.1162287002 0.1213455543 0.1267779831 0.132420795 0.1358041297 0.1424034567 0.1494228795 0.1466643774 0.1386408389 0.135385609 0.0644876478 0.06192745799 0.05864931116 0.05178750161 0.04527039935 0.03887499617 0.03641484728 0.04531454852 0.05041246068 0.04980768922 0.04920291775 0.04859814628 0.04799337482 0.05189418397 0.05629561319 0.06069704242 0.06509847164 0.06744335184 0.06670340852 0.06500190843 0.06265937049 0.06031402403 0.05796797544 0.05562192685 0.05327587825 0.05150649418 0.05108266064 0.05065882711 0.05023499357 0.04981116003 0.04898652377 0.04806168683 
0.04964452031 0.05108979713 0.05253507394 0.05398035076 0.05542562758 0.05655932093 0.05767661515 0.05965698326 0.06200724019 0.06458136876 0.06742911822 0.07027686769 0.07312461715 0.07630243051 0.07997533969 0.08371586582 0.08783955458 0.09196324335 0.09608693211 0.1003099374 0.1054267915 0.1105436456 0.1156604997 0.1208036517 0.1264464636 0.1320892755 0.1354726102 0.1411267219 0.1481461446 0.1453876425 0.137364104 0.1367910477 0.06390110822 0.06134091841 0.05715410723 0.05029229769 0.04377519543 0.03765361519 0.0351934663 0.04409316754 0.05299286877 0.05286332094 0.05225854948 0.05165377801 0.05104900655 0.0549498157 0.05935124492 0.06375267415 0.06815410337 0.06818536593 0.0674454226 0.06574392251 0.06340138457 0.06105761791 0.05871156932 0.05636552073 0.05401947213 0.05225008806 0.05182625452 0.05140242098 0.05097858745 0.05042950306 0.04950466612 0.04857982918 
0.04965063449 0.05109591131 0.05254118813 0.05398646495 0.05530054873 0.05641784294 0.05753513716 0.05951550527 0.0618657622 0.06421601913 0.06706376859 0.06991151806 0.07275926753 0.07593708088 0.07960999007 0.08328289925 0.08727135414 0.09139504291 0.09551873168 0.09974173698 0.1048585911 0.1099754452 0.1150922993 0.1204721323 0.1261149442 0.1317577561 0.1351410908 0.139849987 0.1468694098 0.1441109077 0.1360873692 0.1381964865 0.06331456864 0.06075437883 0.05565890331 0.04879709376 0.0422799915 0.0364322342 0.03397208531 0.04287178655 0.05177148779 0.05591895267 0.05531418121 0.05470940974 0.05410463828 0.05800544743 0.06240687665 0.06680830588 0.06966732333 0.06892738001 0.06818743668 0.06648593659 0.06414339866 0.06180086072 0.0594551632 0.0571091146 0.05476306601 0.05299368194 0.0525698484 0.05214601486 0.05172218133 0.05094764541 0.05002280847 0.04909797153 
0.04965674868 0.0511020255 0.05254730231 0.05399257913 0.05515907074 0.05627636496 0.05739365918 0.05937402729 0.06172428422 0.06407454114 0.06669841897 0.06954616843 0.0723939179 0.07557173125 0.07924464044 0.08291754962 0.08670315371 0.09082684247 0.09495053124 0.09917353654 0.1042903906 0.1094072448 0.1145240989 0.1201406129 0.1257834248 0.1314262367 0.1348095714 0.1385732522 0.1455926749 0.1428341729 0.1357046922 0.1396019252 0.06272802906 0.06016783925 0.05416369938 0.04730188984 0.04078478757 0.03521085321 0.03275070432 0.04165040556 0.0505501068 0.0589745844 0.05836981294 0.05776504147 0.05716027001 0.06106107916 0.06546250838 0.06986393761 0.07040933742 0.06966939409 0.06892945077 0.06722795068 0.06488541274 0.06254287481 0.06019875708 0.05785270848 0.05550665989 0.05373727582 0.05331344228 0.05288960874 0.0523906247 0.05146578776 0.05054095082 0.04961611387 
0.04966286286 0.05110813968 0.0525534165 0.05390029854 0.05501759276 0.05613488697 0.05725218119 0.0592325493 0.06158280623 0.06393306316 0.06633306934 0.0691808188 0.07202856827 0.07520638162 0.07887929081 0.0825522 0.08622510918 0.09025864203 0.0943823308 0.0986053361 0.1037221902 0.1088390443 0.1141662815 0.1198090934 0.1254519053 0.1310947172 0.1344780519 0.1372965173 0.1443159401 0.141557438 0.137110131 0.141007364 0.06214148948 0.05958129967 0.05266849545 0.04580668591 0.03928958365 0.03398947223 0.03152932334 0.04042902457 0.04932872581 0.05822842705 0.06142544467 0.0608206732 0.06021590174 0.06411671089 0.06851814011 0.07189129483 0.0711513515 0.07041140817 0.06967146485 0.06796996476 0.06562742682 0.06328488889 0.06094235096 0.05859630236 0.05625025377 0.0544808697 0.05405703616 0.05363320262 0.05290876704 0.0519839301 0.05105909316 0.05013425622 
0.04966897705 0.05111425387 0.05255953069 0.05375882055 0.05487611477 0.05599340899 0.0571107032 0.05909107132 0.06144132824 0.06379158517 0.0661418421 0.06881546917 0.07166321864 0.07484103199 0.07851394118 0.08218685037 0.08585975955 0.08969044159 0.09381413036 0.09803713566 0.1031539898 0.1082708439 0.1138347621 0.119477574 0.1251203859 0.1307631978 0.1341465325 0.1369649979 0.1430392053 0.1402807032 0.1385155697 0.1424128028 0.06155494991 0.05822071269 0.05117329153 0.04431148198 0.03806820266 0.03276809124 0.03030794235 0.03920764359 0.04810734483 0.05700704607 0.0644810764 0.06387630493 0.06327153347 0.06717234262 0.07157377184 0.07263330891 0.07189336558 0.07115342226 0.07041347893 0.06871197884 0.06636944091 0.06402690297 0.06168436504 0.05933989624 0.05699384765 0.05522446357 0.05480063004 0.05435174633 0.05342690939 0.05250207245 0.05157723551 0.05065239857 
0.04967509123 0.05112036805 0.05250004835 0.05361734257 0.05473463678 0.055851931 0.05696922522 0.05894959333 0.06129985026 0.06365010719 0.06600036411 0.06845011955 0.07129786901 0.07447568237 0.07814859155 0.08182150074 0.08549440993 0.08916731911 0.09324592992 0.09746893522 0.1025857893 0.1078604308 0.1135032427 0.1191460546 0.1247888665 0.1304316784 0.1338150131 0.1366334785 0.1417624704 0.1390039683 0.1399210085 0.1438182415 0.06096841033 0.05672550876 0.0496780876 0.04281627806 0.03684682167 0.03154671025 0.02908656136 0.0379862626 0.04688596384 0.05578566508 0.06468536632 0.06693193666 0.0663271652 0.07022797435 0.07411526632 0.07337532299 0.07263537967 0.07189543634 0.07115549302 0.06945399292 0.06711145499 0.06476891706 0.06242637912 0.06008349012 0.05773744153 0.05596805745 0.05554422392 0.05486988868 0.05394505174 0.0530202148 0.05209537786 0.05117054092 
0.04968120542 0.05112648224 0.05235857036 0.05347586458 0.0545931588 0.05571045302 0.05682774723 0.05880811535 0.06115837227 0.0635086292 0.06585888613 0.06820914305 0.07093251938 0.07411033274 0.07778324192 0.08145615111 0.0851290603 0.08880196948 0.09267772948 0.09690073478 0.1020175889 0.1075289113 0.1131717232 0.1188145351 0.1244573471 0.130100159 0.1334834936 0.136301959 0.1404857356 0.1377272335 0.1413264472 0.1452236803 0.06038187075 0.05523030484 0.04818288367 0.04132107413 0.03562544068 0.03032532926 0.02786518037 0.03676488161 0.04566458285 0.05456428409 0.06346398533 0.06998756839 0.06938279693 0.07328360608 0.0748572804 0.07411733708 0.07337739375 0.07263745042 0.0718975071 0.07019600701 0.06785346907 0.06551093114 0.06316839321 0.06082585527 0.05848103541 0.05671165133 0.0562878178 0.05538803103 0.05446319409 0.05353835715 0.0526135202 0.05168868326 
0.0496873196 0.05109979816 0.05221709238 0.0533343866 0.05445168081 0.05556897503 0.05668626925 0.05866663736 0.06101689429 0.06336715121 0.06571740814 0.06806766507 0.07056716976 0.07374498311 0.0774178923 0.08109080148 0.08476371067 0.08843661986 0.09210952904 0.09633253434 0.10155458 0.1071973919 0.1128402038 0.1184830157 0.1241258276 0.1297686395 0.1331519742 0.1359704396 0.1392090007 0.138834653 0.142731886 0.1466291191 0.05979533117 0.05373510091 0.04668767975 0.0398258702 0.0344040597 0.02910394828 0.02664379939 0.03554350063 0.04444320187 0.0533429031 0.06224260434 0.07114230558 0.07243842866 0.07633923781 0.07559929448 0.07485935116 0.07411940783 0.07337946451 0.07263952118 0.07093802109 0.06859548316 0.06625294522 0.06391040729 0.06156786935 0.05922462929 0.05745524521 0.05683101031 0.05590617337 0.05498133643 0.05405649949 0.05313166255 0.05220682561 
0.04969343379 0.05095832018 0.05207561439 0.05319290861 0.05431020283 0.05542749705 0.05654479126 0.05852515938 0.0608754163 0.06322567323 0.06557593016 0.06792618708 0.07027644401 0.07337963348 0.07705254267 0.08072545185 0.08439836104 0.08807127023 0.09174417941 0.0957643339 0.1012230606 0.1068658725 0.1125086844 0.1181514963 0.1237943082 0.1294371201 0.1328204548 0.1356389202 0.1384573855 0.1402400917 0.1441373248 0.1480345578 0.05920879159 0.05223989698 0.04519247582 0.03848279013 0.03318267871 0.02788256729 0.0254224184 0.03432211964 0.04322182088 0.05212152212 0.06102122336 0.06992092459 0.07549406039 0.07708125189 0.07634130857 0.07560136524 0.07486142192 0.07412147859 0.07338153526 0.07168003517 0.06933749724 0.06699495931 0.06465242137 0.06230988344 0.0599673455 0.05819883909 0.05734915266 0.05642431572 0.05549947878 0.05457464184 0.0536498049 0.05272496796 
0.04969954797 0.05081684219 0.05193413641 0.05305143063 0.05416872484 0.05528601906 0.05640331328 0.05838368139 0.06073393832 0.06308419524 0.06543445217 0.0677847091 0.07013496602 0.07301428385 0.07668719304 0.08036010223 0.08403301141 0.0877059206 0.09137882979 0.09524872924 0.1008915411 0.106534353 0.112177165 0.1178199769 0.1234627888 0.1291056007 0.1324889353 0.1353074007 0.1381258661 0.1416455305 0.1455427635 0.1494399966 0.05779211422 0.05074469306 0.0436972719 0.03726140914 0.03196129772 0.0266611863 0.02420103741 0.03310073865 0.04200043989 0.05090014113 0.05979984237 0.06869954361 0.07759924485 0.07782326598 0.07708332265 0.07634337932 0.075603436 0.07486349267 0.07412354935 0.07242204926 0.07007951132 0.06773697339 0.06539443545 0.06305189752 0.06070935959 0.05879213195 0.05786729501 0.05694245807 0.05601762113 0.05509278419 0.05416794725 0.05324311031 
0.05078648282 0.0517467018 0.05286399601 0.05398129023 0.05509858445 0.05621587867 0.05733317288 0.059313541 0.06166379792 0.06401405485 0.06636431178 0.0687145687 0.07170234778 0.07585670991 0.0795296191 0.08320252828 0.08687543747 0.09054834666 0.09422125584 0.1016210105 0.116543293 0.1221861049 0.1278289168 0.1334717287 0.1391145406 0.1447573525 0.1481406872 0.1509591526 0.1545311329 0.1372533083 0.1411505413 0.1450477744 0.05369680384 0.04868151933 0.04163409817 0.03862772837 0.03430747208 0.02900736066 0.02654721177 0.03544691301 0.04434661425 0.05324631549 0.06214601672 0.07104571796 0.0709166093 0.07044741845 0.06970747512 0.06896753179 0.06822758847 0.06748764514 0.06674770182 0.06593211771 0.06403253777 0.06168999983 0.0593474619 0.05700492397 0.05466238603 0.0527451584 0.05182032145 0.05089548451 0.04997064757 0.04904581063 0.04812097369 0.04812792828 
0.05187341767 0.05281618384 0.05379385562 0.05491114984 0.05602844406 0.05714573827 0.05826303249 0.0602434006 0.06259365753 0.06494391446 0.06729417138 0.07006944308 0.07454477384 0.07869913597 0.08237204515 0.08604495434 0.08971786353 0.09339077271 0.09943360332 0.106833358 0.1240755081 0.1378378568 0.1434806687 0.1491234806 0.1547662925 0.1604091044 0.1637924391 0.1666109045 0.1735737019 0.1458804145 0.1367583191 0.1406555522 0.04789265127 0.04661834561 0.03957092445 0.03656455465 0.03665364644 0.03135353502 0.02889338613 0.03779308737 0.0466927886 0.05559248984 0.06449219108 0.06549168366 0.06310537252 0.06263618166 0.06233162759 0.06159168426 0.06085174094 0.06011179761 0.05937185429 0.05855627018 0.05769025888 0.05564302628 0.05330048834 0.05095795041 0.04861541248 0.04669818484 0.0457733479 0.04484851096 0.04392367402 0.04299883708 0.04290225927 0.04301274625 
0.05296035253 0.05390311869 0.05484588486 0.05584100944 0.05695830366 0.05807559788 0.0591928921 0.06117326021 0.06352351714 0.06587377406 0.06843653837 0.07291186913 0.07738719989 0.08154156202 0.08521447121 0.0888873804 0.09256028958 0.09833979559 0.1046459508 0.1120457055 0.1292878556 0.1465300058 0.1591324206 0.1647752325 0.1704180444 0.1760608563 0.179444191 0.1822626564 0.192616271 0.1649229836 0.1323660969 0.13626333 0.0420884987 0.04427806234 0.03750775073 0.03450138093 0.03899982079 0.03369970937 0.03123956048 0.04013926172 0.04903896296 0.0579386642 0.06006675801 0.05768044687 0.05529413574 0.05482494488 0.05456876739 0.05421583673 0.05347589341 0.05273595008 0.05199600676 0.05118042265 0.05031441135 0.04944840006 0.04725351479 0.04491097685 0.04256843892 0.04065121128 0.03972637434 0.0388015374 0.03787670046 0.03767659027 0.03778707725 0.03789756423 
0.05404728738 0.05499005354 0.05593281971 0.05687558588 0.05788816327 0.05900545748 0.0601227517 0.06210311982 0.06445337674 0.06680363367 0.07127896443 0.07575429519 0.08022962595 0.08438398808 0.08805689727 0.09172980646 0.09724598785 0.1035521431 0.1098582983 0.117258053 0.1345002031 0.1517423532 0.1689845034 0.1804269844 0.1860697963 0.1917126082 0.1950959429 0.2013052254 0.21165884 0.1839655526 0.1357854718 0.1318711078 0.03628434613 0.03847390977 0.035444577 0.0324382072 0.03693664707 0.03604588373 0.03358573484 0.04248543608 0.05138513732 0.05464183237 0.05225552123 0.04986921009 0.04748289895 0.0470137081 0.04675753061 0.04650135312 0.04610004588 0.04536010255 0.04462015922 0.04380457512 0.04293856382 0.04207255253 0.04120654123 0.0388640033 0.03652146537 0.03460423773 0.03367940079 0.03275456385 0.03245092126 0.03256140824 0.03267189522 0.0327823822 
0.05513422223 0.05607698839 0.05701975456 0.05796252073 0.0589052869 0.05993531709 0.06105261131 0.06303297942 0.06538323635 0.06964605973 0.07412139049 0.07859672125 0.08307205201 0.08722641414 0.09089932333 0.09615218012 0.1024583353 0.1087644905 0.1150706457 0.1224704004 0.1397125506 0.1569547007 0.1741968508 0.191439001 0.2017215482 0.2073643601 0.2107476947 0.2203477944 0.230701409 0.2030081216 0.1548280408 0.1274788855 0.03048019356 0.0326697572 0.03338140328 0.03037503348 0.03487347335 0.03839205808 0.0359319092 0.04483161043 0.04921690672 0.04683059558 0.04444428445 0.04205797331 0.03967166217 0.03920247132 0.03894629382 0.03869011633 0.03843393884 0.03798425502 0.03724431169 0.03642872759 0.03556271629 0.034696705 0.0338306937 0.03281702974 0.03047449181 0.02855726417 0.02763242723 0.02722525225 0.02733573923 0.02744622621 0.02755671319 0.02766720017 
0.05622115708 0.05716392325 0.05810668941 0.05904945558 0.05999222175 0.06093498792 0.06198247091 0.06396283903 0.06801315502 0.07248848578 0.07696381654 0.0814391473 0.08591447807 0.0900688402 0.09505837239 0.1013645276 0.1076706828 0.113976838 0.1202829932 0.1276827479 0.144924898 0.1621670482 0.1794091983 0.1966513484 0.2138934986 0.2230161119 0.2290367489 0.2393903635 0.2497439781 0.2220506907 0.1738706098 0.125690529 0.02467604099 0.02686560463 0.02905516828 0.02831185976 0.03281029962 0.03730873949 0.03827808355 0.04379198108 0.04140566994 0.0390193588 0.03663304766 0.03424673653 0.03186042539 0.03139123453 0.03113505704 0.03087887955 0.03062270206 0.03036652457 0.02986846416 0.02905288006 0.02818686876 0.02732085747 0.02645484617 0.02558883488 0.02442751826 0.02251029062 0.02199958325 0.02211007023 0.02222055721 0.02233104419 0.02244153117 0.02255201815 
0.05730809193 0.0582508581 0.05919362426 0.06013639043 0.0610791566 0.06202192277 0.06296468894 0.06638025032 0.07085558108 0.07533091184 0.0798062426 0.08428157336 0.08875690412 0.09396456466 0.1002707199 0.1065768751 0.1128830303 0.1191891855 0.1254953407 0.1328950954 0.1501372455 0.1673793956 0.1846215458 0.2018636959 0.219105846 0.2363479962 0.2480793179 0.2584329325 0.2687865471 0.2410932597 0.1929131789 0.1447330981 0.01887188842 0.02106145206 0.02325101571 0.02624868603 0.0307471259 0.03524556577 0.03836705543 0.0359807443 0.03359443316 0.03120812202 0.02882181088 0.02643549974 0.02404918861 0.02357999775 0.02332382026 0.02306764277 0.02281146528 0.02255528779 0.0222991103 0.02167703253 0.02081102123 0.01994500994 0.01907899864 0.01821298735 0.01734697605 0.01677391424 0.01688440122 0.0169948882 0.01710537518 0.01721586216 0.01732634914 0.01743683612 
0.05681369455 0.05775646072 0.05869922689 0.05964199305 0.06058475922 0.06152752539 0.062168645 0.06340392271 0.06729940765 0.07177473841 0.07625006917 0.08072539993 0.08520073069 0.09040839123 0.09671454644 0.1030207016 0.1093268568 0.115633012 0.1219391673 0.1468314276 0.141361243 0.1586033931 0.1758455433 0.1930876934 0.2103298435 0.2275719937 0.2393033154 0.24965693 0.2593833169 0.235432033 0.1872519522 0.1390718714 0.01812122241 0.02022979235 0.022419356 0.02541702632 0.02991546619 0.03441390606 0.03659292769 0.03556449559 0.03317818445 0.03079187331 0.02840556217 0.02601925104 0.0236329399 0.02316374904 0.02290757155 0.02265139406 0.02239521657 0.02213903908 0.0219979427 0.02146792981 0.02060191852 0.01973590722 0.01886989593 0.01800388464 0.01716534573 0.01691682664 0.01748409233 0.01759457931 0.01770506629 0.01781555327 0.01792604025 0.01803652723 
0.05631929717 0.05726206334 0.05820482951 0.05914759568 0.06009036184 0.06078175588 0.06122177778 0.0624570555 0.06403315713 0.06821856498 0.07269389574 0.0771692265 0.08164455727 0.0868522178 0.09315837301 0.09946452821 0.1057706834 0.1120768386 0.1387145413 0.1636068016 0.1524585334 0.1498273906 0.1670695408 0.1843116909 0.201553841 0.2187959912 0.2305273129 0.2408809275 0.2477847897 0.2264723061 0.1815907255 0.1334106447 0.01743866475 0.01939813264 0.02158769629 0.02458536661 0.02908380648 0.03328659446 0.03443083452 0.03398435057 0.03276193574 0.03037562461 0.02798931347 0.02560300233 0.02321669119 0.02274750034 0.02249132285 0.02223514536 0.02197896787 0.02181485526 0.02178883999 0.0212588271 0.02039281581 0.01952680451 0.01866079322 0.01780851812 0.01707986877 0.01683134968 0.01770313452 0.01819427043 0.01830475741 0.01841524439 0.01852573137 0.01863621835 
0.05582489979 0.05676766596 0.05771043213 0.0586531983 0.05939486676 0.05983488866 0.06027491056 0.06151018828 0.06308628992 0.06466239155 0.06913772232 0.07361305308 0.07808838384 0.08329604437 0.08960219958 0.09590835478 0.10221451 0.1265931518 0.1554899153 0.1803821757 0.1692339074 0.1580856391 0.1582935382 0.1755356884 0.1927778385 0.2100199886 0.2217513104 0.232104925 0.2361862626 0.2148737789 0.1759294989 0.1277494181 0.01675610709 0.01857751753 0.02075603657 0.0237537069 0.02825214676 0.03112450129 0.03226874134 0.03182225739 0.03137577344 0.0299593759 0.02757306476 0.02518675362 0.02280044249 0.02233125163 0.02207507414 0.02181889665 0.02163176782 0.02160575255 0.02157973728 0.02104972439 0.02018371309 0.0193177018 0.01845169051 0.01772304116 0.01699439182 0.01674587273 0.01761765756 0.0184894424 0.01890444852 0.0190149355 0.01912542248 0.01923590946 
0.05533050241 0.05627326858 0.05721603475 0.05800797764 0.05844799954 0.05888802144 0.05932804334 0.06056332106 0.0621394227 0.06371552434 0.06558154889 0.07005687965 0.07453221041 0.07973987095 0.08604602615 0.09235218135 0.1144717624 0.1433685259 0.1722652894 0.1971575497 0.1860092815 0.1748610132 0.1637127449 0.1667596859 0.184001836 0.2012439861 0.2129753078 0.2205063978 0.2245877354 0.2032752518 0.168289172 0.1220881914 0.01607354943 0.01789495986 0.01992437686 0.02292204719 0.02742048705 0.02896240811 0.03010664816 0.02966016421 0.02921368026 0.02876719632 0.02715681605 0.02477050492 0.02238419378 0.02191500292 0.02165882543 0.02144868039 0.02142266511 0.02139664984 0.02137063456 0.02084062168 0.01997461038 0.01910859909 0.01836621355 0.0176375642 0.01690891486 0.01666039577 0.01753218061 0.01840396544 0.01927575028 0.01961462661 0.01972511359 0.01983560057 
0.05483610504 0.0557788712 0.05662108852 0.05706111042 0.05750113232 0.05794115422 0.05838117612 0.05961645384 0.06119255548 0.06276865712 0.06434475876 0.06650070622 0.07097603698 0.07618369752 0.08248985272 0.1023503729 0.1312471364 0.1601438999 0.1890406634 0.2139329238 0.2027846555 0.1916363872 0.180488119 0.1693398507 0.1752258335 0.1924679836 0.2041993053 0.2089078707 0.2129892083 0.1916767246 0.1566906449 0.1164269647 0.01539099177 0.0172124022 0.01909271715 0.02209038747 0.02525839388 0.02680031493 0.02794455498 0.02749807104 0.02705158709 0.02660510314 0.02615861919 0.02435425621 0.02196794507 0.02149875422 0.02126559295 0.02123957767 0.0212135624 0.02118754713 0.02116153185 0.02063151896 0.01976550767 0.01900938594 0.01828073659 0.01755208725 0.0168234379 0.01657491881 0.01744670365 0.01831848848 0.01919027332 0.02006205815 0.0203248047 0.02043529168 
0.05434170766 0.0552341994 0.0556742213 0.0561142432 0.0565542651 0.056994287 0.0574343089 0.05866958662 0.06024568826 0.0618217899 0.06339789154 0.06497399318 0.06741986355 0.07262752409 0.09022898345 0.119125747 0.1480225105 0.176919274 0.2058160375 0.2307082978 0.2195600295 0.2084117613 0.197263493 0.1861152248 0.1749669565 0.1836919811 0.1932280059 0.1973093435 0.2013906811 0.1800781975 0.1450921177 0.110106038 0.01470843411 0.01652984454 0.01835125498 0.02125872776 0.0230963007 0.02463822175 0.02578246181 0.02533597786 0.02488949391 0.02444300996 0.02399652601 0.02355004207 0.02155169636 0.02108250551 0.02105649024 0.02103047496 0.02100445969 0.02097844441 0.02095242914 0.02042241625 0.01965255832 0.01892390898 0.01819525964 0.01746661029 0.01673796095 0.01648944186 0.01736122669 0.01823301153 0.01910479636 0.0199765812 0.02084836603 0.0210349828 
0.05384731028 0.05428733218 0.05472735408 0.05516737598 0.05560739788 0.05604741978 0.05648744168 0.0577227194 0.05929882104 0.06087492268 0.06245102432 0.06402712596 0.0656032276 0.07810759398 0.1070043575 0.135901121 0.1647978845 0.193694648 0.2225914115 0.2474836719 0.2363354036 0.2251871353 0.2140388671 0.2028905988 0.1917423305 0.1805940623 0.1816294787 0.1857108164 0.189792154 0.1684796703 0.1334935906 0.09850751086 0.01402587644 0.01584728688 0.01766869731 0.01939228647 0.02093420752 0.02247612858 0.02362036863 0.02317388468 0.02272740073 0.02228091678 0.02183443284 0.02138794889 0.02094146494 0.0208734028 0.02084738752 0.02082137225 0.02079535698 0.0207693417 0.02074332643 0.02029573071 0.01956708137 0.01883843202 0.01810978268 0.01738113334 0.01665248399 0.0164039649 0.01727574974 0.01814753457 0.01901931941 0.01989110424 0.02076288908 0.02163467391 
0.05377500728 0.05468395766 0.05512397956 0.05556400146 0.05600402336 0.05644404526 0.05688406716 0.0578244803 0.05940058194 0.06097668358 0.06255278522 0.06412888686 0.0657049885 0.07820935489 0.1071061184 0.1360028819 0.1648996454 0.1937964089 0.2226931724 0.2374373661 0.2262890978 0.2151408296 0.2039925613 0.192844293 0.1816960248 0.173351126 0.1797074174 0.183788755 0.1878700927 0.166557609 0.1315715293 0.09658544955 0.01647391676 0.0182953272 0.02011673763 0.02014995245 0.0216918735 0.02323379456 0.02437803461 0.02393155066 0.02348506672 0.02303858277 0.02259209882 0.02214561487 0.02029678414 0.02178710424 0.02176108896 0.02173507369 0.02170905841 0.02168304314 0.02165702787 0.02286883311 0.02214018377 0.02141153442 0.02068288508 0.01995423573 0.01922558639 0.0189770673 0.01984885214 0.02072063697 0.0215924218 0.02246420664 0.02333599147 0.0236252073 
0.05370270428 0.05508058315 0.05552060505 0.05596062695 0.05640064885 0.05684067075 0.05728069265 0.05805729213 0.05950234285 0.06107844449 0.06265454613 0.06423064777 0.06580674941 0.07831111579 0.1072078793 0.1361046428 0.1650014063 0.1938981698 0.2227949333 0.2273910603 0.216242792 0.2050945238 0.1939462555 0.1827979872 0.171649719 0.1683508852 0.1777853561 0.1818666937 0.1859480314 0.1646355477 0.129649468 0.09466338823 0.01892195708 0.02074336752 0.02256477796 0.02031847837 0.02244953949 0.02399146054 0.02513570059 0.02468921665 0.0242427327 0.02379624875 0.0233497648 0.02290328085 0.01925143282 0.02270080568 0.0226747904 0.02264877513 0.02262275985 0.02259674458 0.02257072931 0.0243356682 0.02471328617 0.02398463682 0.02325598748 0.02252733813 0.02179868879 0.0215501697 0.02242195453 0.02329373937 0.0241655242 0.02503730904 0.02590909387 0.02561574068 
0.05363040128 0.05511248647 0.05591723053 0.05635725243 0.05679727433 0.05723729623 0.05767731813 0.05845391761 0.05960410375 0.06118020539 0.06275630703 0.06433240867 0.06590851031 0.0784128767 0.1073096402 0.1362064037 0.1651031672 0.1939999307 0.2127486276 0.2173447545 0.2061964863 0.195048218 0.1838999497 0.1727516815 0.1632854349 0.1633506445 0.1758632948 0.1799446324 0.1840259701 0.1627134864 0.1277274067 0.0951251821 0.02136999741 0.02319140784 0.02501281828 0.01975057921 0.02320720547 0.02474912652 0.02589336658 0.02544688263 0.02500039868 0.02455391473 0.02410743078 0.02265927056 0.01820608151 0.02165545436 0.02358849184 0.02356247657 0.02353646129 0.02351044602 0.02348443075 0.02524936964 0.02728638856 0.02655773922 0.02582908988 0.02510044053 0.02437179119 0.0241232721 0.02499505693 0.02586684177 0.0267386266 0.02761041144 0.02802908704 0.02760627407 
0.05355809828 0.05504018348 0.05631385601 0.05675387791 0.05719389981 0.05763392171 0.05807394361 0.0588505431 0.05977139012 0.0612819663 0.06285806794 0.06443416958 0.06601027122 0.0785146376 0.1074114011 0.1363081646 0.1652049281 0.1941016916 0.2027023218 0.2072984487 0.1961501805 0.1850019122 0.173853644 0.1627053757 0.1582851942 0.1583504038 0.1725731537 0.1780225711 0.1821039087 0.1607914251 0.1258053453 0.09626807745 0.02381803773 0.02563944816 0.02507789407 0.01918268006 0.02396487145 0.02550679251 0.02665103256 0.02620454861 0.02575806466 0.02531158071 0.02486509677 0.02161391925 0.0171607302 0.02061010305 0.02450219328 0.02447617801 0.02445016273 0.02442414746 0.02439813219 0.02616307108 0.02912197943 0.02913084162 0.02840219228 0.02767354293 0.02694489359 0.0266963745 0.02756815933 0.02843994417 0.029311729 0.03018351384 0.03001962043 0.02959680745 
0.05348579528 0.05496788048 0.05644996567 0.05715050339 0.05759052529 0.05803054719 0.05847056909 0.05924716858 0.0601680156 0.0613837272 0.06295982884 0.06453593048 0.06611203212 0.07861639851 0.107513162 0.1364099255 0.165306689 0.1863105118 0.192656016 0.197252143 0.1861038747 0.1749556064 0.1638073382 0.1532197438 0.1532849534 0.1533501631 0.167572913 0.1761005098 0.1801818474 0.1588693638 0.123883284 0.09741097279 0.02626607805 0.02808748848 0.02450999492 0.0186147809 0.02472253743 0.02626445849 0.02740869854 0.02696221459 0.02651573065 0.0260692467 0.02502175698 0.02056856793 0.01611537888 0.01956475174 0.02389218703 0.02538987945 0.02536386417 0.0253378489 0.02531183363 0.02707677252 0.03003568087 0.03170394402 0.03097529468 0.03024664533 0.02951799599 0.0292694769 0.03014126173 0.03101304657 0.0318848314 0.03243296678 0.03201015381 0.03158734084 
0.05341349228 0.05489557748 0.05637766267 0.05754712888 0.05798715078 0.05842717268 0.05886719458 0.05964379406 0.06056464109 0.06148548811 0.06306158975 0.06463769139 0.06621379303 0.07871815941 0.1076149229 0.1365116864 0.1654084499 0.176264206 0.1826097102 0.1872058372 0.1760575689 0.1649093007 0.1537610324 0.1482195031 0.1482847127 0.1483499223 0.1625726723 0.1741784485 0.1782597861 0.1569473024 0.1219612227 0.09855386814 0.02871411837 0.0305355288 0.02394209576 0.01804688175 0.02548020342 0.02702212447 0.02816636452 0.02771988058 0.02727339663 0.02682691268 0.02397640567 0.01952321662 0.01507002757 0.01851940042 0.02284683571 0.02630358089 0.02627756561 0.02625155034 0.02622553507 0.02799047396 0.03094938231 0.03390829065 0.03354839708 0.03281974773 0.03209109839 0.0318425793 0.03271436413 0.03358614897 0.0344579338 0.03442350017 0.0340006872 0.03357787422 
0.05334118928 0.05482327448 0.05630535967 0.05778744486 0.05838377626 0.05882379816 0.05926382006 0.06004041954 0.06096126657 0.06188211359 0.06316335065 0.06473945229 0.06631555393 0.07881992032 0.1077166838 0.1366134473 0.159872396 0.1662179002 0.1725634044 0.1771595314 0.1660112631 0.1548629949 0.1437147266 0.1432192623 0.143284472 0.1433496816 0.1575724315 0.1722563872 0.1763377248 0.1550252411 0.1210608136 0.09969676349 0.03116215869 0.03298356912 0.02337419661 0.01747898259 0.02491230426 0.02777979045 0.02892403051 0.02847754656 0.02803106261 0.02738424341 0.02293105436 0.01847786531 0.01402467626 0.01747404911 0.0218014844 0.02612891969 0.02719126705 0.02716525178 0.02713923651 0.0289041754 0.03186308375 0.03482199209 0.03612149947 0.03539285013 0.03466420079 0.0344156817 0.03528746653 0.03615925137 0.03683684653 0.03641403356 0.03599122058 0.03556840761 
0.05326888629 0.05475097148 0.05623305667 0.05771514186 0.05878040174 0.05922042364 0.05966044554 0.06043704503 0.06135789205 0.06227873907 0.06326511156 0.0648412132 0.06641731484 0.07892168123 0.1078184447 0.1367152082 0.1498260902 0.1561715944 0.1625170987 0.1671132256 0.1559649574 0.1448166891 0.138153812 0.1382190216 0.1382842312 0.1383494409 0.1525721908 0.1703343258 0.1744156635 0.1531031798 0.122203709 0.1008396588 0.03361019901 0.03543160944 0.02280629745 0.01691108344 0.02434440511 0.02853745644 0.02968169649 0.02923521254 0.02878872859 0.02633889209 0.02188570304 0.01743251399 0.01297932494 0.0164286978 0.02075613309 0.02508356837 0.02810496849 0.02807895322 0.02805293795 0.02981787684 0.03277678519 0.03573569353 0.03869460187 0.03796595253 0.03723730319 0.0369887841 0.03786056893 0.03873235377 0.03882737991 0.03840456694 0.03798175397 0.03755894099 
0.05319658329 0.05467866848 0.05616075367 0.05764283886 0.05912492406 0.05961704912 0.06005707102 0.06083367051 0.06175451753 0.06267536456 0.06359621158 0.0649429741 0.06651907574 0.07902344213 0.1079202056 0.1334342803 0.1397797845 0.1461252887 0.1524707929 0.1570669198 0.1459186516 0.1347703833 0.1331535713 0.1332187809 0.1332839905 0.1333492001 0.1475719501 0.1653340851 0.1724936022 0.1511811185 0.1233466043 0.1019825542 0.03605823933 0.03531051614 0.0222383983 0.01634318428 0.02377650595 0.02929512242 0.03043936247 0.02999287852 0.02954639458 0.02529354078 0.02084035173 0.01638716268 0.01193397363 0.01538334649 0.01971078177 0.02403821706 0.02836565235 0.02899265466 0.02896663938 0.03073157828 0.03369048663 0.03664939497 0.03960830331 0.04053905493 0.03981040559 0.0395618865 0.04043367133 0.04124072627 0.0408179133 0.04039510033 0.03997228735 0.03954947438 
0.05312428029 0.05460636548 0.05608845067 0.05757053587 0.05905262106 0.0600136746 0.06045369651 0.06123029599 0.06215114302 0.06307199004 0.06399283706 0.06504473501 0.06662083665 0.07912520304 0.1080219665 0.1233879745 0.1297334787 0.1360789829 0.1424244871 0.1470206141 0.1358723458 0.1280881209 0.1281533305 0.1282185402 0.1282837498 0.1283489594 0.1425717094 0.1603338444 0.1705715409 0.1492590572 0.1244894997 0.1031254495 0.03850627965 0.03474261698 0.02167049914 0.01577528513 0.02320860679 0.0300527884 0.03119702845 0.03075054451 0.02870137852 0.02424818947 0.01979500042 0.01534181137 0.01088862232 0.01433799517 0.01866543046 0.02299286575 0.02732030104 0.0299063561 0.02988034082 0.03164527972 0.03460418807 0.03756309641 0.04052200475 0.04311215733 0.04238350798 0.04213498889 0.04300677373 0.04323125966 0.04280844669 0.04238563371 0.04196282074 0.04154000776 
0.05305197729 0.05453406248 0.05601614767 0.05749823287 0.05898031806 0.06041030009 0.06085032199 0.06162692147 0.0625477685 0.06346861552 0.06438946255 0.06531030957 0.06672259755 0.07922696394 0.1069961645 0.1133416687 0.1196871729 0.1260326771 0.1323781813 0.1369743083 0.12582604 0.1230878802 0.1231530898 0.1232182994 0.1232835091 0.1233487187 0.1375714686 0.1553336037 0.1686494795 0.1473369959 0.125632395 0.1042683449 0.04095431997 0.03417471783 0.02110259998 0.01520738597 0.02264070764 0.03007402931 0.03195469444 0.03150821049 0.0276560272 0.02320283815 0.0187496491 0.01429646006 0.009843271005 0.01329264386 0.01762007915 0.02194751443 0.02627494972 0.03060238501 0.03079404226 0.03255898116 0.03551788951 0.03847679785 0.04143570619 0.04439461454 0.04495661038 0.04470809129 0.04557987613 0.04522179304 0.04479898007 0.0443761671 0.04395335412 0.04353054115 
0.05297967429 0.05446175948 0.05594384467 0.05742592987 0.05890801506 0.06039010025 0.06124694747 0.06202354696 0.06294439398 0.063865241 0.06478608803 0.06570693505 0.06682435846 0.07932872485 0.09694985871 0.1032953629 0.1096408671 0.1159863713 0.1223318755 0.1269280025 0.1180224298 0.1180876394 0.1181528491 0.1182180587 0.1182832683 0.1183484779 0.1325712279 0.1503333629 0.1667274182 0.1481393405 0.1267752904 0.1054112402 0.04340236029 0.03360681867 0.02053470083 0.01463948682 0.02207280848 0.02950613015 0.03271236042 0.03106386494 0.02661067589 0.02215748684 0.01770429779 0.01325110874 0.008797919692 0.01224729255 0.01657472783 0.02090216312 0.02522959841 0.0295570337 0.0317077437 0.0334726826 0.03643159094 0.03939049929 0.04234940763 0.04530831598 0.04752971278 0.04728119369 0.0476351394 0.04721232643 0.04678951346 0.04636670048 0.04594388751 0.04552107453 
0.05290737129 0.05438945648 0.05587154167 0.05735362687 0.05883571206 0.06031779725 0.06164357295 0.06242017244 0.06334101946 0.06426186649 0.06518271351 0.06610356053 0.06702440756 0.07943048575 0.08690355293 0.09324905713 0.09959456134 0.1059400656 0.1122855698 0.1168816967 0.1130221891 0.1130873987 0.1131526083 0.113217818 0.1132830276 0.1133482372 0.1275709872 0.1453331222 0.1630952572 0.1492822358 0.1279181857 0.1065541356 0.04585040061 0.03303891952 0.01996680167 0.01407158766 0.02150490933 0.028938231 0.0334700264 0.03001851363 0.02556532458 0.02111213553 0.01665894648 0.01220575743 0.007752568379 0.01120194123 0.01552937652 0.01985681181 0.0241842471 0.02851168238 0.03262144514 0.03438638404 0.03734529238 0.04030420073 0.04326310907 0.04622201742 0.04918092576 0.04985429609 0.04962567279 0.04920285982 0.04878004684 0.04835723387 0.04793442089 0.04751160792 
0.05283506829 0.05431715348 0.05579923868 0.05728132387 0.05876340906 0.06024549425 0.06172757945 0.06281679792 0.06373764495 0.06465849197 0.06557933899 0.06650018602 0.06742103304 0.07051174294 0.07685724715 0.08320275135 0.08954825556 0.09589375977 0.102239264 0.1079567387 0.1080219484 0.108087158 0.1081523676 0.1082175772 0.1082827869 0.1083479965 0.1225707464 0.1403328815 0.1580950165 0.1504251312 0.129061081 0.1076970309 0.0455431382 0.03247102036 0.01939890252 0.01350368851 0.02093701017 0.02837033184 0.03342635136 0.02897316232 0.02451997327 0.02006678422 0.01561359517 0.01116040612 0.006707217066 0.01015658992 0.01448402521 0.0188114605 0.02313889578 0.02746633107 0.03179376636 0.03530008548 0.03825899382 0.04121790217 0.04417681051 0.04713571886 0.0500946272 0.05203901915 0.05161620617 0.0511933932 0.05077058023 0.05034776725 0.04992495428 0.0495021413 
0.05273265094 0.05431402022 0.05579610541 0.0572781906 0.0587602758 0.06024236099 0.06172444618 0.06281366466 0.06373451168 0.0646553587 0.06557620573 0.06649705275 0.06741789977 0.07158975815 0.07795253558 0.08429803979 0.090643544 0.09698904821 0.1033345524 0.1090520272 0.1091172368 0.1091824464 0.109247656 0.1093128657 0.1093780753 0.1093332428 0.1272820419 0.1450441769 0.1628063119 0.1551364266 0.1337723765 0.1124083263 0.05877998462 0.04691530999 0.03384319214 0.02794797813 0.0353812998 0.04281462147 0.0349984228 0.03054523375 0.0260920447 0.02163885565 0.0171856666 0.01273247755 0.007153473543 0.01028118498 0.01460862027 0.01893605556 0.02326349084 0.02759092613 0.03204011449 0.03652045814 0.03947936648 0.04243827482 0.04539718317 0.04835609151 0.05131499986 0.05154436493 0.05110817479 0.05068536182 0.05026254884 0.04983973587 0.0494169229 0.04899410992 
0.05263023359 0.05431088695 0.05579297214 0.05727505734 0.05875714253 0.06023922772 0.06172131292 0.06281053139 0.06373137841 0.06465222544 0.06557307246 0.06649391948 0.06804340827 0.07252958752 0.07904782402 0.08539332823 0.09173883244 0.09808433665 0.1044298409 0.1101473156 0.1102125252 0.1102777349 0.1103429445 0.1104081541 0.1104733637 0.1102304554 0.1319933373 0.1497554723 0.1675176073 0.159847722 0.1384836719 0.1171196217 0.05925243145 0.06135959961 0.04828748177 0.04239226776 0.04982558942 0.05725891109 0.03657049423 0.03211730518 0.02766411613 0.02321092708 0.01875773803 0.01430454898 0.007278068604 0.01040578004 0.01473321533 0.01906065062 0.0233880859 0.02771552119 0.03326048714 0.03774083079 0.04069973914 0.04365864748 0.04661755582 0.04957646417 0.05178502916 0.05107646503 0.05060014341 0.05017733043 0.04975451746 0.04933170449 0.04890889151 0.04848607854 
0.05252781625 0.05423053273 0.05578983888 0.05727192407 0.05875400926 0.06023609446 0.06171817965 0.06280739812 0.06372824515 0.06464909217 0.0655699392 0.06649078622 0.06898323765 0.0734694169 0.08014311246 0.08648861667 0.09283412088 0.09917962508 0.1055251293 0.111242604 0.1113078137 0.1113730233 0.1114382329 0.1115034425 0.1115026269 0.1111276681 0.1367046327 0.1544667677 0.1722289028 0.1645590174 0.1431949673 0.1212073874 0.05972487828 0.07580388924 0.0627317714 0.05683655738 0.06426987905 0.07170320072 0.03814256567 0.03368937662 0.02923618757 0.02478299852 0.02032980947 0.01507246688 0.007402663664 0.0105303751 0.01485781039 0.01918524568 0.02351268097 0.02784011625 0.0344808598 0.03896120345 0.04192011179 0.04487902014 0.04783792848 0.05079683682 0.05131712926 0.05060856514 0.05009657108 0.04966929905 0.04924648608 0.0488236731 0.04840086013 0.04797804716 
0.0524253989 0.05412811538 0.05578670561 0.05726879081 0.058750876 0.06023296119 0.06171504638 0.06280426486 0.06372511188 0.06464595891 0.06556680593 0.06690674746 0.06992306702 0.07440924628 0.08110021507 0.08758390511 0.09392940931 0.1002749135 0.1066204177 0.1123378925 0.1124031021 0.1124683117 0.1125335214 0.112598731 0.1123998395 0.1120248807 0.1397207802 0.1591780631 0.1769401982 0.1692703128 0.1479062627 0.1251170016 0.0601973251 0.09024817886 0.07717606102 0.07128084701 0.07871416868 0.08042650448 0.0397146371 0.03526144805 0.030808259 0.02635506995 0.0219018809 0.01519706194 0.007527258725 0.01065497016 0.01498240545 0.01930984074 0.02363727603 0.02893873584 0.03570123245 0.0401815761 0.04314048445 0.04609939279 0.04905830113 0.0516420378 0.05084922937 0.05014066524 0.04962867119 0.04916126767 0.04873845469 0.04831564172 0.04789282875 0.04747001577 
0.05232298155 0.05402569804 0.05572841452 0.05726565754 0.05874774273 0.06022982793 0.06171191312 0.06280113159 0.06372197862 0.06464282564 0.06556367266 0.06784657684 0.0708628964 0.07534907565 0.08204004444 0.08867919354 0.09502469775 0.101370202 0.1077157062 0.1134331809 0.1134983905 0.1135636002 0.1136288098 0.113672011 0.1132970522 0.1129220933 0.1406179928 0.1638893586 0.1816514936 0.1739816083 0.1526175581 0.1290266159 0.06066977193 0.1046924685 0.09162035065 0.08572513663 0.0931584583 0.08199857591 0.04128670853 0.03683351948 0.03238033043 0.02792714138 0.02299146021 0.015321657 0.007651853785 0.01077956522 0.01510700051 0.0194344358 0.02376187109 0.0301591085 0.03692160511 0.04140194876 0.0443608571 0.04731976545 0.05027867379 0.05117413791 0.05038132947 0.04967276535 0.04916077129 0.04865323629 0.04823042331 0.04780761034 0.04738479736 0.04696198439 
0.0522205642 0.05392328069 0.05562599718 0.05726252427 0.05874460947 0.06022669466 0.06170877985 0.06279799833 0.06371884535 0.06463969237 0.06577008665 0.06878640621 0.07180272578 0.07628890503 0.08297987382 0.08967084261 0.09611998619 0.1024654904 0.1088109946 0.1145284694 0.114593679 0.1146588886 0.1147240982 0.1145692236 0.1141942648 0.1138193059 0.1415152055 0.168600654 0.186362789 0.1786929037 0.1573288535 0.1329362302 0.06114221876 0.1170668555 0.1060646403 0.1001694263 0.1076027479 0.08357064735 0.04285877997 0.03840559092 0.03395240187 0.02949921282 0.02311605527 0.01544625206 0.007776448846 0.01090416028 0.01523159557 0.01955903086 0.02461698454 0.03137948115 0.03814197776 0.04262232141 0.04558122976 0.0485401381 0.05149904645 0.05070623801 0.04991342958 0.04920486545 0.0486928714 0.04818087734 0.04772239193 0.04729957895 0.04687676598 0.04645395301 
0.05211814685 0.05382086334 0.05552357983 0.05722629631 0.0587414762 0.06022356139 0.06170564659 0.06279486506 0.06371571208 0.06463655911 0.06670991603 0.06972623559 0.07274255515 0.07722873441 0.0839197032 0.09061067198 0.09721527463 0.1035607788 0.109906283 0.1156237578 0.1156889674 0.115754177 0.1158193867 0.1154664363 0.1150914774 0.1147165186 0.1424124181 0.1733119494 0.1910740844 0.1834041991 0.1617729219 0.1368458444 0.06161466558 0.1175393023 0.1205089299 0.1146137159 0.1220470376 0.08514271878 0.0444308514 0.03997766235 0.0355244733 0.03091045354 0.02324065033 0.01557084712 0.007901043906 0.01102875534 0.01535619063 0.01968362592 0.0258373572 0.03259985381 0.03936235042 0.04384269407 0.04680160241 0.04976051076 0.05103114655 0.05023833812 0.04944552968 0.04873696556 0.0482249715 0.04771297744 0.04721436055 0.04679154757 0.0463687346 0.04594592162 
0.05201572951 0.05371844599 0.05542116248 0.05712387897 0.05873834293 0.06022042813 0.06170251332 0.06279173179 0.06371257882 0.06463342584 0.06764974541 0.07066606497 0.07368238453 0.07816856378 0.08485953257 0.09155050136 0.09824147015 0.1046560673 0.1110015715 0.1167190462 0.1167842559 0.1168494655 0.1167386077 0.1163636489 0.11598869 0.1156137312 0.1433096307 0.1780232448 0.1957853798 0.1881154945 0.1656825362 0.1407554587 0.06208711241 0.1180117491 0.1349532195 0.1290580055 0.1364913272 0.08671479022 0.04600292284 0.04154973379 0.03709654474 0.0310350486 0.02336524539 0.01569544218 0.008025638967 0.0111533504 0.01548078569 0.02029523324 0.02705772985 0.03382022646 0.04058272307 0.04506306673 0.04802197507 0.05098088341 0.05056324666 0.04977043822 0.04897762979 0.04826906567 0.04775707161 0.04724507755 0.04673308349 0.04628351619 0.04586070321 0.04543789024 
0.05191331216 0.05361602864 0.05531874513 0.05702146162 0.0587241781 0.06021729486 0.06169938005 0.06278859853 0.06370944555 0.06557325522 0.06858957478 0.07160589435 0.07462221391 0.07910839316 0.08579936195 0.09249033074 0.09918129953 0.1057513557 0.1120968599 0.1178143347 0.1178795443 0.1179447539 0.1176358204 0.1172608615 0.1168859027 0.1165109438 0.1442068433 0.1789204574 0.2004966753 0.1928267899 0.1695921504 0.144665073 0.06255955924 0.118484196 0.1493975091 0.1435022951 0.1380633986 0.08828686165 0.04757499427 0.04312180522 0.03866861617 0.03115964367 0.02348984045 0.01582003724 0.008150234027 0.01127794547 0.01560538075 0.0215156059 0.02827810251 0.03504059912 0.04180309573 0.04628343938 0.04924234773 0.0508881552 0.05009534676 0.04930253833 0.04850972989 0.04780116577 0.04728917171 0.04677717765 0.04626518359 0.04577548481 0.04535267183 0.04492985886 
0.05181089481 0.0535136113 0.05521632778 0.05691904427 0.05862176076 0.0602141616 0.06169624679 0.06278546526 0.06370631229 0.0665130846 0.06952940416 0.07254572372 0.07556204329 0.08004822254 0.08673919133 0.09343016012 0.1001211289 0.1068120977 0.1131921484 0.1189096231 0.1189748327 0.1189079918 0.118533033 0.1181580741 0.1177831153 0.1174081564 0.145104056 0.1798176701 0.2052079707 0.1975380853 0.1735017647 0.1485746872 0.06303200606 0.1189566428 0.1638417988 0.1579465848 0.13963547 0.08985893308 0.0491470657 0.04469387665 0.03895404194 0.03128423873 0.02361443551 0.0159446323 0.008274829088 0.01140254053 0.01597348195 0.02273597856 0.02949847517 0.03626097178 0.04302346839 0.04750381204 0.05046272038 0.0504202553 0.04962744687 0.04883463843 0.04804183 0.04733326588 0.04682127182 0.04630927776 0.0457972837 0.04528528964 0.04484464045 0.04442182747 
0.05170847746 0.05341119395 0.05511391044 0.05681662692 0.05851934341 0.06021102833 0.06169311352 0.062782332 0.06443659441 0.06745291397 0.07046923354 0.0734855531 0.07650187266 0.08098805192 0.0876790207 0.09436998949 0.1010609583 0.1077519271 0.1142874368 0.1200049115 0.1200701212 0.1198052044 0.1194302456 0.1190552868 0.1186803279 0.1183053691 0.1460012686 0.1807148827 0.2099192661 0.2022493808 0.177411379 0.1524843015 0.06350445289 0.1194290896 0.1753537263 0.1723908744 0.1412075415 0.09143100452 0.05071913714 0.04626594809 0.039078637 0.03140883379 0.02373903057 0.01606922736 0.008399424149 0.01152713559 0.0171938546 0.02395635121 0.03071884782 0.03748134443 0.04424384104 0.04872418469 0.05074516384 0.04995235541 0.04915954697 0.04836673854 0.0475739301 0.04686536598 0.04635337192 0.04584137786 0.0453293838 0.04481738975 0.04433660907 0.04391379609 
0.05160606011 0.0533087766 0.05501149309 0.05671420957 0.05841692606 0.06011964255 0.06168998026 0.06277919873 0.06537642379 0.06839274335 0.07140906291 0.07442538248 0.07744170204 0.08192788129 0.08861885008 0.09530981887 0.1020007877 0.1086917564 0.1153827252 0.1211002 0.1210773759 0.1207024171 0.1203274582 0.1199524994 0.1195775405 0.1192025817 0.1468984812 0.1816120953 0.2146305615 0.2062480707 0.1813209932 0.1563939158 0.06397689972 0.1199015364 0.1758261732 0.186835164 0.1427796129 0.09300307595 0.05229120857 0.04687303527 0.03920323206 0.03153342885 0.02386362563 0.01619382242 0.008524019209 0.01165173065 0.01841422726 0.02517672387 0.03193922048 0.03870171709 0.0454642137 0.04994455735 0.05027726395 0.04948445551 0.04869164708 0.04789883864 0.04710603021 0.04639746609 0.04588547203 0.04537347797 0.04486148391 0.04434948985 0.04383749579 0.04340576471 
0.05150364277 0.05320635925 0.05490907574 0.05661179223 0.05831450871 0.0600172252 0.06168684699 0.0632999336 0.06631625316 0.06933257273 0.07234889229 0.07536521185 0.07838153142 0.08286771067 0.08955867946 0.09624964825 0.102940617 0.1096315858 0.1163225546 0.1221954884 0.1219745885 0.1215996297 0.1212246709 0.120849712 0.1204747532 0.1200997943 0.1477956938 0.1825093079 0.217222922 0.210157685 0.1852306075 0.16030353 0.06444934654 0.1203739833 0.17629862 0.1941282213 0.1443516843 0.09457514738 0.05386328001 0.04699763033 0.03932782712 0.03165802391 0.0239882207 0.01631841748 0.00864861427 0.0128721033 0.01963459991 0.02639709652 0.03315959313 0.03992208974 0.04668458635 0.05060217249 0.04980936405 0.04901655562 0.04822374718 0.04743093875 0.04663813031 0.04592956619 0.04541757213 0.04490557807 0.04439358401 0.04388158996 0.0433695959 0.04289773333 
0.05140122542 0.0531039419 0.05480665839 0.05650937488 0.05821209136 0.05991480785 0.06161752434 0.06423976298 0.06725608254 0.0702724021 0.07328872167 0.07630504123 0.07932136079 0.08380754005 0.09049850883 0.09718947762 0.1038804464 0.1105714152 0.117262384 0.12324676 0.1228718012 0.1224968423 0.1221218835 0.1217469246 0.1213719658 0.120997007 0.1486929065 0.1834065206 0.2181201347 0.2140672992 0.1891402218 0.1642131443 0.06492179337 0.1208464301 0.1767710668 0.1957002927 0.1459237558 0.09614721882 0.05479202861 0.04712222539 0.03945242218 0.03178261897 0.02411281576 0.01644301254 0.00877320933 0.01409247596 0.02085497257 0.02761746918 0.03437996579 0.0411424624 0.04790495901 0.05013427259 0.04934146416 0.04854865572 0.04775584729 0.04696303885 0.04617023042 0.0454616663 0.04494967224 0.04443767818 0.04392568412 0.04341369006 0.042901696 0.04238970194 
