7.041171023e-005 8.459307537e-005 9.877444052e-005 0.0001129558057 0.0001271371708 0.000141318536 0.0001554999011 0.0001803566489 0.0002097885608 0.0002392204727 0.0002686523845 0.0002980842964 0.0003275162082 0.0003631609764 0.0004081250288 0.0004530890813 0.0004980531338 0.0005430171863 0.0005879812388 0.0006385849614 0.0007399457153 0.0008413064692 0.000942667223 0.001044027977 0.001145388731 0.001246749485 0.00143287921 0.001640201179 0.001847523148 0.001974612688 0.002058500151 0.002142387614 0.001756344126 0.00175905082 0.001761757514 0.001694788345 0.001498421146 0.001302053947 0.001125967707 0.001031005304 0.0009360429006 0.0008410804973 0.000746118094 0.0006511556908 0.0005561932875 0.000507790641 0.0004645613008 0.0004213319606 0.0003781026204 0.0003348732802 0.00029164394 0.0002599943234 0.0002360645226 0.0002121347219 0.0001882049211 0.0001642751203 0.0001403453195 0.0001200913268 0.0001084142196 9.673711247e-005 8.50600053e-005 7.338289813e-005 6.170579095e-005 5.002868378e-005 
0.002053740175 0.002067921541 0.002082102906 0.002096284271 0.002110465636 0.002124647001 0.003108943126 0.004364782119 0.005081476855 0.005110908767 0.005140340679 0.005169772591 0.005199204503 0.005732422652 0.006803631803 0.006848595856 0.006893559908 0.006938523961 0.006983488013 0.007034091736 0.00713545249 0.007236813244 0.007338173998 0.007439534751 0.007557322999 0.00831578351 0.0087779492 0.008985271169 0.009192593137 0.009319682677 0.00940357014 0.009459898198 0.008825278773 0.008819317136 0.00882202383 0.008782278427 0.008606329052 0.008409961852 0.008053417629 0.007056165306 0.006938645655 0.006843683251 0.006748720848 0.006653758445 0.006558796042 0.005602339709 0.005231202093 0.005187972753 0.005144743413 0.005101514072 0.005058284732 0.00453164065 0.003992091615 0.003968161814 0.003944232013 0.003920302213 0.003896372412 0.003876118419 0.003864441312 0.003852764205 0.003841087098 0.00382940999 0.003561035108 0.002408478998 
0.004037068641 0.004051250006 0.004065431371 0.004079612736 0.004251110008 0.005314064086 0.006377018164 0.007632857158 0.008971361115 0.009982597061 0.01001202897 0.01004146089 0.0100708928 0.01060411095 0.01189300845 0.01318190596 0.01328906668 0.01333403074 0.01337899479 0.01342959851 0.01353095926 0.01363232002 0.01373368077 0.01399931647 0.01475777698 0.01551623749 0.01602267338 0.01633034116 0.01653766313 0.01666475267 0.01674864013 0.01665492253 0.01589859196 0.01587958345 0.01588229015 0.01584254474 0.01571423696 0.01551786976 0.01516132553 0.01416407321 0.01316682089 0.01284628601 0.0127513236 0.0126563612 0.0125613988 0.01160494246 0.01055276458 0.009954613545 0.009911384205 0.009868154865 0.009824925524 0.009298281443 0.008449360866 0.007724188907 0.007700259106 0.007676329305 0.007652399504 0.007632145511 0.007620468404 0.007608791297 0.00759711419 0.007072041532 0.005919485423 0.004766929313 
0.006020397106 0.006034578471 0.006048759836 0.006456230968 0.007519185047 0.008582139125 0.009645093203 0.0109009322 0.01223943615 0.01357794011 0.01488371727 0.01491314918 0.01494258109 0.01547579924 0.01676469675 0.01805359425 0.01934249176 0.01972953751 0.01977450156 0.01982510529 0.01992646604 0.02002782679 0.02044130993 0.02119977044 0.02195823095 0.02271669146 0.02322312736 0.02366655711 0.02388273312 0.02400982266 0.0240110319 0.02384994687 0.02297190515 0.02295094405 0.02294255646 0.02290281106 0.02278422605 0.02262577766 0.02226923344 0.02127198112 0.02027472879 0.01927747647 0.01875392636 0.01865896395 0.01856400155 0.01760754522 0.01655536734 0.01550318946 0.014678025 0.01463479566 0.01459156632 0.01406492223 0.01321600166 0.01236708108 0.01151816051 0.0114323564 0.0114084266 0.0113881726 0.0113764955 0.01136481839 0.01058304796 0.009430491847 0.008277935737 0.007125379628 
0.008003725571 0.008017906936 0.008661351929 0.009724306007 0.01078726009 0.01185021416 0.01291316824 0.01416900724 0.01550751119 0.01684601515 0.01818451911 0.01952302306 0.01981426939 0.02034748754 0.02163638504 0.02292528255 0.02421418005 0.02550307756 0.02617000834 0.02622061206 0.02632197281 0.0268833034 0.02764176391 0.02840022442 0.02915868493 0.02991714544 0.03042358134 0.03086701108 0.03122780311 0.03135489265 0.03120605624 0.03104497121 0.03004521834 0.03002425724 0.03000329613 0.02996307738 0.02984449236 0.02972590735 0.02937714134 0.02837988902 0.0273826367 0.02638538438 0.02538813205 0.02466156671 0.0245666043 0.02361014797 0.02255797009 0.02150579221 0.02045361433 0.01940143645 0.01935820711 0.01883156303 0.01798264245 0.01713372187 0.0162848013 0.01543588072 0.01516445369 0.0151441997 0.01513252259 0.01409405438 0.01294149827 0.01178894216 0.01063638605 0.009483829943 
0.009987054036 0.01086647289 0.01192942697 0.01299238105 0.01405533512 0.0151182892 0.01618124328 0.01743708227 0.01877558623 0.02011409019 0.02145259415 0.0227910981 0.02412960206 0.02521917583 0.02650807334 0.02779697084 0.02908586835 0.03037476585 0.03166366336 0.03261611883 0.03332529686 0.03408375737 0.03484221788 0.03560067839 0.0363591389 0.03711759941 0.03762403531 0.03806746506 0.0385108948 0.03856216561 0.03840108058 0.03823999554 0.03711853153 0.03709757043 0.03707660932 0.03702334369 0.03690475868 0.03678617367 0.03648504925 0.03548779693 0.0344905446 0.03349329228 0.03249603996 0.03149878764 0.03056920706 0.02961275073 0.02856057284 0.02750839496 0.02645621708 0.0254040392 0.02435186132 0.02359820382 0.02274928324 0.02190036267 0.02105144209 0.02020252151 0.01935360094 0.01875761691 0.0176050608 0.01645250469 0.01529994859 0.01414739248 0.01299483637 0.01184228026 
0.01416405934 0.01522701342 0.0162899675 0.01735292158 0.01841587566 0.01947882973 0.02112716829 0.02337128325 0.02484239969 0.02618090364 0.0275194076 0.02885791156 0.03019641551 0.03151507689 0.0328039744 0.0340928719 0.03538176941 0.03667066691 0.03795956442 0.03975530143 0.04073306825 0.04149152876 0.04224998927 0.04300844978 0.04376691029 0.0445253708 0.04503481176 0.0454782415 0.04592167125 0.04597216639 0.04581108136 0.04564999633 0.04420858144 0.04418762034 0.04416665923 0.04438588134 0.04426729633 0.04414871132 0.04368572398 0.04268847166 0.04169121933 0.04069396701 0.03969671469 0.03869946237 0.03774402647 0.03670299201 0.03565081413 0.03459863625 0.03354645837 0.03249428049 0.03124680038 0.02979419713 0.02880734364 0.02795842307 0.02710950249 0.02626058191 0.02541166134 0.0244716501 0.02331909399 0.02216653788 0.02101398177 0.01986142567 0.01870886956 0.01685836863 
0.01870667746 0.01976963153 0.02083258561 0.02189553969 0.02295849377 0.02458515142 0.02673215083 0.02897626579 0.03126200171 0.0327141735 0.03405267746 0.03539118141 0.03672968537 0.03804834675 0.03933724425 0.04062614176 0.04191503926 0.04320393677 0.04507358123 0.04690719304 0.04796201343 0.04893385306 0.04969231357 0.05045077408 0.05120923459 0.0519676951 0.05247985491 0.05292407169 0.05336750144 0.05341799658 0.05325691155 0.05318460147 0.0513014208 0.0512804597 0.05138215843 0.05179879755 0.05168021254 0.05151745235 0.05090185985 0.04990460752 0.0489073552 0.04791010288 0.04691285056 0.04595628449 0.04501554085 0.04397450639 0.04292232851 0.04187015063 0.04081797275 0.03957937001 0.03808332341 0.03663072016 0.03520707914 0.03423172007 0.03338279949 0.03253387892 0.03168495834 0.0307449471 0.029592391 0.02843983489 0.02728727878 0.02613472267 0.02430083948 0.02231739669 
0.02324929557 0.02431224965 0.02537520373 0.0264381578 0.02804313455 0.03019013396 0.03233713337 0.03458124833 0.03686698424 0.03915272016 0.04058594731 0.04192445127 0.04326295523 0.0445816166 0.04587051411 0.04715941162 0.04844830912 0.05030532865 0.05222547284 0.05405908465 0.05511390504 0.05616872543 0.05713463786 0.05789309837 0.05865155888 0.05941001939 0.0599221792 0.06036990188 0.06081333163 0.06086382677 0.06070274174 0.06073652856 0.05839426017 0.05837329907 0.05879507464 0.05921171376 0.05909312875 0.05873358821 0.05811799571 0.05712074339 0.05612349107 0.05512623875 0.0541685425 0.05322779887 0.05228705523 0.05124602077 0.05019384289 0.04914166501 0.04791193964 0.04641589305 0.04491984645 0.0434672432 0.04204360218 0.04061996116 0.03965609649 0.03880717592 0.03795825534 0.03701824411 0.035865688 0.03471313189 0.03356057578 0.03174331032 0.02975986753 0.02777642474 
0.02779191368 0.02885486776 0.02991782184 0.03150111768 0.03364811709 0.03579511649 0.0379421159 0.04018623087 0.04247196678 0.0447577027 0.04704343861 0.04845772113 0.04979622508 0.05111488646 0.05240378397 0.05369268147 0.05553707606 0.05745722026 0.05937736445 0.06121097627 0.06226579665 0.06332061704 0.06437543743 0.06533542266 0.06609388317 0.06685234368 0.0673645035 0.06781508813 0.06825916182 0.06830965696 0.0682330164 0.06828845565 0.06548709953 0.06550315412 0.06620799085 0.06662462997 0.06646990163 0.06594972408 0.06533413158 0.06433687926 0.06333962694 0.06238080052 0.06144005688 0.06049931324 0.05955856961 0.05851753515 0.05746535727 0.05624450928 0.05474846268 0.05325241608 0.05175636948 0.05030376623 0.04888012521 0.0474564842 0.04603284318 0.04508047292 0.04423155234 0.04329154111 0.042138985 0.04098642889 0.03918578117 0.03720233838 0.03521889558 0.03323545279 
0.0323345318 0.03339748587 0.0349591008 0.03710610021 0.03925309962 0.04140009903 0.04354709844 0.04579121341 0.04807694932 0.05036268524 0.05264842115 0.05493415707 0.05632949494 0.05764815632 0.05893705382 0.06076882348 0.06268896767 0.06460911187 0.06652925606 0.06836286788 0.06941768827 0.07047250865 0.07152732904 0.07258214943 0.07353620746 0.07429466797 0.07480682779 0.07525741243 0.07570499201 0.07575548715 0.07578494349 0.07584038274 0.0725799389 0.07291607033 0.07362090705 0.07403754617 0.07368603749 0.07316585995 0.07255026745 0.07155301513 0.07059305854 0.0696523149 0.06871157126 0.06777082762 0.06683008398 0.06578904953 0.06457707891 0.06308103231 0.06158498571 0.06008893912 0.05859289252 0.05714028927 0.05571664825 0.05429300723 0.05286936621 0.05144572519 0.05050484935 0.04956483811 0.048412282 0.04662825201 0.04464480922 0.04266136643 0.04067792363 0.03869448084 
0.03687714991 0.03841708393 0.04056408334 0.04271108275 0.04485808216 0.04700508157 0.04915208098 0.05139619594 0.05368193186 0.05596766777 0.05825340369 0.0605391396 0.06282487552 0.06418142617 0.0660005709 0.06792071509 0.06984085929 0.07176100348 0.07368114767 0.07551475949 0.07656957988 0.07762440027 0.07867922066 0.07973404104 0.08078886143 0.08173699227 0.08224915208 0.08269973672 0.08315032136 0.08328143132 0.08333687057 0.08339230982 0.07967277826 0.08032898653 0.08103382326 0.0814223509 0.08090217336 0.08038199582 0.07976640332 0.07880531655 0.07786457291 0.07692382928 0.07598308564 0.075042342 0.07410159836 0.07290964854 0.07141360195 0.06991755535 0.06842150875 0.06692546215 0.06542941556 0.06397681231 0.06255317129 0.06112953027 0.05970588925 0.05828224823 0.05685860721 0.05583813511 0.05407072286 0.05208728006 0.05010383727 0.04812039448 0.04613695169 0.04415350889 
0.04017737274 0.0423288425 0.04447584191 0.04662284132 0.04876984073 0.05091684014 0.05306383955 0.05530795451 0.05759369043 0.05987942634 0.06216516226 0.06445089817 0.06673663409 0.06897783971 0.0708979839 0.0728181281 0.07473827229 0.07665841648 0.07857856068 0.08047283244 0.08159437878 0.08264919917 0.08370401955 0.08475883994 0.08581366033 0.08686848072 0.08743991251 0.08789049715 0.08834108179 0.0883618292 0.08841726844 0.08847270769 0.08473752464 0.08544236137 0.0861471981 0.08650013664 0.0859799591 0.08545978155 0.084836949 0.08389527827 0.08295453463 0.082013791 0.08107304736 0.08013230372 0.07919156008 0.07775104378 0.07625499718 0.07475895059 0.07326290399 0.07176685739 0.07027081079 0.06887444561 0.06745080459 0.06602716357 0.06460352255 0.06317988153 0.06175624051 0.06035492294 0.05837148015 0.05638803736 0.05440459456 0.05242115177 0.05043770898 0.04845426619 
0.04182106854 0.04398296912 0.04612996853 0.04827696794 0.05042396735 0.05257096676 0.05471796616 0.05696208113 0.05924781704 0.06153355296 0.06381928887 0.06610502479 0.0684076753 0.07077473018 0.07278942543 0.07470956963 0.07662971382 0.07854985801 0.08047000221 0.08236427397 0.08378305406 0.08483787445 0.08589269484 0.08694751523 0.08800233562 0.08905715601 0.08962858779 0.09007917243 0.09052975707 0.09014685478 0.09020229403 0.09025773328 0.08691075743 0.08748968104 0.08819451777 0.08872678887 0.08820661133 0.08768643378 0.08706360123 0.08607650311 0.08513575947 0.08419501583 0.0832542722 0.08231352856 0.08137278492 0.07993226862 0.07843622202 0.07694017542 0.07544412883 0.07394808223 0.07253237573 0.07118689261 0.06976325159 0.06833961057 0.06691596955 0.06549232853 0.06406868751 0.06283132118 0.06112787643 0.05914443364 0.05716099084 0.05517754805 0.05319410526 0.05121066247 
0.04346476433 0.04563305113 0.04778409514 0.04993109455 0.05207809396 0.05422509337 0.05637209278 0.05861620774 0.06090194366 0.06318767957 0.06547341549 0.0677591514 0.07014468343 0.07251173831 0.07468086696 0.07660101115 0.07852115535 0.08044129954 0.08236144374 0.0842557155 0.08591713539 0.08702654973 0.08808137012 0.08913619051 0.0901910109 0.09124583129 0.09181726308 0.09226784772 0.09268642995 0.09193188036 0.09198731961 0.09204275886 0.08917164512 0.08953700071 0.09024183743 0.09077410854 0.09043326356 0.08991308602 0.08929025346 0.08825772795 0.08731698431 0.08637624067 0.08543549704 0.0844947534 0.08355400976 0.08211349346 0.08061744686 0.07912140026 0.07762535367 0.07612930707 0.07484482272 0.0734993396 0.07207569858 0.07065205756 0.06922841654 0.06780477553 0.06648208619 0.06524471986 0.06388427271 0.06190082992 0.05991738712 0.05793394433 0.05595050154 0.05396705875 
0.04510846012 0.04727674692 0.04943822176 0.05158522117 0.05373222058 0.05587921998 0.05802621939 0.06027033436 0.06255607027 0.06484180619 0.0671275421 0.06942680969 0.07188169157 0.07424874644 0.07648406083 0.07849245268 0.08041259688 0.08233274107 0.08425288527 0.08614715703 0.08780857692 0.08921522501 0.0902700454 0.09132486579 0.09237968618 0.09343450657 0.09400593836 0.094456523 0.09484310282 0.09400512221 0.09377234519 0.09382778444 0.09143253281 0.09158432037 0.0922891571 0.09282142821 0.09265991579 0.09213973825 0.09151690569 0.09048345309 0.08949820915 0.08855746551 0.08761672187 0.08667597824 0.0857352346 0.0842947183 0.0827986717 0.0813026251 0.07980657851 0.078385516 0.07715726972 0.0758117866 0.07438814558 0.07296450456 0.07154086354 0.07011722252 0.06889548487 0.06765811855 0.06637467085 0.0646572262 0.0626737834 0.06069034061 0.05870689782 0.05672345503 
0.04675215592 0.04892044272 0.05108872952 0.05323934778 0.05538634719 0.0575333466 0.05968034601 0.06192446097 0.06421019689 0.0664959328 0.06878166872 0.07116381783 0.0736186997 0.07598575458 0.07822106897 0.08038389421 0.08230403841 0.0842241826 0.08614432679 0.08803859856 0.08970001845 0.09136143833 0.09245872069 0.09351354108 0.09456836147 0.09562318186 0.09619461364 0.09664519828 0.0969997757 0.09616179509 0.09555737077 0.09561281002 0.0936934205 0.09363164004 0.09433647677 0.09486874788 0.09488656802 0.09436639048 0.09374355792 0.09271010532 0.09167943399 0.09073869035 0.08979794671 0.08885720308 0.08791645944 0.08647594314 0.08497989654 0.08348384994 0.08198780334 0.08069796299 0.07946971672 0.07812423359 0.07670059257 0.07527695155 0.07385331054 0.07252650073 0.07130888356 0.07007151723 0.06878806953 0.06741362248 0.06543017968 0.06344673689 0.0614632941 0.05947985131 
0.04839585171 0.05056413851 0.05273242531 0.0548934744 0.0570404738 0.05918747321 0.06133447262 0.06357858759 0.0658643235 0.06815005942 0.07044594409 0.07290082596 0.07535570783 0.07772276271 0.0799580771 0.08219339149 0.08419547994 0.08611562413 0.08803576832 0.08993004009 0.09159145997 0.09325287986 0.09464739597 0.09570221636 0.09675703675 0.09781185714 0.09838328893 0.09883387357 0.09915644857 0.09831846796 0.09734239636 0.09739783561 0.09595430819 0.09569058246 0.09638379644 0.09691606755 0.09711322025 0.09659304271 0.09597021015 0.09493675755 0.09390330495 0.09291991519 0.09197917155 0.09103842791 0.09009768428 0.08865716798 0.08716112138 0.08566507478 0.08423865627 0.08301040999 0.08178216371 0.08043668059 0.07901303957 0.07758939855 0.07616575753 0.07493989941 0.07372228224 0.07248491591 0.07120146821 0.06991802052 0.06818657596 0.06620313317 0.06421969038 0.06223624758 
0.0500395475 0.0522078343 0.0543761211 0.0565444079 0.05869460042 0.06084159983 0.06298859924 0.0652327142 0.06751845012 0.06980418603 0.07218295222 0.07463783409 0.07709271597 0.07945977084 0.08169508523 0.08393039962 0.08608692146 0.08800706566 0.08992720985 0.09182148162 0.0934829015 0.09514432139 0.09680574128 0.09789089164 0.09894571203 0.1000005324 0.1005719642 0.1009931589 0.1013131214 0.1004751408 0.09912742194 0.09918286119 0.09821519588 0.09795147015 0.09843111611 0.09896338722 0.09917517931 0.09881969494 0.09819686238 0.09716340978 0.09612995718 0.09510114003 0.09416039639 0.09321965275 0.09227890912 0.09083839281 0.08934234622 0.08784629962 0.08655110326 0.08532285698 0.08409461071 0.08274912758 0.08132548656 0.07990184555 0.07857091526 0.07735329809 0.07613568092 0.07489831459 0.0736148669 0.0723314192 0.07094297224 0.06895952945 0.06697608666 0.06499264386 
0.0516832433 0.0538515301 0.05601981689 0.05818810369 0.06034872703 0.06249572644 0.06464272585 0.06688684082 0.06917257673 0.07146507848 0.07391996036 0.07637484223 0.0788297241 0.08119677898 0.08343209337 0.08566740776 0.08790272215 0.08989850719 0.09181865138 0.09371292314 0.09537434303 0.09703576292 0.09869718281 0.1000795669 0.1011343873 0.1021892077 0.1027606395 0.1031498318 0.1034697943 0.1026318137 0.1011703252 0.1009678868 0.1004760836 0.1002123578 0.1004784358 0.1010107069 0.101222499 0.1010463472 0.1004235146 0.09939006201 0.09835660941 0.09732315681 0.09634162123 0.09540087759 0.09446013395 0.09301961765 0.09152357106 0.09009179654 0.08886355026 0.08763530398 0.0864070577 0.08506157458 0.08363793356 0.08221429254 0.08098431394 0.07976669677 0.0785490796 0.07731171327 0.07602826558 0.07474481788 0.07346137019 0.07171592573 0.06973248294 0.06774904014 
0.05332693909 0.05549522589 0.05766351269 0.05983179949 0.06200008629 0.06414985306 0.06629685247 0.06854096743 0.07082670335 0.07320208662 0.07565696849 0.07811185036 0.08056673223 0.08293378711 0.0851691015 0.08740441589 0.08963973028 0.09178994872 0.09371009291 0.09560436467 0.09726578456 0.09892720445 0.1005886243 0.1022500442 0.1033230626 0.104377883 0.1049493148 0.1053065046 0.1056264672 0.1047884866 0.1033269981 0.1027529124 0.1027369713 0.1024732455 0.1025257554 0.1030580266 0.1032698187 0.1032729994 0.1026501668 0.1016167142 0.1005832616 0.09954980904 0.09852284607 0.09758210243 0.09664135879 0.09520084249 0.0937047959 0.09240424353 0.09117599725 0.08994775098 0.0887195047 0.08737402158 0.08595038056 0.08461532979 0.08339771262 0.08218009545 0.08096247828 0.07972511195 0.07844166426 0.07715821656 0.07587476887 0.07447232201 0.07248887922 0.07050543642 
0.05497063488 0.05713892168 0.05930720848 0.06147549528 0.06364378208 0.06580397967 0.06795097908 0.07019509404 0.07248421288 0.07493909475 0.07739397662 0.07984885849 0.08230374037 0.08467079524 0.08690610963 0.08914142402 0.09137673841 0.0936120528 0.09560153444 0.0974958062 0.09915722609 0.100818646 0.1024800659 0.1041414858 0.1055117379 0.1065665583 0.1071379901 0.1074631775 0.1077831401 0.1069451595 0.105483671 0.1045379379 0.1049978589 0.1047341332 0.1045730751 0.1051053462 0.1053171383 0.1054996516 0.1048768191 0.1038433665 0.1028099139 0.1017764613 0.1007430087 0.09976332727 0.09882258363 0.09738206733 0.0959449368 0.09471669053 0.09348844425 0.09226019797 0.09103195169 0.08968646857 0.08826282755 0.08702872847 0.0858111113 0.08459349413 0.08337587696 0.08213851064 0.08085506294 0.07957161525 0.07828816755 0.07700471986 0.0752452755 0.0732618327 
0.05661433068 0.05878261747 0.06095090427 0.06311919107 0.06528747787 0.06745576467 0.0696051057 0.07184922066 0.07422122101 0.07667610288 0.07913098476 0.08158586663 0.0840407485 0.08640780338 0.08864311777 0.09087843216 0.09311374655 0.09534906094 0.09749297597 0.09938724773 0.1010486676 0.1027100875 0.1043715074 0.1060329273 0.1076943472 0.1087552336 0.1092998878 0.1096198504 0.1099398129 0.1091018323 0.1076403439 0.1063229635 0.1072587466 0.1069950209 0.1067312952 0.1071526659 0.107364458 0.1075762501 0.1071034713 0.1060700187 0.1050365661 0.1040031135 0.1029696609 0.1019445521 0.1010038085 0.09956329217 0.0982573838 0.09702913752 0.09580089124 0.09457264497 0.09334439869 0.09199891557 0.09065974433 0.08944212716 0.08822450999 0.08700689282 0.08578927565 0.08455190932 0.08326846162 0.08198501393 0.08070156623 0.07941811854 0.07800167177 0.07601822898 
0.05825802647 0.06042631327 0.06259460007 0.06476288687 0.06693117367 0.06909946047 0.07125923231 0.07350334727 0.07595822915 0.07841311102 0.08086799289 0.08332287476 0.08577775663 0.08814481151 0.0903801259 0.09261544029 0.09485075468 0.09708606907 0.09932138346 0.1012786893 0.1029401091 0.104601529 0.1062629489 0.1079243688 0.1095857887 0.1109439088 0.1114565607 0.1117765233 0.1120964858 0.1112585052 0.1097970167 0.1083355283 0.1095196343 0.1092559086 0.1089921829 0.1091999856 0.1094117777 0.1096235698 0.1093301235 0.1082966709 0.1072632183 0.1062297657 0.1051963131 0.1041628605 0.1031850333 0.1017980771 0.1005698308 0.09934158452 0.09811333824 0.09688509196 0.09565684568 0.09431136256 0.09307314301 0.09185552584 0.09063790867 0.0894202915 0.08820267433 0.086965308 0.08568186031 0.08439841261 0.08311496492 0.08183151722 0.08054806953 0.07877462526 
0.05990172226 0.06207000906 0.06423829586 0.06640658266 0.06857486946 0.07074315626 0.07291144306 0.07524035541 0.07769523728 0.08015011915 0.08260500102 0.08505988289 0.08751476477 0.08988181964 0.09211713403 0.09435244842 0.09658776281 0.0988230772 0.1010583916 0.1031701308 0.1048315507 0.1064929706 0.1081543905 0.1098158103 0.1114772302 0.1131325841 0.1136132336 0.1139331961 0.1142531587 0.1134151781 0.1119536896 0.1104922011 0.111780522 0.1115167963 0.1112530706 0.1112473052 0.1114590973 0.1116708894 0.1115567758 0.1105233232 0.1094898706 0.108456418 0.1074229654 0.1063895128 0.1053662582 0.1041105241 0.1028822778 0.1016540315 0.1004257852 0.09919753896 0.09796929268 0.09670415886 0.09548654169 0.09426892452 0.09305130735 0.09183369018 0.09061607301 0.08937870668 0.08809525899 0.08681181129 0.0855283636 0.0842449159 0.08296146821 0.08153102154 
0.06076652378 0.06293481058 0.06510309738 0.06727138418 0.06943967098 0.07160795778 0.07374245336 0.07613610693 0.0785909888 0.08104587068 0.08350075255 0.08595563442 0.08841051629 0.09077757117 0.09301288556 0.09524819995 0.09748351434 0.09971882873 0.1019541431 0.1035436521 0.1052050719 0.1068664918 0.1085279117 0.1101893316 0.1118507515 0.1131290395 0.1135790745 0.113899037 0.1142189996 0.113381019 0.1119195305 0.110458042 0.1121686596 0.1119049339 0.1116412081 0.1116703127 0.1118821048 0.1120938969 0.1120933797 0.1110599271 0.1100264745 0.1089930219 0.1079595693 0.1069261167 0.1060827592 0.1049764816 0.1037482353 0.102519989 0.1012917427 0.1000634965 0.09883525018 0.09778671479 0.09656909762 0.09535148045 0.09413386328 0.09291624611 0.09169862894 0.09046126261 0.08917781492 0.08789436722 0.08661091953 0.08532747183 0.08404402414 0.08295356699 
0.06104715459 0.06321544139 0.06538372819 0.06755201499 0.06972030179 0.07185739669 0.07389571726 0.07630530586 0.07885579787 0.08131067975 0.08376556162 0.08622044349 0.08867532536 0.09104238024 0.09327769463 0.09551300902 0.09774832341 0.0999836378 0.1015464768 0.1027787331 0.104440153 0.1061015729 0.1077629928 0.1094244127 0.1107239857 0.1113211503 0.1119017914 0.1122217539 0.1125417165 0.1117037359 0.1102422474 0.1095691306 0.1111522346 0.1108885088 0.1106463512 0.110875086 0.1110868781 0.1112986702 0.1113624474 0.1103289948 0.1092955422 0.1082620896 0.107228637 0.1063770144 0.105756812 0.1046876699 0.1035293257 0.1023010794 0.1010728331 0.09984458684 0.09861634056 0.09758018613 0.09665352149 0.09543590432 0.09421828715 0.09300066998 0.09178305281 0.09054568648 0.08926223879 0.08797879109 0.0866953434 0.0854118957 0.08431454604 0.08337572432 
0.0613277854 0.0634960722 0.065664359 0.0678326458 0.06997234003 0.0720106606 0.07404898117 0.07645856977 0.07902727323 0.08157548882 0.08403037069 0.08648525256 0.08894013443 0.09130718931 0.0935425037 0.09577781809 0.09801313248 0.09959698629 0.1007815578 0.1020138142 0.1036752341 0.105336654 0.1069980738 0.108318932 0.1089160966 0.1095132611 0.1101018985 0.1105444708 0.1108644334 0.1100264528 0.1085649643 0.1093225962 0.1101358095 0.1098720838 0.1098511245 0.1100798593 0.1102916513 0.1105638015 0.1106315151 0.1095980625 0.1085646099 0.1075311573 0.1066712697 0.1060510673 0.1054308648 0.1043617227 0.1032426984 0.1020821698 0.1008539235 0.09962567722 0.09839743094 0.09736127651 0.09645318331 0.09552032819 0.09430271102 0.09308509385 0.09186747668 0.09063011035 0.08934666265 0.08806321496 0.08677976726 0.08567552508 0.08473670336 0.08379788165 
0.06160841621 0.06377670301 0.06594498981 0.06808728336 0.07012560393 0.0721639245 0.07420224507 0.07661183367 0.07918053714 0.08174924061 0.08429517976 0.08675006163 0.0892049435 0.09157199838 0.09380731277 0.09604262716 0.09764749583 0.09883206736 0.1000166389 0.1012488953 0.1029103151 0.104571735 0.1059138783 0.1065110428 0.1071082074 0.1077053719 0.1082940093 0.1088671878 0.1091871503 0.1083491697 0.107617655 0.1090760617 0.1091193845 0.1088556588 0.1090558978 0.1092846325 0.1094964246 0.1098328691 0.1099005828 0.1088671302 0.1078336776 0.106965525 0.1063453226 0.1057251201 0.1051049177 0.1040357756 0.1029167513 0.101797727 0.1006350139 0.0994067676 0.09817852132 0.09714236689 0.09623427368 0.09532618048 0.09438713489 0.09316951772 0.09195190055 0.09071453422 0.08943108652 0.08814763883 0.08703650412 0.08609768241 0.08515886069 0.08422003897 
0.06188904702 0.06405733382 0.0662022267 0.06824054727 0.07027886784 0.07231718841 0.07435550898 0.07676509758 0.07933380105 0.08190250451 0.08447120798 0.0870148707 0.08946975257 0.09183680745 0.09407212184 0.09569800537 0.0968825769 0.09806714842 0.09925171995 0.1004839763 0.1021453962 0.1035088246 0.1041059891 0.1047031537 0.1053003182 0.1058974827 0.1064861201 0.1070726257 0.1075098672 0.1066718866 0.1073711205 0.1088295272 0.1081029595 0.1080228133 0.1082606711 0.1084894058 0.1087589317 0.1091019368 0.1091696504 0.1081361978 0.1072597803 0.1066395779 0.1060193754 0.105399173 0.1047789705 0.1037098284 0.1025908041 0.1014717798 0.1003527555 0.09918785798 0.0979596117 0.09692345727 0.09601536406 0.09510727086 0.09419917766 0.09325394158 0.09203632441 0.09079895809 0.08951551039 0.08839748317 0.08745866145 0.08651983973 0.08558101802 0.0846421963 
0.06216967783 0.06431717003 0.0663554906 0.06839381117 0.07043213174 0.07247045231 0.07450877288 0.07691836148 0.07948706495 0.08205576842 0.08462447189 0.08719317536 0.08973456164 0.09210161652 0.09374851491 0.09493308643 0.09611765796 0.09730222949 0.09848680102 0.09971905738 0.1011037709 0.1017009354 0.1022980999 0.1028952645 0.103492429 0.1040895936 0.1046782309 0.1052647365 0.1058325841 0.1056661794 0.1071245861 0.1085829927 0.1070865345 0.1072275866 0.1074654443 0.1076941791 0.1080279994 0.1083710045 0.1084387181 0.1075540356 0.1069338331 0.1063136307 0.1056934282 0.1050732258 0.1044530233 0.1033838812 0.1022648569 0.1011458326 0.1000268083 0.09890778405 0.09774070208 0.09670454764 0.09579645444 0.09488836124 0.09398026804 0.09307217484 0.09212074828 0.09088338195 0.08975846221 0.08881964049 0.08788081878 0.08694199706 0.08600317535 0.08506435363 
0.06243809035 0.06447641092 0.06651473149 0.06855305206 0.07059137263 0.0726296932 0.07466801377 0.0770349916 0.07960369507 0.08217239854 0.084741102 0.08730980547 0.08987850894 0.09203188985 0.09321646138 0.09440103291 0.09558560444 0.09677017596 0.09795474749 0.09906870746 0.09966112365 0.1002582882 0.1008554527 0.1014526173 0.1020497818 0.1026469463 0.1032355837 0.1038220893 0.1044085949 0.105386485 0.1068448917 0.1083032984 0.1062761891 0.1065140468 0.1067519045 0.1069855377 0.1073285429 0.107671548 0.1078900112 0.1072698088 0.1066496063 0.1060294039 0.1054092014 0.104788999 0.1041687965 0.1030996544 0.1019806301 0.1008616058 0.09974258151 0.09862355721 0.09750453291 0.09639695968 0.09548886648 0.09458077328 0.09367268008 0.09276458687 0.09185649367 0.09094101156 0.09000218985 0.08906336813 0.08812454641 0.0871857247 0.08624690298 0.08530808127 
0.06263319316 0.06467151373 0.0667098343 0.06874815487 0.07078647544 0.07282479601 0.07490566859 0.07708144624 0.07950052246 0.08206922593 0.0846379294 0.08720663286 0.08977533633 0.09218561622 0.0940816003 0.09526617183 0.09645074336 0.09763531489 0.09881988641 0.09993384638 0.1004123023 0.1010070927 0.1016042572 0.1022014218 0.1027985863 0.1033957508 0.1039843882 0.1045708938 0.1048020172 0.1049078312 0.1063662379 0.1078246445 0.1060527706 0.1062906283 0.1065284861 0.1064749362 0.1068179413 0.1071609465 0.1072520936 0.1072359039 0.1066157014 0.105995499 0.1053752966 0.1047550941 0.1041348917 0.1030657495 0.1019467252 0.1008277009 0.09970867665 0.09858965235 0.09687864614 0.09555730165 0.09464920845 0.09374111525 0.09283302205 0.09192492885 0.09098132932 0.09003412267 0.08917533933 0.08823651761 0.0872976959 0.08635887418 0.08542005247 0.08448123075 
0.06282829597 0.06486661654 0.06690493711 0.06894325768 0.07098157825 0.07306141297 0.07515162624 0.07732740389 0.079539852 0.08196605332 0.08453475679 0.08710346026 0.08967216372 0.09208244361 0.09425508813 0.09613131075 0.09731588228 0.09850045381 0.09968502534 0.1007989853 0.1012774412 0.1017558972 0.1023530617 0.1029502262 0.1035473908 0.1041445553 0.1047331927 0.1053196983 0.1047215965 0.1047542656 0.105887584 0.1073459907 0.1058293521 0.1060672099 0.106112961 0.1059643346 0.1063073398 0.1065652898 0.1065747839 0.106611117 0.1065817966 0.1059615941 0.1053413917 0.1047211892 0.1041009868 0.1030318447 0.1019128204 0.1007937961 0.09967477178 0.09798020951 0.09603898811 0.09471764363 0.09380955043 0.09290145723 0.09199336403 0.09105145527 0.09005882318 0.08911161654 0.0882704026 0.0874096671 0.08647084538 0.08553202367 0.08459320195 0.08365438024 
0.06302339877 0.06506171934 0.06710003991 0.06913836048 0.07121715736 0.07330737062 0.07539758389 0.07757336154 0.07978580964 0.08199825775 0.08443158418 0.08700028765 0.08956899112 0.091979271 0.09415191552 0.09632456004 0.09818102121 0.09936559273 0.1005501643 0.1016641242 0.1021425802 0.1026210361 0.1031018662 0.1036990307 0.1042961953 0.1048933598 0.1054819972 0.1057469665 0.1046411758 0.1046738449 0.1054089302 0.1068673368 0.1056059336 0.1058437914 0.1056023595 0.1054537331 0.1057967382 0.10588798 0.1058974742 0.1059338073 0.1059701404 0.1059276893 0.1053074868 0.1046872844 0.1040670819 0.1029979398 0.1018789155 0.1007598912 0.09908177289 0.09714055149 0.09519933009 0.0938779856 0.0929698924 0.0920617992 0.09112158122 0.09012894914 0.08913631705 0.08818911041 0.08734789646 0.08650668252 0.08564399487 0.08470517315 0.08376635144 0.08282752972 
0.06321850158 0.06525682215 0.06729514272 0.06937290174 0.071463115 0.07355332827 0.07564354153 0.07781931919 0.08003176729 0.0822442154 0.0844566635 0.08689711504 0.08946581851 0.0918760984 0.09404874292 0.09622138744 0.09839403195 0.1002307317 0.1014153032 0.1025292632 0.1030077191 0.103486175 0.103964631 0.1044478352 0.1050449998 0.1056421643 0.1062308017 0.1056665458 0.1045607551 0.1045934242 0.1052391102 0.106388683 0.1053825152 0.105505109 0.1050917579 0.1049431315 0.1052078859 0.1052106703 0.1052201644 0.1052564976 0.1052928307 0.1053291638 0.105273582 0.1046533795 0.1040331771 0.1029640349 0.1018450107 0.1001833363 0.09824211486 0.09630089346 0.09435967206 0.09303832758 0.09213023438 0.09119170718 0.09019907509 0.089206443 0.08821381092 0.08726660427 0.08642539033 0.08558417639 0.08474296245 0.08387832264 0.08293950092 0.08200067921 
0.06341360439 0.06545192496 0.06752864612 0.06961885939 0.07170907265 0.07379928592 0.07588949918 0.07806527683 0.08027772494 0.08249017304 0.08470262115 0.08691506925 0.0893626459 0.09177292579 0.09394557031 0.09611821483 0.09829085935 0.1004635039 0.1022804421 0.1033944021 0.103872858 0.1043513139 0.1048297699 0.1053082258 0.1057938043 0.1063909688 0.1066919158 0.1055861251 0.1044803344 0.1045130035 0.1051586895 0.1059100292 0.1051590967 0.1049945074 0.1045811564 0.10443253 0.1045305762 0.1045333606 0.1045428547 0.1045791878 0.104615521 0.1046518541 0.1046881872 0.1046194746 0.1039992722 0.1029301301 0.1012848996 0.09934367824 0.09740245684 0.09546123544 0.09352001403 0.09219866955 0.09126183313 0.09026920104 0.08927656896 0.08828393687 0.08729130478 0.08634409814 0.0855028842 0.08466167026 0.08382045631 0.08297924237 0.08211265041 0.08117382869 
0.06360870719 0.0656843905 0.06777460377 0.06986481703 0.0719550303 0.07404524356 0.07613545683 0.07831123448 0.08052368259 0.08273613069 0.0849485788 0.0871610269 0.08937347501 0.09166975318 0.0938423977 0.09601504222 0.09818768674 0.1003603313 0.1025329758 0.104259541 0.1047379969 0.1052164529 0.1056949088 0.1061733647 0.1066518207 0.1071397733 0.1066114951 0.1055057044 0.1043999137 0.1044325828 0.1050782688 0.1057239548 0.1048972569 0.1044839059 0.1040705548 0.1038504821 0.1038532665 0.1038560509 0.103865545 0.1039018781 0.1039382112 0.1039745444 0.1040108775 0.1040472106 0.1039653673 0.102386463 0.1004452416 0.09850402021 0.09656279881 0.09462157741 0.09268035601 0.09133195908 0.090339327 0.08934669491 0.08835406282 0.08736143074 0.08636879865 0.08542159201 0.08458037807 0.08373916412 0.08289795018 0.08205673624 0.08121552229 0.08034697818 
0.06367315319 0.06577996989 0.06787018315 0.06996039642 0.07205060968 0.07414082295 0.07623103621 0.07844152672 0.08065397483 0.08286642293 0.08507887104 0.08729131914 0.08950376725 0.09170029392 0.09387293844 0.09604558296 0.09821822748 0.100390872 0.1025635165 0.1044702717 0.1049487277 0.1054271836 0.1059056395 0.1063840955 0.1068625514 0.1074949897 0.1066531424 0.1055473516 0.1044415609 0.1044742301 0.1051199161 0.105765602 0.1048372241 0.1044238731 0.104010522 0.1038227581 0.1038255425 0.1038283269 0.103837821 0.1038741541 0.1039104873 0.1039468204 0.1039831535 0.1040194866 0.1036525058 0.1023107695 0.1003695481 0.09842832675 0.09648710534 0.09454588394 0.09260466254 0.09108461593 0.09009198384 0.08909935176 0.08810671967 0.08711408758 0.0861214555 0.08517424885 0.08433303491 0.08349182097 0.08265060703 0.08180939308 0.08096817914 0.08021722141 
0.06368533645 0.06581539797 0.06790561123 0.06999582449 0.07208603776 0.07417625102 0.07626646429 0.07851166766 0.08073800091 0.08295044901 0.08516289712 0.08737534522 0.08958779333 0.09178432 0.09395696452 0.09612960904 0.09830225356 0.1004748981 0.1026475426 0.1044192392 0.1048976951 0.1053761511 0.105854607 0.1063330629 0.1068115189 0.1079469662 0.1067436168 0.1056378261 0.1045320354 0.1045647045 0.1052103905 0.1058560764 0.1049607374 0.1045440678 0.1041307167 0.1040228926 0.1040576528 0.1040604372 0.1040699314 0.1041062645 0.1041425976 0.1041789307 0.1042152639 0.104251597 0.1030941209 0.1025406619 0.1005994405 0.0986582191 0.0967169977 0.0947757763 0.0928345549 0.09120880914 0.09011470588 0.0891220738 0.08812944171 0.08713680962 0.08614417754 0.08519697089 0.08435575695 0.08351454301 0.08267332906 0.08183211512 0.08099090118 0.08036630213 
0.06369751972 0.06583517137 0.06794103931 0.07003125257 0.07212146584 0.0742116791 0.07630189237 0.07854709574 0.08082202699 0.08303447509 0.0852469232 0.0874593713 0.08967181941 0.09186834608 0.0940409906 0.09621363512 0.09838627964 0.1005589242 0.1026130478 0.1043682066 0.1048466626 0.1053251185 0.1058035744 0.1062820304 0.1068939377 0.1083989427 0.1068340912 0.1057283005 0.1046225098 0.1046551789 0.1053008649 0.1059339679 0.1050847235 0.1046642625 0.1042509115 0.1041430873 0.1042897632 0.1042925476 0.1043020417 0.1043383748 0.104374708 0.1044110411 0.1044473742 0.1041126585 0.1025357359 0.1020788007 0.1008293329 0.09888811145 0.09694689005 0.09500566865 0.09306444725 0.0914387015 0.09013742792 0.08914479583 0.08815216375 0.08715953166 0.08616689957 0.08521969293 0.08437847899 0.08353726505 0.0826960511 0.08185483716 0.08109872193 0.08051538286 
0.06370970298 0.06584735464 0.06797646739 0.07006668065 0.07215689391 0.07424710718 0.07633732044 0.07858252381 0.08089415151 0.08311850117 0.08533094928 0.08754339738 0.08975584549 0.09195237216 0.09412501668 0.0962976612 0.09847030571 0.1006429502 0.1025620153 0.1043171741 0.10479563 0.105274086 0.1057525419 0.1062309978 0.1073459142 0.1088509193 0.1070868727 0.1058187749 0.1047129842 0.1047456533 0.1053913393 0.1060057586 0.1052087096 0.1047844572 0.1043711062 0.104263282 0.1045218735 0.1045246579 0.104534152 0.1045704852 0.1046068183 0.1046431514 0.1046794845 0.1035542736 0.101977351 0.1015204157 0.1010592252 0.09911800381 0.09717678241 0.09523556101 0.0932943396 0.09166859385 0.0902531652 0.08916751787 0.08817488579 0.0871822537 0.08618962161 0.08524241497 0.08440120103 0.08355998708 0.08271877314 0.0818775592 0.08124780265 0.08066446359 
0.06372188625 0.06585953791 0.06799718956 0.07010210873 0.07219232199 0.07428253526 0.07637274852 0.07861795189 0.08092957959 0.08320252725 0.08541497535 0.08762742346 0.08983987157 0.09203639824 0.09420904276 0.09638168727 0.09855433179 0.1006139681 0.1025109827 0.1042661415 0.1047445975 0.1052230534 0.1057015093 0.1062928857 0.1077978907 0.1093028958 0.1075388492 0.1059092493 0.1048034586 0.1048361277 0.1054818137 0.1060775493 0.1053326956 0.1049046519 0.1044913009 0.1043834767 0.1047539839 0.1047567683 0.1047662624 0.1048025955 0.1048389286 0.1048752618 0.1045728112 0.1029958886 0.101418966 0.1009620308 0.1006295386 0.09934789616 0.09740667476 0.09546545336 0.09352423196 0.09189848621 0.09048305756 0.08919023991 0.08819760782 0.08720497574 0.08621234365 0.08526513701 0.08442392306 0.08358270912 0.08274149518 0.08198022245 0.08139688338 0.08081354432 
0.06373406951 0.06587172117 0.06800937283 0.07013753681 0.07222775007 0.07431796333 0.0764081766 0.07865337997 0.08096500767 0.08327663537 0.08549900143 0.08771144954 0.08992389764 0.09212042432 0.09429306883 0.09646571335 0.09863835787 0.1005629355 0.1024599502 0.104215109 0.1046935649 0.1051720209 0.1056504768 0.1067448622 0.1082498672 0.1097548723 0.1079908257 0.1059997237 0.104893933 0.1049266022 0.1055722881 0.10614934 0.1054566817 0.1050261362 0.1046114956 0.1045036714 0.1049632543 0.1049888786 0.1049983727 0.1050347059 0.105071039 0.1051073721 0.1040144262 0.1024375036 0.100860581 0.1004036458 0.1000711536 0.09957778852 0.09763656712 0.09569534572 0.09375412431 0.09212837856 0.09071294991 0.08929752126 0.08822032986 0.08722769777 0.08623506569 0.08528785904 0.0844466451 0.08360543116 0.08276421722 0.08212930318 0.08154596411 0.08096262504 
0.06374625278 0.06588390444 0.06802155609 0.07015920775 0.07226317815 0.07435339141 0.07644360468 0.07868880805 0.08100043575 0.08331206345 0.08558302751 0.08779547562 0.09000792372 0.09220445039 0.09437709491 0.09654973943 0.09861488831 0.100511903 0.1024089177 0.1041640765 0.1046425324 0.1051209883 0.1056918337 0.1071968387 0.1087018438 0.1102068488 0.1084428022 0.1060901981 0.1049844074 0.1050170766 0.1056517048 0.1062211307 0.1055806678 0.1051501223 0.1047316903 0.1046238661 0.105083449 0.1052209889 0.1052304831 0.1052668162 0.1053031493 0.1050329639 0.1034560413 0.1018791187 0.1003021961 0.09984526085 0.09951276866 0.09918027648 0.09786645947 0.09592523807 0.09398401667 0.09235827092 0.09094284227 0.08952741362 0.0882430519 0.08725041981 0.08625778773 0.08531058108 0.08446936714 0.0836281532 0.08286172297 0.0822783839 0.08169504484 0.08111170577 
0.06375843605 0.0658960877 0.06803373936 0.07017139101 0.07229860622 0.07438881949 0.07647903275 0.07872423612 0.08103586382 0.08334749152 0.08565911922 0.0878795017 0.0900919498 0.09228847647 0.09446112099 0.09663376551 0.09856385577 0.1004608704 0.1023578851 0.1041130439 0.1045914998 0.1050699558 0.1061438102 0.1076488152 0.1091538203 0.1106588253 0.1088947787 0.1063134692 0.1050748818 0.105107551 0.1057234955 0.1062929214 0.1057046539 0.1052741084 0.104851885 0.1047440609 0.1052036437 0.1054530993 0.1054625934 0.1054989265 0.1055352597 0.1044745789 0.1028976563 0.1013207337 0.09974381112 0.09928687589 0.0989543837 0.09862189152 0.09809635183 0.09615513042 0.09421390902 0.09258816327 0.09117273462 0.08975730597 0.08834187732 0.08727314185 0.08628050976 0.08533330312 0.08449208918 0.08365087524 0.0830108037 0.08242746463 0.08184412556 0.0812607865 
0.06377061931 0.06590827097 0.06804592262 0.07018357428 0.07232122594 0.07442424757 0.07651446083 0.0787596642 0.0810712919 0.0833829196 0.0856945473 0.08796352778 0.09017597588 0.09237250255 0.09454514707 0.09661580855 0.09851282322 0.1004098379 0.1023068526 0.1040620114 0.1045404673 0.1050907817 0.1065957867 0.1081007918 0.1096057968 0.1111108018 0.1093467553 0.1067654458 0.1051653563 0.1051980254 0.1057952862 0.1063647121 0.10582864 0.1053980945 0.1049720797 0.1048642556 0.1053238384 0.1056852096 0.1056947038 0.1057310369 0.1054931165 0.1039161939 0.1023392713 0.1007623488 0.09918542615 0.09872849093 0.09839599874 0.09806350656 0.09773101437 0.09638502278 0.09444380138 0.09281805563 0.09140262698 0.08998719832 0.08857176967 0.08729586389 0.0863032318 0.08535602516 0.08451481122 0.08374322349 0.08315988442 0.08257654536 0.08199320629 0.08140986723 
0.06378280258 0.06592045423 0.06805810589 0.07019575755 0.0723334092 0.07445967564 0.07654988891 0.07879509228 0.08110671998 0.08341834768 0.08572997538 0.08804160308 0.09026000196 0.09245652863 0.09462917315 0.096564776 0.09846179067 0.1003588053 0.10225582 0.1040109788 0.1044894348 0.1055427582 0.1070477632 0.1085527683 0.1100577733 0.1115627784 0.1097987318 0.1072174223 0.1052558307 0.1052884998 0.1058670769 0.1064365028 0.1059526261 0.1055220806 0.1050922745 0.1049844503 0.1054440331 0.105903616 0.1059268141 0.1059631472 0.1049347316 0.103357809 0.1017808864 0.1002039638 0.09862704119 0.09817010597 0.09783761378 0.0975051216 0.09717262941 0.09661491513 0.09467369373 0.09304794798 0.09163251933 0.09021709068 0.08880166203 0.08738623338 0.08632595384 0.0853787472 0.08453753325 0.08389230422 0.08330896515 0.08272562609 0.08214228702 0.08155894795 
0.06379498584 0.0659326375 0.06807028915 0.07020794081 0.07234559247 0.07448324412 0.07658531699 0.07883052036 0.08114214806 0.08345377576 0.08576540346 0.08807703116 0.09034402804 0.09254055471 0.09461672878 0.09651374346 0.09841075813 0.1003077728 0.1022047875 0.1039599463 0.1044897297 0.1059947347 0.1074997397 0.1090047448 0.1105097498 0.1120147549 0.1102507083 0.1076693988 0.1053463051 0.1053694417 0.1059388676 0.1065082935 0.1060766122 0.1056460667 0.1052155212 0.105104645 0.1055642279 0.1060238107 0.1061589244 0.1059532692 0.1043763466 0.102799424 0.1012225014 0.09964557883 0.09806865623 0.09761172101 0.09727922882 0.09694673663 0.09661424445 0.09628175226 0.09490358609 0.09327784034 0.09186241168 0.09044698303 0.08903155438 0.08761612573 0.08634867588 0.08540146923 0.08462472401 0.08404138495 0.08345804588 0.08287470681 0.08229136775 0.08170802868 
0.06380716911 0.06594482076 0.06808247242 0.07022012408 0.07235777573 0.07449542739 0.07662074506 0.07886594843 0.08117757613 0.08348920383 0.08580083153 0.08811245924 0.09042408694 0.09262458079 0.09456569624 0.09646271091 0.09835972558 0.1002567403 0.1021537549 0.1039089137 0.1049417062 0.1064467112 0.1079517163 0.1094567213 0.1109617264 0.1124667314 0.1107026848 0.1081213753 0.1055400658 0.1054412324 0.1060106583 0.1065800842 0.1062005983 0.1057700528 0.1053395073 0.1052248397 0.1056844226 0.1061440054 0.1063910348 0.1053948842 0.1038179617 0.1022410391 0.1006641165 0.09908719387 0.09751027127 0.09705333604 0.09672084386 0.09638835167 0.09605585949 0.0957233673 0.09513347844 0.09350773269 0.09209230404 0.09067687539 0.08926144674 0.08784601809 0.08643058944 0.08542419127 0.08477380474 0.08419046567 0.08360712661 0.08302378754 0.08244044847 0.08185710941 
0.06381935237 0.06595700403 0.06809465569 0.07023230734 0.072369959 0.07450761066 0.07664526231 0.07890137651 0.08121300421 0.08352463191 0.08583625961 0.08814788731 0.09045951501 0.09261764902 0.09451466369 0.09641167836 0.09830869304 0.1002057077 0.1021027224 0.1038886777 0.1053936827 0.1068986877 0.1084036928 0.1099086978 0.1114137029 0.1129187079 0.1111546613 0.1085733518 0.1059920423 0.1055130231 0.106082449 0.1066518748 0.1063245844 0.1058940389 0.1054634934 0.1053450344 0.1058046173 0.1062642002 0.1064134219 0.1048364993 0.1032595767 0.1016826541 0.1001057315 0.09852880891 0.09695188631 0.09649495108 0.0961624589 0.09582996671 0.09549747453 0.09516498234 0.09483249015 0.09373762504 0.09232219639 0.09090676774 0.08949133909 0.08807591044 0.08666048179 0.08550622453 0.08492288547 0.0843395464 0.08375620733 0.08317286827 0.0825895292 0.08200619014 
0.06389425877 0.06604636216 0.06818401382 0.07032166548 0.07245931713 0.07459696879 0.07673462044 0.07899405533 0.08130568303 0.08361731073 0.08592893843 0.08824056613 0.09055219383 0.09287301272 0.09478193119 0.09667894586 0.09857596054 0.1004729752 0.1023699899 0.1042278036 0.1057328086 0.1072378137 0.1087428187 0.1102478238 0.1117528288 0.1131782956 0.111087325 0.1085060155 0.105924706 0.1053913745 0.1059608003 0.1065302262 0.1061896312 0.1057590857 0.1053285402 0.1051783402 0.105637923 0.1060975059 0.1064307439 0.1049592709 0.1033823483 0.1018054257 0.1002285031 0.09865158053 0.09707465794 0.09661772271 0.09628523052 0.09595273834 0.09562024615 0.09528775397 0.0949379095 0.09377824694 0.09236281828 0.09094738963 0.08953196098 0.08811653233 0.08670110368 0.0855353019 0.08495196284 0.08436862377 0.08378528471 0.08320194564 0.08261860657 0.08194793717 
0.06397961902 0.06614858277 0.06828623443 0.07042388609 0.07256153774 0.0746991894 0.07683684106 0.07909627594 0.08140790364 0.08371953134 0.08603115904 0.08834278674 0.09060788524 0.09290168717 0.0951022487 0.09699926337 0.09889627804 0.1007932927 0.1026903074 0.1045481211 0.1060531261 0.1075581312 0.1090631362 0.1105681413 0.1120731463 0.1133214598 0.1109334365 0.108352127 0.1057708175 0.105237486 0.1058069118 0.1063763377 0.1060115216 0.1055809761 0.1051504306 0.1049638311 0.1054234139 0.1058829968 0.1064321767 0.1051955686 0.103618646 0.1020417234 0.1004648009 0.09888787826 0.09731095566 0.09685402043 0.09652152825 0.09618903606 0.09585654388 0.09552405169 0.09474907636 0.09366211541 0.0923718951 0.09095646645 0.0895410378 0.08812560914 0.08671018049 0.08554437872 0.08496103965 0.08437770059 0.08379436152 0.08321102245 0.08262768339 0.08185512858 
0.06406497927 0.06623703982 0.06838845504 0.0705261067 0.07266375835 0.07480141001 0.07693906167 0.07919849655 0.08151012425 0.08382175195 0.08613337965 0.08844500735 0.0906365597 0.09293036163 0.09542256621 0.09731958088 0.09921659555 0.1011136102 0.1030106249 0.1048684386 0.1063734437 0.1078784487 0.1093834537 0.1108884588 0.1123211563 0.1134646239 0.110779548 0.1081982385 0.105616929 0.1050835975 0.1056530233 0.1061833461 0.1058334119 0.1054028664 0.1049723209 0.104749322 0.1052089049 0.1056684877 0.1064336095 0.1053360031 0.1038549438 0.1022780212 0.1007010986 0.09912417598 0.09754725338 0.09709031816 0.09675782597 0.09642533379 0.0960928416 0.09576034941 0.09456024323 0.09347328228 0.09238097191 0.09096554326 0.08955011461 0.08813468596 0.08671925731 0.08555345553 0.08497011647 0.0843867774 0.08380343833 0.08322009927 0.08255358845 0.08176232 
0.06415033951 0.06632240007 0.06849067565 0.07062832731 0.07276597896 0.07490363062 0.07704128228 0.07930071716 0.08161234486 0.08392397256 0.08623560026 0.08850370065 0.09066523415 0.09295903608 0.09545124066 0.09763989839 0.09953691306 0.1014339277 0.1033309424 0.1051887561 0.1066937612 0.1081987662 0.1097037712 0.1112087763 0.1124643205 0.1136077881 0.1108014661 0.1080443499 0.1054630405 0.1049297089 0.1054991348 0.1059815562 0.1056553022 0.1052247567 0.1047611133 0.1045348129 0.1049943958 0.105581781 0.1064350423 0.1053374359 0.1040912415 0.1025143189 0.1009373963 0.0993604737 0.09778355111 0.09732661588 0.0969941237 0.09666163151 0.09632913932 0.09557151628 0.09437141009 0.09328444914 0.09227291835 0.09097462007 0.08955919142 0.08814376277 0.08672833412 0.08556253234 0.08497919328 0.08439585421 0.08381251515 0.08322917608 0.08246077986 0.08166951141 
0.06423569976 0.06640776032 0.06857982088 0.07073054792 0.07286819957 0.07500585123 0.07714350289 0.07940293777 0.08171456547 0.08402619318 0.08633782088 0.0885323751 0.0906939086 0.09298771053 0.09547991511 0.0979602159 0.09985723057 0.1017542452 0.1036512599 0.1055090736 0.1070140787 0.1085190837 0.1100240888 0.1114640171 0.1126074846 0.1137509522 0.1109446303 0.1078904614 0.1053091519 0.1047758204 0.1053452463 0.1057797663 0.1054771925 0.105046647 0.1045466043 0.1043203038 0.1047798867 0.1055832137 0.106436475 0.1053388687 0.1042412623 0.1027506166 0.101173694 0.09959677143 0.09801984883 0.09756291361 0.09723042142 0.09689792923 0.09656543705 0.09538268314 0.09418257695 0.093095616 0.09208408521 0.09098369689 0.08956826824 0.08815283958 0.08673741093 0.08557160916 0.08498827009 0.08440493103 0.08382159196 0.08315923973 0.08236797128 0.08157670283 
0.06432106001 0.06649312057 0.06866518113 0.07083276853 0.07297042019 0.07510807184 0.0772457235 0.07950515839 0.08181678609 0.08412841379 0.08639951605 0.08856104955 0.09072258306 0.09301638499 0.09550858957 0.09800079415 0.1001775481 0.1020745627 0.1039715774 0.1058293911 0.1073343962 0.1088394012 0.1103444063 0.1116071812 0.1127506488 0.1138941164 0.1110877944 0.1077365729 0.1051552634 0.1046219319 0.1051913578 0.1055779764 0.1052990829 0.1048685374 0.1043320952 0.1041057947 0.1045653776 0.1055846465 0.1064379078 0.1053403014 0.1042426951 0.1029869143 0.1014099917 0.09983306915 0.09825614656 0.09779921133 0.09746671914 0.09713422696 0.09639395619 0.09519385 0.09399374382 0.09290678287 0.09189525207 0.09088372128 0.08957734505 0.0881619164 0.08674648775 0.08558068597 0.0849973469 0.08441400784 0.08383066877 0.08306643114 0.08227516269 0.08148389424 
0.06440642026 0.06657848082 0.06875054138 0.07092260194 0.0730726408 0.07521029245 0.07734794411 0.079607379 0.0819190067 0.0842306344 0.08642819051 0.08858972401 0.09075125751 0.09304505944 0.09553726402 0.0980294686 0.1004978656 0.1023948803 0.1042918949 0.1061497086 0.1076547137 0.1091597187 0.1106068778 0.1117503454 0.1128938129 0.1140372805 0.1112309586 0.1075826844 0.1050013749 0.1044680434 0.1050022765 0.1053761866 0.1051209732 0.1046904277 0.1041175861 0.1038912857 0.1043508685 0.1055860793 0.1064393406 0.1053417342 0.1042441278 0.1031465215 0.1016462895 0.1000693669 0.09849244428 0.09803550905 0.09770301687 0.09737052468 0.09620512305 0.09500501687 0.09380491068 0.09271794973 0.09170641894 0.09069488814 0.08958642186 0.08817099321 0.08675556456 0.08558976278 0.08500642372 0.08442308465 0.08376489101 0.08297362256 0.08218235411 0.08139108565 
0.06449178051 0.06666384107 0.06883590163 0.07100796218 0.07317486141 0.07531251306 0.07745016472 0.07970959961 0.08202122731 0.08429533146 0.08645686496 0.08861839846 0.09077993196 0.09307373389 0.09556593847 0.09805814305 0.1005503476 0.1027151978 0.1046122124 0.1064700261 0.1079750312 0.1094800362 0.1107500419 0.1118935095 0.1130369771 0.1141804447 0.1113741227 0.1075803534 0.1048474864 0.1043141549 0.1048004866 0.1051743967 0.1049428635 0.1044986992 0.103903077 0.1036767766 0.1042465339 0.1055875121 0.1064407734 0.105343167 0.1042455606 0.1031479542 0.1018825872 0.1003056646 0.098728742 0.09827180678 0.09793931459 0.0972163961 0.09601628992 0.09481618373 0.09361607754 0.09252911659 0.0915175858 0.09050605501 0.08949452421 0.08818007002 0.08676464137 0.0855988396 0.08501550053 0.08443216147 0.08367208242 0.08288081397 0.08208954552 0.08129827707 
0.06457714076 0.06674920132 0.06892126187 0.07109332243 0.07326538299 0.07541473367 0.07755238533 0.07981182022 0.08212344792 0.08432400591 0.08648553941 0.08864707291 0.09080860642 0.09310240835 0.09559461293 0.09808681751 0.1005790221 0.1030355153 0.1049325299 0.1067903437 0.1082953487 0.1097497385 0.1108932061 0.1120366737 0.1131801412 0.1143236088 0.1115172869 0.1077235175 0.1046935979 0.1041602664 0.1045986967 0.1049726068 0.1047647539 0.1042841901 0.1036885679 0.1034622675 0.1042479666 0.1055889448 0.1064422061 0.1053445998 0.1042469934 0.103149387 0.1020517806 0.1005419623 0.09896503973 0.0985081045 0.09817561231 0.09702756297 0.09582745678 0.09462735059 0.09342724441 0.09234028346 0.09132875266 0.09031722187 0.08930569107 0.08818914684 0.08677371819 0.08560791641 0.08502457734 0.08437054229 0.08357927384 0.08278800539 0.08199673693 0.08120546848 
0.06466250101 0.06683456157 0.06900662212 0.07117868268 0.07335074324 0.07551695428 0.07765460594 0.07991404083 0.08219114686 0.08435268036 0.08651421387 0.08867574737 0.09083728087 0.0931310828 0.09562328738 0.09811549196 0.1006076965 0.1030999011 0.1052528475 0.1071106612 0.1086156662 0.1098929026 0.1110363702 0.1121798378 0.1133233054 0.114466773 0.111660451 0.1078666817 0.1045397094 0.1040063779 0.1043969068 0.1047708169 0.1045866442 0.104069681 0.1034740588 0.1032477584 0.1042493994 0.1055903776 0.1064436389 0.1053460325 0.1042484262 0.1031508198 0.1020532134 0.10077826 0.09920133745 0.09874440222 0.09803883602 0.09683872983 0.09563862364 0.09443851746 0.09323841127 0.09215145032 0.09113991953 0.09012838873 0.08911685794 0.08810532714 0.086782795 0.08561699322 0.08503365416 0.0842777337 0.08348646525 0.0826951968 0.08190392835 0.0811126599 
0.06474786126 0.06691992181 0.06909198237 0.07126404293 0.07343610349 0.07560816405 0.07775682655 0.08001626144 0.08221982132 0.08438135482 0.08654288832 0.08870442182 0.09086595532 0.09315975725 0.09565196183 0.09814416641 0.100636371 0.1031285756 0.105573165 0.1074309787 0.1088925992 0.1100360668 0.1111795344 0.112323002 0.1134664695 0.1146099371 0.1118036152 0.1080098458 0.1043858209 0.1038212069 0.104195117 0.1045690271 0.1044085345 0.103855172 0.1032595498 0.1030332493 0.1042508322 0.1055918104 0.1064450717 0.1053474653 0.1042498589 0.1031522526 0.1020546462 0.1009570398 0.09943763517 0.09898069995 0.09785000288 0.09664989669 0.09544979051 0.09424968432 0.09304957814 0.09196261718 0.09095108639 0.0899395556 0.0889280248 0.08791649401 0.08679187181 0.08562607004 0.08497619357 0.08418492512 0.08339365667 0.08260238822 0.08181111976 0.08101985131 
0.06483322151 0.06700528206 0.06917734262 0.07134940318 0.07352146374 0.0756935243 0.07785904716 0.08008696227 0.08224849577 0.08441002927 0.08657156277 0.08873309627 0.09089462978 0.09318843171 0.09568063629 0.09817284087 0.1006650454 0.10315725 0.1056494546 0.1077512962 0.1090357634 0.1101792309 0.1113226985 0.1124661661 0.1136096337 0.1147531013 0.1119467793 0.10815301 0.1043592407 0.103619417 0.1039933271 0.1043672372 0.1042304248 0.1036406629 0.1030450407 0.1029112868 0.104252265 0.1055932432 0.1064465044 0.1053488981 0.1042512917 0.1031536853 0.102056079 0.1009584726 0.0996739329 0.09886127593 0.09766116974 0.09646106356 0.09526095737 0.09406085119 0.092860745 0.09177378405 0.09076225325 0.08975072246 0.08873919166 0.08772766087 0.08671613008 0.08563514685 0.08488338498 0.08409211653 0.08330084808 0.08250957963 0.08171831118 0.08092704273 
0.06491858175 0.06709064231 0.06926270287 0.07143476343 0.07360682399 0.07577888454 0.0779509451 0.08011563672 0.08227717022 0.08443870372 0.08660023723 0.08876177073 0.09092330423 0.09321710616 0.09570931074 0.09820151532 0.1006937199 0.1031859245 0.1056781291 0.1080354599 0.1091789275 0.1103223951 0.1114658627 0.1126093303 0.1137527978 0.1148962654 0.1120899435 0.1082961741 0.1045024048 0.1034176271 0.1037915372 0.1041654473 0.104021776 0.1034261538 0.1028305316 0.1029127195 0.1042536977 0.1055946759 0.1064479372 0.1053503308 0.1042527245 0.1031551181 0.1020575117 0.1009599054 0.099862299 0.09867244279 0.09747233661 0.09627223042 0.09507212424 0.09387201805 0.09267191186 0.09158495091 0.09057342012 0.08956188932 0.08855035853 0.08753882773 0.08652729694 0.08558184485 0.0847905764 0.08399930795 0.0832080395 0.08241677104 0.08162550259 0.08083423414 
