2.460781024 2.40519954 2.349618057 2.294036573 2.238455089 2.182873605 2.127292122 2.071710638 2.017295695 1.971046541 1.924797387 1.878548232 1.832299078 1.786049924 1.739800769 1.693551615 1.649484026 1.611961131 1.574438237 1.536915342 1.499392448 1.461869554 1.424346659 1.386823765 1.354305956 1.330129955 1.305953955 1.281777954 1.257601954 1.233425953 1.209249953 1.185073952 1.164591906 1.147803813 1.13101572 1.114227627 1.097439534 1.080651441 1.063863348 1.047075255 1.035908711 1.028115097 1.020321483 1.012527868 1.004734254 0.9969406393 0.9891470248 0.9813534104 0.9795145926 0.9796607071 0.9798068216 0.9799529361 0.9800990506 0.980245165 0.9803912795 0.980537394 0.9827161407 0.9851852635 0.9876543862 0.990123509 0.9925926317 0.9950617545 0.9975308772 1 
2.416597937 2.371961314 2.322194287 2.266612804 2.21103132 2.155449836 2.099868352 2.044286869 1.989871926 1.943622772 1.897373617 1.851124463 1.804875309 1.758626154 1.712377 1.677129452 1.646464712 1.620307042 1.585980617 1.548457722 1.510934828 1.473411933 1.435889039 1.398366145 1.365848335 1.341672335 1.317496334 1.293320334 1.269144334 1.244968333 1.220920765 1.200854598 1.182427468 1.165639375 1.148851282 1.132063189 1.115275097 1.098487004 1.08206069 1.067587986 1.056125949 1.046644877 1.038851263 1.031057648 1.023264034 1.01547042 1.007676805 0.9998831908 0.9934042285 0.9887168591 0.9888629736 0.9890090881 0.9891552026 0.9893013171 0.9894474315 0.989593546 0.9917722927 0.9942414155 0.9967105382 0.999179661 1.001648784 1.004117907 1.003445099 1 
2.372414851 2.327778227 2.283141604 2.238504981 2.183607551 2.128026067 2.072444583 2.016863099 1.962448157 1.916199003 1.869949848 1.823700694 1.777451539 1.735603028 1.70343593 1.671268832 1.640604092 1.614446422 1.588288752 1.560000102 1.522477208 1.484954313 1.447431419 1.409908524 1.377390715 1.353214715 1.329038714 1.304862714 1.280686713 1.258822494 1.238756327 1.218690161 1.200263031 1.183474938 1.166686845 1.149898752 1.133110659 1.117914396 1.103441691 1.088968987 1.07750695 1.067851314 1.058195678 1.049587429 1.041793814 1.0340002 1.026206586 1.018412971 1.011934009 1.005893264 0.9998525192 0.9980652401 0.9982113546 0.9983574691 0.9985035836 0.998649698 1.000828445 1.003297568 1.00576669 1.008235813 1.010335297 1.006890198 1.003445099 1 
2.328231764 2.283595141 2.238958517 2.194321894 2.149685271 2.100602298 2.045020814 1.98943933 1.935024388 1.888775233 1.842526079 1.796276925 1.761909505 1.729742408 1.69757531 1.665408212 1.634743472 1.608585802 1.582428132 1.556270461 1.530112791 1.496496693 1.458973798 1.421450904 1.388933095 1.364757094 1.340581094 1.31679039 1.296724224 1.276658057 1.25659189 1.236525723 1.218098593 1.2013105 1.184522407 1.168240806 1.153768101 1.139295397 1.124822693 1.110349989 1.098887952 1.089232315 1.079576679 1.069921043 1.060323595 1.05252998 1.044736366 1.036942751 1.030463789 1.024423044 1.0183823 1.012341555 1.007267507 1.007413621 1.007559736 1.00770585 1.009884597 1.01235372 1.014822842 1.013780396 1.010335297 1.006890198 1.003445099 1 
2.284048677 2.239412054 2.194775431 2.150138807 2.105502184 2.06086556 2.016228937 1.962015561 1.907600618 1.861351464 1.820383081 1.788215983 1.756048885 1.723881788 1.69171469 1.659547592 1.628882852 1.602725182 1.576567511 1.550409841 1.524252171 1.498094501 1.470516178 1.432993284 1.400475475 1.376299474 1.35469212 1.334625953 1.314559786 1.294493619 1.274427452 1.254361286 1.235934156 1.219146063 1.204094511 1.189621807 1.175149103 1.160676398 1.146203694 1.13173099 1.120268953 1.110613317 1.10095768 1.091302044 1.081646408 1.071990772 1.063266146 1.055472532 1.04899357 1.042952825 1.03691208 1.030871335 1.02483059 1.018789845 1.016615888 1.016762002 1.018940749 1.020670594 1.017225495 1.013780396 1.010335297 1.006890198 1.003445099 1 
2.239865591 2.195228967 2.150592344 2.10595572 2.061319097 2.016682474 1.97204585 1.927409227 1.880176849 1.846689559 1.814522461 1.782355363 1.750188265 1.718021168 1.68585407 1.653686972 1.623022232 1.596864562 1.570706891 1.544549221 1.518391551 1.492233881 1.466076211 1.439918541 1.412660016 1.392593849 1.372527682 1.352461515 1.332395349 1.312329182 1.292263015 1.272196848 1.254420921 1.239948217 1.225475513 1.211002808 1.196530104 1.1820574 1.167584695 1.153111991 1.141649954 1.131994318 1.122338682 1.112683045 1.103027409 1.093371773 1.083716137 1.0740605 1.06752335 1.061482605 1.05544186 1.049401115 1.043360371 1.037319626 1.031278881 1.025818154 1.024115693 1.020670594 1.017225495 1.013780396 1.010335297 1.006890198 1.003445099 1 
2.202055081 2.167611875 2.123484922 2.078848299 2.034211676 1.989575052 1.944938429 1.900301805 1.857223873 1.825056775 1.792889677 1.76072258 1.728555482 1.696388384 1.664221287 1.63357648 1.607873748 1.585416179 1.559258509 1.533100839 1.506943169 1.480785499 1.454627829 1.428470159 1.405773416 1.387825153 1.367758986 1.347692819 1.327626652 1.307560485 1.287494318 1.267428152 1.250743607 1.236914282 1.222441578 1.207968874 1.19349617 1.179023465 1.164550761 1.150078057 1.13861602 1.128960384 1.119304747 1.109649111 1.099993475 1.090337838 1.080682202 1.071757962 1.065457225 1.059582547 1.053541802 1.047501058 1.041460313 1.035419568 1.029378823 1.023338078 1.019568523 1.016123424 1.012678325 1.009233227 1.005788128 1.002343029 0.9991144615 1 
2.165306667 2.130863461 2.096420255 2.054586822 2.009950198 1.965313575 1.920676952 1.876040328 1.832962395 1.800795298 1.7686282 1.736461102 1.704294005 1.672126907 1.642623818 1.615531024 1.589828292 1.568295748 1.546763205 1.520721163 1.494563493 1.468405823 1.442248153 1.416090483 1.39339374 1.376465208 1.359222913 1.339156746 1.319090579 1.299024412 1.278958245 1.258892079 1.242207534 1.228904611 1.215338488 1.200865783 1.186393079 1.171920375 1.15744767 1.142974966 1.131512929 1.121857293 1.112201657 1.10254602 1.092890384 1.083257604 1.074516213 1.065774823 1.059474085 1.053986898 1.048236771 1.042196027 1.036155282 1.030114537 1.024073792 1.018033047 1.014263492 1.010818394 1.007373295 1.003928196 1.000483097 0.9982289229 0.9991144615 1 
2.128558253 2.094115047 2.059671841 2.025228635 1.985688721 1.941052098 1.896415474 1.851778851 1.808700918 1.77653382 1.744366723 1.712199625 1.680032527 1.651671157 1.624578362 1.597485568 1.571782836 1.550250293 1.528717749 1.507185205 1.482183817 1.456026147 1.429868477 1.403710807 1.381014064 1.364085532 1.347157 1.330228468 1.310554506 1.290488339 1.270422172 1.250356006 1.233671461 1.220368538 1.207065615 1.193762693 1.179289988 1.164817284 1.15034458 1.135871875 1.124409839 1.114754202 1.105098566 1.09544293 1.086015855 1.077274465 1.068533074 1.059791684 1.053490946 1.048003759 1.042516572 1.036890996 1.030850251 1.024809506 1.018768761 1.012728016 1.008958462 1.005513363 1.002068264 0.9986231646 0.9973433844 0.9982289229 0.9991144615 1 
2.091809839 2.057366633 2.022923427 1.988480221 1.954037016 1.91679062 1.872153997 1.827517374 1.784439441 1.752272343 1.720105245 1.687938148 1.660718496 1.633625701 1.606532906 1.579440112 1.55373738 1.532204837 1.510672293 1.489139749 1.467607206 1.443646471 1.417488801 1.391331131 1.368634388 1.351705856 1.334777324 1.317848792 1.300920261 1.281952266 1.261886099 1.241819933 1.225135388 1.211832465 1.198529542 1.18522662 1.171923697 1.157714194 1.143241489 1.128768785 1.117306748 1.107651112 1.097995476 1.088774106 1.080032716 1.071291325 1.062549935 1.053808544 1.047507806 1.042020619 1.036533433 1.031046246 1.02554522 1.019504475 1.01346373 1.007422985 1.003653431 1.000208332 0.9967632326 0.9964578459 0.9973433844 0.9982289229 0.9991144615 1 
2.055061425 2.020618219 1.986175013 1.951731808 1.917288602 1.882845396 1.84789252 1.803255896 1.760177964 1.728010866 1.696858629 1.669765834 1.64267304 1.615580245 1.58848745 1.561394656 1.535691924 1.514159381 1.492626837 1.471094293 1.44956175 1.428029206 1.405109125 1.378951455 1.356254712 1.33932618 1.322397648 1.305469116 1.288540585 1.271612053 1.253350026 1.23328386 1.216599315 1.203296392 1.189993469 1.176690547 1.163387624 1.150084701 1.136138399 1.121665694 1.110203658 1.100548021 1.091532357 1.082790967 1.074049576 1.065308186 1.056566795 1.047825405 1.041524667 1.03603748 1.030550293 1.025063106 1.019575919 1.014088732 1.008158699 1.002117954 0.9983483996 0.9949033007 0.9955723073 0.9964578459 0.9973433844 0.9982289229 0.9991144615 1 
2.018313011 1.983869805 1.949426599 1.914983394 1.880540188 1.846096982 1.811653776 1.777210571 1.735916486 1.705905967 1.678813173 1.651720378 1.624627584 1.597534789 1.570441994 1.5433492 1.517646468 1.496113925 1.474581381 1.453048837 1.431516294 1.40998375 1.388451207 1.366571779 1.343875036 1.326946504 1.310017972 1.29308944 1.276160909 1.259232377 1.242303845 1.224747787 1.208063242 1.194760319 1.181457396 1.168154474 1.154851551 1.141548628 1.128245706 1.114562604 1.103100567 1.094290608 1.085549218 1.076807827 1.068066437 1.059325046 1.050583656 1.041842265 1.035541527 1.030054341 1.024567154 1.019079967 1.01359278 1.008105593 1.002618406 0.9968129234 0.9938012303 0.9946867688 0.9955723073 0.9964578459 0.9973433844 0.9982289229 0.9991144615 1 
1.994816837 1.960373631 1.925930426 1.89148722 1.857044014 1.822600809 1.788157603 1.753714397 1.720206757 1.693130712 1.666037917 1.638945123 1.611852328 1.584759534 1.557666739 1.530573945 1.504987658 1.483460937 1.461928393 1.44039585 1.418863306 1.397330763 1.375798219 1.354265676 1.334734511 1.317805979 1.300877448 1.283948916 1.267020384 1.250091852 1.233163321 1.216234789 1.201119062 1.187816139 1.174513216 1.161210294 1.147907371 1.134604448 1.121301526 1.107998603 1.098461351 1.089719961 1.08097857 1.07223718 1.063495789 1.054754399 1.046013008 1.037271618 1.03097088 1.025483693 1.019996506 1.014509319 1.009022132 1.003534945 0.9980477585 0.9929563464 0.9938012303 0.9946867688 0.9955723073 0.9964578459 0.9973433844 0.9982289229 0.9991144615 1 
1.988990318 1.954547112 1.920103906 1.885660701 1.851217495 1.816774289 1.782331084 1.747887878 1.714383824 1.687382391 1.660289597 1.633196802 1.606104007 1.579011213 1.551918418 1.524825624 1.499239337 1.477997907 1.456465364 1.43493282 1.413400277 1.391867733 1.370335189 1.348802646 1.329389285 1.312984323 1.296055792 1.27912726 1.262198728 1.245270197 1.228341665 1.211413133 1.196297406 1.182994483 1.169691561 1.156388638 1.143085715 1.129782792 1.11647987 1.103946183 1.095287488 1.087032635 1.078291245 1.069549854 1.060808464 1.052067073 1.043325683 1.034584292 1.028283555 1.022796368 1.017309181 1.011821994 1.006334807 1.00084762 0.9953604334 0.9920320179 0.9938012303 0.9946867688 0.9955723073 0.9964578459 0.9973433844 0.9982289229 0.9991144615 1 
1.983163798 1.948720593 1.914277387 1.879834181 1.845390976 1.81094777 1.776504564 1.742064945 1.708560891 1.681589912 1.654541276 1.627448481 1.600355686 1.573262892 1.546170097 1.519077303 1.493491016 1.472424254 1.451002334 1.42946979 1.407937247 1.386404703 1.36487216 1.343339616 1.323926255 1.308044864 1.291234136 1.274305604 1.257377072 1.240448541 1.223520009 1.206591477 1.19147575 1.178172827 1.164869905 1.151566982 1.138264059 1.124961137 1.111831292 1.10006684 1.091408146 1.08434531 1.07560392 1.066862529 1.058121139 1.049379748 1.040638358 1.031896967 1.02559623 1.020109043 1.014621856 1.009134669 1.003647482 0.9981602951 0.9937165144 0.9911076894 0.9928769018 0.9946867688 0.9955723073 0.9964578459 0.9973433844 0.9982289229 0.9991144615 1 
1.977337279 1.942894073 1.908450868 1.874007662 1.839564456 1.805121251 1.770679362 1.736242012 1.702737958 1.675766979 1.648792955 1.62170016 1.594607365 1.567514571 1.540421776 1.513328982 1.487742695 1.466675933 1.445539304 1.424006761 1.402474217 1.380941673 1.35940913 1.337876586 1.318463225 1.302581834 1.28641248 1.269483948 1.252555416 1.235626885 1.218698353 1.201769821 1.186654094 1.173351171 1.160048249 1.146745326 1.133442403 1.120139481 1.107951949 1.096187498 1.087528803 1.080733564 1.072916595 1.064175204 1.055433814 1.046692423 1.037951033 1.029209642 1.022908904 1.017421717 1.011934531 1.006447344 1.000960157 0.9954729699 0.9927921859 0.990183361 0.9919525733 0.9943472196 0.9955723073 0.9964578459 0.9973433844 0.9982289229 0.9991144615 1 
1.97151076 1.937067554 1.902624348 1.868181143 1.833737937 1.799294731 1.764856429 1.730419079 1.696915025 1.669944046 1.642973067 1.615951839 1.588859044 1.56176625 1.534673455 1.507580661 1.481994374 1.460927612 1.43986085 1.418543731 1.397011187 1.375478644 1.3539461 1.332413557 1.313000195 1.297118805 1.281237414 1.264662292 1.247733761 1.230805229 1.213876697 1.196948165 1.181832438 1.168529516 1.155226593 1.14192367 1.128620747 1.115837059 1.104072607 1.092308155 1.083649461 1.076854221 1.070058981 1.061487879 1.052746488 1.044005098 1.035263707 1.026522317 1.020221579 1.014734392 1.009247205 1.003760019 0.9982728317 0.9944766824 0.9918678574 0.9892590325 0.9910282448 0.9934228911 0.9955723073 0.9964578459 0.9973433844 0.9982289229 0.9991144615 1 
1.96568424 1.931241035 1.896797829 1.862354623 1.827911417 1.793470847 1.759033496 1.724596146 1.691092092 1.664121113 1.637150134 1.610179155 1.583110724 1.556017929 1.528925134 1.50183234 1.476246053 1.455179291 1.434112529 1.413045767 1.391548158 1.370015614 1.34848307 1.326950527 1.307537166 1.291655775 1.275774384 1.259840636 1.242912105 1.225983573 1.209055041 1.19212651 1.177010782 1.16370786 1.150404937 1.137102014 1.123799092 1.111957716 1.100193265 1.088428813 1.079770119 1.072974879 1.066179639 1.058800554 1.050059163 1.041317773 1.032576382 1.023834992 1.017534254 1.012047067 1.00655988 1.001072693 0.9961611789 0.9935523539 0.990943529 0.988334704 0.9901039164 0.9924985626 0.9948932089 0.9964578459 0.9973433844 0.9982289229 0.9991144615 1 
1.959857721 1.925414515 1.890971309 1.856528104 1.822085264 1.787647914 1.753210563 1.718773213 1.685269159 1.65829818 1.631327201 1.604356222 1.577362403 1.550269608 1.523176813 1.496084019 1.470497732 1.44943097 1.428364208 1.407297446 1.386085128 1.364552584 1.343020041 1.321487497 1.302074136 1.286192745 1.270311354 1.254429964 1.238090449 1.221161917 1.204233385 1.187304854 1.172189126 1.158886204 1.145583281 1.132280358 1.119842826 1.108078374 1.096313922 1.08454947 1.075890776 1.069095536 1.062300296 1.055505057 1.047371838 1.038630448 1.029889057 1.021147667 1.014846929 1.009359742 1.003872555 0.9983853682 0.9952368504 0.9926280255 0.9900192005 0.9874103755 0.9891795879 0.9915742341 0.9939688804 0.9963635266 0.9973433844 0.9982289229 0.9991144615 1 
1.954031201 1.919587996 1.88514479 1.850701584 1.816262331 1.781824981 1.74738763 1.71295028 1.679446226 1.652475247 1.625504268 1.598533289 1.57156231 1.544521287 1.517428492 1.490335698 1.464749411 1.443682649 1.422615887 1.401549126 1.380482364 1.359089554 1.337557011 1.316024467 1.296611106 1.280729715 1.264848325 1.248966934 1.233085543 1.216340261 1.199411729 1.182483198 1.167367471 1.154064548 1.140761625 1.127727935 1.115963483 1.104199031 1.09243458 1.080670128 1.072011434 1.065216194 1.058420954 1.051625714 1.044684513 1.035943122 1.027201732 1.018460342 1.012159604 1.006672417 1.00118523 0.9969213469 0.9943125219 0.991703697 0.989094872 0.9864860471 0.9882552594 0.9906499057 0.9930445519 0.9954391982 0.9973433844 0.9982289229 0.9991144615 1 
1.948204682 1.913761476 1.879318271 1.844876748 1.810439398 1.776002048 1.741564697 1.707127347 1.673623293 1.646652314 1.619681335 1.592710356 1.565739377 1.538768398 1.511680171 1.484587377 1.45900109 1.437934329 1.416867567 1.395800805 1.374734043 1.353626525 1.332093981 1.310561438 1.291148076 1.275266686 1.259385295 1.243503904 1.227622513 1.211518605 1.194590074 1.177661542 1.162545815 1.149242892 1.135939969 1.123848592 1.112084141 1.100319689 1.088555237 1.076790786 1.068132091 1.061336851 1.054541612 1.047746372 1.040951132 1.033255797 1.024514407 1.015773016 1.009472279 1.003985092 0.9986058434 0.9959970184 0.9933881935 0.9907793685 0.9881705435 0.9855617186 0.9873309309 0.9897255772 0.9921202234 0.9945148697 0.9969095159 0.9982289229 0.9991144615 1 
1.942378163 1.907934957 1.873491751 1.839053815 1.804616465 1.770179115 1.735741764 1.701304414 1.66780036 1.640829381 1.613858402 1.586887423 1.559916444 1.532945465 1.505931851 1.478839056 1.45325277 1.432186008 1.411119246 1.390052484 1.368985722 1.34791896 1.326630951 1.305098408 1.285685047 1.269803656 1.253922265 1.238040874 1.222159484 1.206278093 1.189768418 1.172839886 1.157724159 1.144421236 1.131733702 1.11996925 1.108204798 1.096440347 1.084675895 1.072911443 1.064252749 1.057457509 1.050662269 1.043867029 1.037071789 1.03027655 1.021827082 1.013085691 1.006784953 1.001297767 0.9976815149 0.9950726899 0.992463865 0.98985504 0.9872462151 0.9846373901 0.9864066025 0.9888012487 0.991195895 0.9935905412 0.9959851875 0.9982289229 0.9991144615 1 
1.936551643 1.902108438 1.867668233 1.833230882 1.798793532 1.764356181 1.729918831 1.695481481 1.661977427 1.635006448 1.608035469 1.58106449 1.554093511 1.527122532 1.500151553 1.473090735 1.447504449 1.426437687 1.405370925 1.384304163 1.363237401 1.342170639 1.321103877 1.299635378 1.280222017 1.264340626 1.248459235 1.232577845 1.216696454 1.200815063 1.184933673 1.16801823 1.152902503 1.139618811 1.127854359 1.116089908 1.104325456 1.092561004 1.080796553 1.069032101 1.060373407 1.053578167 1.046782927 1.039987687 1.033192447 1.026397207 1.019139757 1.010398366 1.004097628 0.9993660114 0.9967571864 0.9941483615 0.9915395365 0.9889307115 0.9863218866 0.9837130616 0.985482274 0.9878769202 0.9902715665 0.9926662127 0.995060859 0.9974555052 0.9991144615 1 
1.930725124 1.89628265 1.8618453 1.827407949 1.792970599 1.758533248 1.724095898 1.689658548 1.656154494 1.629183515 1.602212536 1.575241557 1.548270578 1.521299599 1.49432862 1.467342414 1.441756128 1.420689366 1.399622604 1.378555842 1.35748908 1.336422318 1.315355556 1.294172348 1.274758987 1.258877596 1.242996206 1.227114815 1.211233424 1.195352034 1.179470643 1.163196574 1.148080847 1.135739469 1.123975017 1.112210565 1.100446114 1.088681662 1.07691721 1.065152758 1.056494064 1.049698824 1.042903584 1.036108345 1.029313105 1.022517865 1.015722625 1.007711041 1.001410303 0.9984416829 0.9958328579 0.993224033 0.990615208 0.9880063831 0.9853975581 0.9827887332 0.9845579455 0.9869525918 0.989347238 0.9917418843 0.9941365305 0.9965311768 0.998925823 1 
1.924898604 1.890459717 1.856022367 1.821585016 1.787147666 1.752710315 1.718272965 1.683835615 1.650331561 1.623360582 1.596389603 1.569418624 1.542447645 1.515476666 1.488505687 1.461534708 1.436007807 1.414941045 1.393874283 1.372807521 1.351740759 1.330673997 1.309607235 1.288540473 1.269295957 1.253414567 1.237533176 1.221651785 1.205770394 1.189889004 1.174007613 1.158126222 1.143624578 1.131860126 1.120095675 1.108331223 1.096566771 1.084802319 1.073037868 1.061273416 1.052614722 1.045819482 1.039024242 1.032229002 1.025433762 1.018638522 1.011843282 1.005023716 1.000126179 0.9975173544 0.9949085295 0.9922997045 0.9896908796 0.9870820546 0.9844732296 0.9818644047 0.983633617 0.9860282633 0.9884229095 0.9908175558 0.993212202 0.9956068483 0.9980014945 1 
1.922058311 1.88719986 1.85276251 1.818325159 1.783887809 1.749450459 1.715013108 1.680575758 1.647071704 1.620100725 1.593129746 1.566158767 1.539187788 1.512216809 1.48524583 1.458274851 1.432941852 1.41187509 1.390808328 1.369741566 1.348674804 1.327608042 1.30654128 1.285523676 1.266811077 1.250929686 1.235048296 1.219166905 1.203285514 1.187404124 1.171522733 1.155768915 1.142282053 1.130524453 1.118760001 1.106995549 1.095231098 1.083466646 1.071702194 1.059937743 1.051279048 1.044483808 1.037688569 1.030893329 1.024098089 1.017302849 1.010507609 1.003382209 0.9995750348 0.9969662098 0.9943573849 0.9917485599 0.989139735 0.98653091 0.983922085 0.9813132601 0.9830824724 0.9854771187 0.9878717649 0.9902664112 0.9926610574 0.9950557037 0.9974503499 1 
1.921457687 1.886418765 1.85142496 1.81698761 1.782550259 1.748112909 1.713675558 1.679238208 1.645734154 1.618763175 1.591792196 1.564821217 1.537850238 1.510879259 1.483948762 1.457209104 1.431887671 1.410820909 1.389754147 1.368687385 1.347620623 1.326553861 1.305683731 1.285272408 1.266559809 1.250678418 1.234797028 1.218915637 1.203034246 1.187152856 1.171542557 1.15629903 1.142812168 1.131081973 1.11933208 1.107567628 1.095803176 1.084038724 1.072274273 1.060509821 1.051851127 1.045055887 1.038260647 1.031465407 1.024670167 1.017874927 1.010584447 1.003055518 0.9992506062 0.9966870339 0.9940861282 0.9914773032 0.9888684783 0.9862596533 0.9836508284 0.9810420034 0.9828112158 0.985205862 0.9876005083 0.9899951545 0.9923898008 0.994784447 0.9973839197 1 
1.920857063 1.88581814 1.850779218 1.815740296 1.78121271 1.746775359 1.712338009 1.677900658 1.644396604 1.617425625 1.590454646 1.563483668 1.536512689 1.509634238 1.482894581 1.456154924 1.43083349 1.409766728 1.388699966 1.367633204 1.346566442 1.325843786 1.305432463 1.28502114 1.266308541 1.25042715 1.23454576 1.218664369 1.202782978 1.187316199 1.172072672 1.156829145 1.143342283 1.131612088 1.119881892 1.108139706 1.096375255 1.084610803 1.072846351 1.061081899 1.052423205 1.045627965 1.038832725 1.032037486 1.025242246 1.017786685 1.010257756 1.002728827 0.9989239151 0.9963603428 0.9937967705 0.9912060466 0.9885972216 0.9859883967 0.9833795717 0.9807707467 0.9825399591 0.9849346053 0.9873292516 0.9897238978 0.9921517592 0.9947678395 0.9973839197 1 
1.920256439 1.885217516 1.850178594 1.815139672 1.780100749 1.745437809 1.711000459 1.676563109 1.643059055 1.616088076 1.589117097 1.562146118 1.535319715 1.508580058 1.4818404 1.455100743 1.42977931 1.408712548 1.387645786 1.366579024 1.346003841 1.325592518 1.305181195 1.284769872 1.266057273 1.250175882 1.234294492 1.218413101 1.203089841 1.187846314 1.172602787 1.15735926 1.143872398 1.132142203 1.120412007 1.108681811 1.096947333 1.085182881 1.07341843 1.061653978 1.052995284 1.046200044 1.039404804 1.032517853 1.024988923 1.017459994 1.009931065 1.002402135 0.9985972239 0.9960336516 0.9934700793 0.990906507 0.9883259649 0.98571714 0.983108315 0.9804994901 0.9822687024 0.9846633487 0.9870579949 0.9895356789 0.9921517592 0.9947678395 0.9973839197 1 
1.919655815 1.884616892 1.84957797 1.814539048 1.779500125 1.744461203 1.709662909 1.675225559 1.641721505 1.614750526 1.587779547 1.561005192 1.534265534 1.507525877 1.48078622 1.454046562 1.428725129 1.407658367 1.386591605 1.366163896 1.345752573 1.32534125 1.304929927 1.284518604 1.265806005 1.249924614 1.23410701 1.218863483 1.203619956 1.188376429 1.173132902 1.157889375 1.144402513 1.132672318 1.120942122 1.109211926 1.09748173 1.085751534 1.073990508 1.062226056 1.053567362 1.046772122 1.039720091 1.032191162 1.024662232 1.017133303 1.009604374 1.002075444 0.9982705327 0.9957069604 0.9931433881 0.9905798158 0.9880162435 0.9854458833 0.9828370583 0.9802282334 0.9819974457 0.984392092 0.9869195986 0.9895356789 0.9921517592 0.9947678395 0.9973839197 1 
1.919055191 1.884016268 1.848977346 1.813938424 1.778899501 1.743860579 1.708821657 1.673888009 1.640383955 1.613430325 1.586690668 1.559951011 1.533211354 1.506471696 1.479732039 1.452992382 1.427670948 1.406735274 1.386323951 1.365912628 1.345501305 1.325089982 1.304678659 1.284267336 1.265554737 1.249880652 1.234637125 1.219393598 1.204150071 1.188906544 1.173663017 1.15841949 1.144932628 1.133202433 1.121472237 1.109742041 1.098011845 1.086281649 1.074551453 1.062798135 1.05413944 1.046922329 1.0393934 1.03186447 1.024335541 1.016806612 1.009277682 1.001748753 0.9979438415 0.9953802692 0.9928166969 0.9902531246 0.9876895523 0.98512598 0.9825624077 0.9799569767 0.9817261891 0.9843035184 0.9869195986 0.9895356789 0.9921517592 0.9947678395 0.9973839197 1 
1.917129365 1.882090442 1.84705152 1.812012598 1.776973675 1.741934753 1.70689583 1.671856908 1.63923268 1.61264462 1.585904963 1.559165306 1.532425648 1.505685991 1.478946334 1.452206677 1.427049103 1.40663778 1.386226457 1.365815134 1.34540381 1.324992487 1.304581164 1.284169841 1.265696115 1.250452588 1.235209061 1.219965534 1.204722007 1.18947848 1.174234953 1.158991426 1.145504565 1.133774369 1.122044173 1.110313977 1.098583781 1.086853585 1.075123389 1.063393194 1.054309583 1.046780653 1.039251724 1.031722795 1.024193865 1.016664936 1.009136007 1.001607077 0.9976120601 0.9950484878 0.9924849155 0.9899213432 0.9873577709 0.9847941986 0.9822306263 0.979667054 0.9816874381 0.9843035184 0.9869195986 0.9895356789 0.9921517592 0.9947678395 0.9973839197 1 
1.907252327 1.872213405 1.837174482 1.80213556 1.767096638 1.732057715 1.697018793 1.664974752 1.636343699 1.612635983 1.58673011 1.559990453 1.533250795 1.506511138 1.479771481 1.453031824 1.42787425 1.407462927 1.387051604 1.366640281 1.346228958 1.325817634 1.305406311 1.2853084 1.266935402 1.251285609 1.236031925 1.220788398 1.205544871 1.190301344 1.175057817 1.15981429 1.146327428 1.134597232 1.122867036 1.111136841 1.099406645 1.087676449 1.075949223 1.064337846 1.055277999 1.047749069 1.04022014 1.032691211 1.025162281 1.017633352 1.010058152 1.002220751 0.9977553373 0.9946861652 0.9921225929 0.9895590206 0.9869954483 0.984431876 0.9818683037 0.9793047315 0.981532157 0.9843035184 0.9869195986 0.9895356789 0.9921517592 0.9947678395 0.9973839197 1 
1.89737529 1.862336367 1.827297445 1.792258523 1.7572196 1.722180678 1.691420157 1.66208577 1.633454717 1.609747002 1.586039286 1.5608156 1.534075942 1.507336285 1.480596628 1.453856971 1.428699397 1.408288074 1.387876751 1.367465428 1.347054105 1.326642781 1.306635861 1.28662894 1.268255942 1.252606148 1.236956355 1.221611261 1.206367734 1.191124207 1.17588068 1.160637153 1.147150292 1.135420096 1.1236899 1.111959704 1.100229508 1.088529017 1.07691764 1.065306262 1.056246415 1.048717486 1.041188556 1.033659627 1.026130698 1.018486091 1.01064869 1.00281129 0.9983458758 0.9950044577 0.9917602704 0.9891966981 0.9866331258 0.9840695535 0.9815059812 0.9789424089 0.9811698344 0.9840816882 0.9869195986 0.9895356789 0.9921517592 0.9947678395 0.9973839197 1 
1.887498252 1.85245933 1.817420407 1.782381485 1.747342563 1.717865562 1.688531175 1.659196788 1.630565735 1.60685802 1.583150304 1.559442589 1.534901089 1.508161432 1.481421775 1.454682118 1.429524544 1.409113221 1.388701898 1.368290575 1.347970242 1.327963321 1.3079564 1.287949479 1.269576481 1.253926688 1.238276895 1.222627101 1.207190598 1.191947071 1.176703544 1.161460017 1.147973155 1.136242959 1.124512764 1.112782568 1.101108811 1.089497433 1.077886056 1.066274678 1.057214831 1.049685902 1.042156972 1.034628043 1.026914031 1.01907663 1.011239229 1.003401828 0.9989364143 0.9955949962 0.9922535781 0.9889121601 0.9862708032 0.9837072309 0.9811436586 0.9785800863 0.9808075118 0.9837193656 0.9866312194 0.9895356789 0.9921517592 0.9947678395 0.9973839197 1 
1.877621215 1.842582292 1.80754337 1.773645355 1.744310968 1.714976581 1.685642194 1.656307807 1.627676754 1.603969038 1.580261323 1.556553607 1.532845892 1.508986579 1.482246922 1.455507265 1.430349691 1.409938368 1.389527045 1.369297703 1.349290782 1.329283861 1.30927694 1.289270019 1.270897021 1.255247228 1.239597434 1.223947641 1.208297848 1.192769934 1.177526407 1.16228288 1.148796019 1.137065823 1.125335627 1.113688604 1.102077227 1.090465849 1.078854472 1.067243095 1.058183247 1.050654318 1.043125389 1.03534197 1.027504569 1.019667168 1.011829767 1.003992367 0.9995269528 0.9961855347 0.9928441166 0.9895026986 0.9861612805 0.9833449083 0.980781336 0.9782177637 0.9804451893 0.9833570431 0.9862688969 0.9891807507 0.9920926045 0.9947678395 0.9973839197 1 
1.867744177 1.832705255 1.80009076 1.770756373 1.741421986 1.712087599 1.682753212 1.653418825 1.624787772 1.601080057 1.577372341 1.553664626 1.52995691 1.506249195 1.482541479 1.456332412 1.431174838 1.410763515 1.390625163 1.370618242 1.350611321 1.3306044 1.31059748 1.290590559 1.272217561 1.256567767 1.240917974 1.225268181 1.209618388 1.193968594 1.178349271 1.163105744 1.149618883 1.137888687 1.126268398 1.11465702 1.103045643 1.091434266 1.079822888 1.068211511 1.059151663 1.05160731 1.04376991 1.035932509 1.028095108 1.020257707 1.012420306 1.004582905 1.000117491 0.9967760732 0.9934346551 0.9900932371 0.986751819 0.9834104009 0.9804190134 0.9778554411 0.9800828667 0.9829947205 0.9859065743 0.9888184281 0.9917302819 0.9946421357 0.9973839197 1 
1.85786714 1.826536165 1.797201778 1.767867391 1.738533004 1.709198617 1.67986423 1.650529844 1.621898791 1.598191075 1.57448336 1.550775644 1.527067929 1.503360213 1.479652498 1.455944782 1.431999985 1.411952624 1.391945703 1.371938782 1.351931861 1.33192494 1.311918019 1.291911098 1.2735381 1.257888307 1.242238514 1.22658872 1.210938927 1.195289134 1.179639341 1.163989547 1.150459569 1.138848191 1.127236814 1.115625437 1.104014059 1.092402682 1.080791304 1.069179927 1.06003525 1.052197849 1.044360448 1.036523047 1.028685646 1.020848245 1.013010844 1.005173444 1.00070803 0.9973666117 0.9940251936 0.9906837756 0.9873423575 0.9840009394 0.9806595213 0.9774931186 0.9797205441 0.9826323979 0.9855442517 0.9884561055 0.9913679593 0.9942798131 0.9971916669 1 
1.855760015 1.825603797 1.79626941 1.766935023 1.737600636 1.708266249 1.678931862 1.649597475 1.620826557 1.596769177 1.573061462 1.549353746 1.525646031 1.501938315 1.4782306 1.454522884 1.431837382 1.411903223 1.391896302 1.371889381 1.35188246 1.331875539 1.311868618 1.291861697 1.273488699 1.257838906 1.242189113 1.226539319 1.210889526 1.195239733 1.17958994 1.163940146 1.150177791 1.138566413 1.126955036 1.115343658 1.103732281 1.092120903 1.080509526 1.068898149 1.059645507 1.051808106 1.043970705 1.036133304 1.028295903 1.020458502 1.012621101 1.004813818 1.000566031 0.9972246127 0.9938831946 0.9905417765 0.9872003584 0.9838589404 0.9805175223 0.9771761042 0.9796170234 0.9825288772 0.985440731 0.9883525848 0.9912644386 0.9941762924 0.9970881462 1 
1.856760856 1.825547998 1.796119687 1.7667853 1.737450913 1.708116526 1.678782139 1.649447753 1.620676834 1.595934113 1.572226397 1.548518682 1.524810966 1.501103251 1.477395535 1.45368782 1.431002318 1.411305845 1.391298924 1.371292003 1.351285082 1.331278161 1.31127124 1.291264319 1.272891321 1.257241528 1.241591735 1.225941942 1.210292148 1.194642355 1.178992562 1.163288514 1.149507334 1.137784557 1.12617318 1.114561802 1.102950425 1.091339047 1.07972767 1.068116293 1.058863651 1.05102625 1.043188849 1.035351448 1.027514047 1.019676646 1.011839245 1.004130346 1.000009323 0.9967895986 0.9934481805 0.9901067624 0.9867653443 0.9834239263 0.9800825082 0.9767410901 0.9794927336 0.9825288772 0.985440731 0.9883525848 0.9912644386 0.9941762924 0.9970881462 1 
1.857761697 1.826548839 1.795969964 1.766635578 1.737301191 1.707966804 1.678632417 1.64929803 1.620527111 1.59570047 1.571391333 1.547683617 1.523975902 1.500268186 1.476560471 1.452852755 1.430167253 1.410548393 1.390701547 1.370694626 1.350687705 1.330680784 1.310673863 1.290666942 1.272293944 1.256644151 1.240994357 1.225344564 1.209694771 1.194044978 1.178379155 1.162630716 1.148849537 1.137035615 1.125391324 1.113779946 1.102168569 1.090557191 1.078945814 1.067334437 1.058081795 1.050244394 1.042406993 1.034569592 1.026732191 1.01889479 1.011123648 1.003446874 0.9993258508 0.9963545845 0.9930131664 0.9896717483 0.9863303302 0.9829889122 0.9796474941 0.976306076 0.9790577195 0.9825288772 0.985440731 0.9883525848 0.9912644386 0.9941762924 0.9970881462 1 
1.858762538 1.82754968 1.796336821 1.766485855 1.737151468 1.707817081 1.678482694 1.649148307 1.620377388 1.595550748 1.570724107 1.546848553 1.523140837 1.499433122 1.475725406 1.452017691 1.429332189 1.409713328 1.390094467 1.370097248 1.350090327 1.330083406 1.310076485 1.290069564 1.271696566 1.256046773 1.24039698 1.224747187 1.209097393 1.1934476 1.177721357 1.161972919 1.148191739 1.136377817 1.124609468 1.11299809 1.101386713 1.089775336 1.078163958 1.066552581 1.057299939 1.049462538 1.041625137 1.033787736 1.025950335 1.01811695 1.010440176 1.002763402 0.9986423788 0.9957066064 0.9925781523 0.9892367342 0.9858953162 0.9825538981 0.97921248 0.9758710619 0.9786227054 0.9822447863 0.985440731 0.9883525848 0.9912644386 0.9941762924 0.9970881462 1 
1.859763379 1.828550521 1.797337662 1.766336132 1.737001745 1.707667358 1.678332971 1.648998584 1.620227665 1.595401025 1.570574384 1.546013488 1.522305773 1.498598057 1.474890342 1.451182626 1.428497124 1.408878264 1.389259403 1.36949987 1.34949295 1.329486029 1.309479108 1.289472187 1.271099189 1.255449395 1.239799602 1.224149809 1.208500016 1.192811998 1.177063559 1.161315121 1.147533941 1.13572002 1.123906098 1.112216234 1.100604857 1.08899348 1.077382102 1.065770725 1.056518083 1.048680682 1.040843281 1.03300588 1.025168479 1.017433478 1.009756704 1.002079929 0.9979589067 0.9950231343 0.9920873619 0.9888017201 0.9854603021 0.982118884 0.9787774659 0.9754360478 0.9781876914 0.9818097722 0.9854318531 0.9883525848 0.9912644386 0.9941762924 0.9970881462 1 
1.86076422 1.829551362 1.798338503 1.767125645 1.736852022 1.707517635 1.678183248 1.648848861 1.620077943 1.595251302 1.570424661 1.545598021 1.521470708 1.497762993 1.474055277 1.450347562 1.42766206 1.408043199 1.388424339 1.368805478 1.348895572 1.328888651 1.30888173 1.288874809 1.270501811 1.254852018 1.239202225 1.223552431 1.207902638 1.1921542 1.176405762 1.160657324 1.146876144 1.135062222 1.1232483 1.111434378 1.099823001 1.088211624 1.076600246 1.064988869 1.055736227 1.047898826 1.040061425 1.032224024 1.02442678 1.016750006 1.009073232 1.001396457 0.9972754346 0.9943396622 0.9914038899 0.9883667061 0.985025288 0.9816838699 0.9783424518 0.9750010337 0.9777526773 0.9813747582 0.984996839 0.9883525848 0.9912644386 0.9941762924 0.9970881462 1 
1.861765061 1.830552203 1.799339344 1.768126486 1.736913627 1.707367912 1.678033525 1.648699138 1.61992822 1.595101579 1.570274939 1.545448298 1.520635644 1.496927928 1.473220213 1.449512497 1.426826996 1.407208135 1.387589274 1.367970413 1.348298194 1.328291273 1.308284352 1.288277432 1.269904434 1.25425464 1.238604847 1.222955054 1.207244841 1.191496402 1.175747964 1.159999526 1.146218346 1.134404424 1.122590503 1.110776581 1.099041145 1.087429768 1.07581839 1.064207013 1.054954371 1.04711697 1.039279569 1.031442168 1.023743308 1.016066534 1.008389759 1.000712985 0.9965919625 0.9936561901 0.9907204178 0.9877846454 0.9845902739 0.9812488558 0.9779074377 0.9745660197 0.9773176632 0.9809397441 0.984561825 0.9881839059 0.9912644386 0.9941762924 0.9970881462 1 
1.862765903 1.831553044 1.800340185 1.769127327 1.737914468 1.70721819 1.677883803 1.648549416 1.619778497 1.594951856 1.570125216 1.545298575 1.520471935 1.496092864 1.472385148 1.448677433 1.425991931 1.40637307 1.38675421 1.367135349 1.347516488 1.327693896 1.307686975 1.287680054 1.269307056 1.253657263 1.238007469 1.222335481 1.206587043 1.190838605 1.175090167 1.159341729 1.145560549 1.133746627 1.121932705 1.110118783 1.098304861 1.086647912 1.075036534 1.063425157 1.054172515 1.046335114 1.038497713 1.03073661 1.023059836 1.015383061 1.007706287 1.000029513 0.9959084904 0.9929727181 0.9900369457 0.9871011733 0.9841552598 0.9808138417 0.9774724236 0.9741310056 0.9768826491 0.98050473 0.9841268109 0.9877488918 0.9912644386 0.9941762924 0.9970881462 1 
1.863766744 1.832553885 1.801341026 1.770128168 1.738915309 1.707702451 1.67773408 1.648399693 1.619628774 1.594802134 1.569975493 1.545148852 1.520322212 1.495495571 1.471550084 1.447842368 1.425156867 1.405538006 1.385919145 1.366300284 1.346681424 1.327062563 1.307089597 1.287082676 1.268709678 1.253059885 1.237410092 1.221677684 1.205929245 1.190180807 1.174432369 1.158683931 1.144902751 1.133088829 1.121274908 1.109460986 1.097647064 1.085866056 1.074254678 1.062643301 1.053390659 1.045553258 1.037729912 1.030053138 1.022376363 1.014699589 1.007022815 0.9993460412 0.9952250184 0.992289246 0.9893534736 0.9864177012 0.9834819289 0.9803788276 0.9770374096 0.9736959915 0.976447635 0.9800697159 0.9836917968 0.9873138777 0.9909359586 0.9941762924 0.9970881462 1 
1.864767585 1.833554726 1.802341868 1.771129009 1.73991615 1.708703292 1.677584357 1.64824997 1.619479051 1.594652411 1.56982577 1.54499913 1.520172489 1.495345848 1.47071502 1.447007304 1.424321802 1.404702941 1.385084081 1.36546522 1.345846359 1.326227499 1.30649222 1.286485299 1.268112301 1.252462507 1.236768324 1.221019886 1.205271448 1.18952301 1.173774572 1.158026134 1.144244954 1.132431032 1.12061711 1.108803188 1.096989266 1.085175345 1.073472822 1.061861445 1.052608803 1.044771402 1.03704644 1.029369665 1.021692891 1.014016117 1.006339343 0.9986625691 0.9945415463 0.9916057739 0.9886700015 0.9857342291 0.9827984568 0.9798626844 0.9766023955 0.9732609774 0.9760126209 0.9796347018 0.9832567827 0.9868788636 0.9905009445 0.9941230254 0.9970881462 1 
1.865768426 1.834555567 1.803342709 1.77212985 1.740916992 1.709704133 1.678491274 1.648100247 1.619329329 1.594502688 1.569676047 1.544849407 1.520022766 1.495196125 1.470369485 1.44617224 1.423486738 1.403867877 1.384249016 1.364630156 1.345011295 1.325392434 1.305773573 1.285887921 1.267514923 1.251858965 1.236110527 1.220362088 1.20461365 1.188865212 1.173116774 1.157368336 1.143587156 1.131773234 1.119959312 1.108145391 1.096331469 1.084517547 1.072703625 1.061079589 1.051826947 1.044039742 1.036362967 1.028686193 1.021009419 1.013332645 1.005655871 0.997979097 0.9938580742 0.9909223018 0.9879865294 0.9850507571 0.9821149847 0.9791792123 0.9761673814 0.9728259633 0.9755776068 0.9791996877 0.9828217686 0.9864438495 0.9900659304 0.9936880113 0.9970881462 1 
1.866769267 1.835556408 1.80434355 1.773130691 1.741917833 1.710704974 1.679492115 1.648279257 1.619179606 1.594352965 1.569526325 1.544699684 1.519873043 1.495046403 1.470219762 1.445393121 1.422651673 1.403032813 1.383413952 1.363795091 1.34417623 1.32455737 1.304938509 1.285290544 1.266917546 1.251201167 1.235452729 1.219704291 1.203955853 1.188207415 1.172458977 1.156710539 1.142929359 1.131115437 1.119301515 1.107487593 1.095673671 1.083859749 1.072045828 1.060297733 1.051045091 1.043356269 1.035679495 1.028002721 1.020325947 1.012649173 1.004972399 0.9972956249 0.9931746021 0.9902388297 0.9873030574 0.984367285 0.9814315126 0.9784957402 0.9755599679 0.9723909492 0.9751425927 0.9787646736 0.9823867545 0.9860088354 0.9896309163 0.9932529972 0.9968750781 1 
1.867770108 1.836557249 1.805344391 1.774131532 1.742918674 1.711705815 1.680492957 1.649280098 1.619029883 1.594203242 1.569376602 1.544549961 1.51972332 1.49489668 1.470070039 1.445243399 1.421816609 1.402197748 1.382578887 1.362960027 1.343341166 1.323722305 1.304103444 1.284484584 1.266291808 1.25054337 1.234794931 1.219046493 1.203298055 1.187549617 1.171801179 1.156052741 1.142271561 1.130457639 1.118643717 1.106829796 1.095015874 1.083201952 1.07138803 1.059574108 1.050349572 1.042672797 1.034996023 1.027319249 1.019642475 1.011965701 1.004288927 0.9966121528 0.99249113 0.9895553576 0.9866195853 0.9836838129 0.9807480405 0.9778122682 0.9748764958 0.9719407234 0.9747075786 0.9783296595 0.9819517404 0.9855738213 0.9891959022 0.9928179831 0.996440064 1 
1.871169495 1.839319622 1.808106763 1.776893905 1.745681046 1.714468188 1.683255329 1.652042471 1.62162789 1.596801249 1.571974608 1.547147968 1.522321327 1.497494686 1.472668046 1.447841405 1.423439154 1.403820293 1.384201432 1.364582571 1.344963711 1.32534485 1.305725989 1.286107128 1.267307728 1.251557376 1.235808938 1.2200605 1.204312062 1.188563624 1.172815186 1.157066748 1.143285568 1.131471646 1.119657724 1.107843802 1.09602988 1.084215958 1.072402037 1.060538586 1.051087722 1.043410948 1.035734174 1.0280574 1.020380626 1.012703851 1.005027077 0.9973503032 0.9930917529 0.9901559805 0.9872202082 0.9842844358 0.9813486634 0.978412891 0.9754771187 0.9725413463 0.9753436955 0.9789657764 0.9825878573 0.9862099382 0.9898320191 0.9934541 0.9970761809 1 
1.874968641 1.842542421 1.811162725 1.779949866 1.748737008 1.717524149 1.686311291 1.655098432 1.624683851 1.59985721 1.57503057 1.550203929 1.525377289 1.500550648 1.475724007 1.450249647 1.4254713 1.405852439 1.386233578 1.366614718 1.346995857 1.327376996 1.307758135 1.287527044 1.268608185 1.252850017 1.237101579 1.22135314 1.205604702 1.189856264 1.174107826 1.158359388 1.144578208 1.132764286 1.120950365 1.109136443 1.097322521 1.085508599 1.073694677 1.061628985 1.052159294 1.044386035 1.036709261 1.029032487 1.021355713 1.013678939 1.006002165 0.9983253907 0.9940079 0.9909706192 0.9880348469 0.9850990745 0.9821633021 0.9792275297 0.9762917574 0.973355985 0.9761583342 0.9797804151 0.983402496 0.9870245769 0.9906466578 0.9942687387 0.9977079415 1 
1.878767786 1.846341566 1.814218686 1.783005828 1.751792969 1.720580111 1.689367252 1.658154394 1.627739813 1.602913172 1.578086531 1.553259891 1.52843325 1.503606609 1.478779969 1.452281793 1.427503446 1.407884585 1.388265725 1.368646864 1.349028003 1.329409142 1.309640957 1.288827501 1.269908641 1.254147443 1.238394219 1.222645781 1.206897343 1.191148905 1.175400467 1.159652029 1.145870849 1.134056927 1.122243005 1.110429083 1.098615161 1.08680124 1.074863496 1.062719383 1.053249693 1.045384656 1.037684349 1.030007575 1.0223308 1.014654026 1.006977252 0.9993004782 0.9949829875 0.9917852579 0.9888494856 0.9859137132 0.9829779408 0.9800421685 0.9771063961 0.9741706237 0.9769729729 0.9805950538 0.9842171347 0.9878392156 0.9914612965 0.9950833774 0.9977079415 1 
1.882566932 1.850140712 1.817714492 1.786061789 1.754848931 1.723636072 1.692423214 1.661210355 1.630795774 1.605969133 1.581142493 1.556315852 1.531489211 1.506662571 1.480812115 1.454313939 1.429535592 1.409916731 1.390297871 1.37067901 1.351060149 1.331441289 1.310941414 1.290127958 1.271209098 1.255447899 1.23968686 1.223938422 1.208189984 1.192441545 1.176693107 1.160944669 1.147163489 1.135349568 1.123535646 1.111721724 1.099907802 1.08809388 1.075953894 1.063809781 1.054340091 1.046475054 1.038659436 1.030982662 1.023305888 1.015629114 1.00795234 1.000275566 0.995958075 0.9927603454 0.9896641243 0.9867283519 0.9837925795 0.9808568072 0.9779210348 0.9749852624 0.9777876117 0.9814096925 0.9850317734 0.9886538543 0.9922759352 0.995415883 0.9977079415 1 
1.886366077 1.853939857 1.821513637 1.789117751 1.757904892 1.726692034 1.695479175 1.664266317 1.633851736 1.609025095 1.584198454 1.559371814 1.534545173 1.509342437 1.482844261 1.456346085 1.431567738 1.411948878 1.392330017 1.372711156 1.353092295 1.333055326 1.31224187 1.291428414 1.272509555 1.256748356 1.240987157 1.225231062 1.209482624 1.193734186 1.177985748 1.16223731 1.14845613 1.136642208 1.124828286 1.113014364 1.101200443 1.089188406 1.077044293 1.06490018 1.055430489 1.047565453 1.039700416 1.03195775 1.024280975 1.016604201 1.008927427 1.001250653 0.9969331625 0.9937354329 0.9905377034 0.9875429906 0.9846072182 0.9816714459 0.9787356735 0.9757999011 0.9786022504 0.9822243313 0.9858464121 0.989468493 0.9930905739 0.995415883 0.9977079415 1 
1.890165223 1.857739003 1.825312783 1.792886562 1.760960854 1.729747995 1.698535137 1.667322278 1.636907697 1.612081056 1.587254416 1.562427775 1.537601134 1.511374583 1.484876407 1.458378232 1.433599885 1.413981024 1.394362163 1.374743302 1.355124442 1.334355783 1.313542327 1.292728871 1.273810011 1.258048812 1.242287613 1.226526414 1.210775265 1.195026827 1.179278389 1.16352995 1.149748771 1.137934849 1.126120927 1.114307005 1.102422918 1.090278804 1.078134691 1.065990578 1.056520888 1.048655851 1.040790814 1.032932837 1.025256063 1.017579289 1.009902515 1.002225741 0.99790825 0.9947105204 0.9915127909 0.9883576293 0.985421857 0.9824860846 0.9795503122 0.9766145398 0.9794168891 0.98303897 0.9866610509 0.9902831317 0.9931238245 0.995415883 0.9977079415 1 
1.893964368 1.861538148 1.829111928 1.796685708 1.764259488 1.732803957 1.701591098 1.67037824 1.639963658 1.615137018 1.590310377 1.565483737 1.539904905 1.513406729 1.486908554 1.460410378 1.435632031 1.41601317 1.396394309 1.376775449 1.356469696 1.33565624 1.314842783 1.294029327 1.275110468 1.259349269 1.24358807 1.227826871 1.212067905 1.196319467 1.180571029 1.164822591 1.151041411 1.139227489 1.127413567 1.115599646 1.103513316 1.091369203 1.07922509 1.067080977 1.057611286 1.049746249 1.041881213 1.034016176 1.02623115 1.018554376 1.010877602 1.003200828 0.9988833375 0.9956856079 0.9924878783 0.9892901488 0.9862364957 0.9833007233 0.9803649509 0.9774291785 0.9802315278 0.9838536087 0.9874756896 0.990831766 0.9931238245 0.995415883 0.9977079415 1 
1.897763514 1.865337294 1.832911074 1.800484853 1.768058633 1.735859918 1.70464706 1.673434201 1.64301962 1.618192979 1.593366339 1.568435227 1.541937051 1.515438876 1.4889407 1.462442524 1.437664177 1.418045316 1.398426456 1.378583608 1.357770152 1.336956696 1.31614324 1.295329784 1.276410924 1.260649725 1.244888527 1.229127328 1.213366129 1.197612108 1.18186367 1.166115232 1.152334052 1.14052013 1.128706208 1.116747827 1.104603714 1.092459601 1.080315488 1.068171375 1.058701685 1.050836648 1.042971611 1.035106574 1.027241537 1.019529464 1.01185269 1.004175916 0.9998584249 0.9966606954 0.9934629658 0.9902652363 0.9870675067 0.984115362 0.9811795896 0.9782438173 0.9810461665 0.9846682474 0.9882903283 0.990831766 0.9931238245 0.995415883 0.9977079415 1 
1.901562659 1.869136439 1.836710219 1.804283999 1.771857779 1.739431559 1.707703021 1.676490163 1.646075581 1.621248941 1.5964223 1.570467373 1.543969198 1.517471022 1.490972846 1.46447467 1.439696323 1.420077463 1.400458602 1.379884065 1.359070609 1.338257153 1.317443697 1.296630241 1.277711381 1.261950182 1.246188983 1.230427784 1.214666585 1.198905386 1.18315631 1.167407872 1.153626692 1.14181277 1.129982339 1.117838226 1.105694113 1.09355 1.081405887 1.069261774 1.059792083 1.051927046 1.044062009 1.036196973 1.028331936 1.020504551 1.012827777 1.005151003 1.000833512 0.9976357829 0.9944380533 0.9912403238 0.9880425942 0.9849300007 0.9819942283 0.979058456 0.9818608052 0.9854828861 0.9885397075 0.990831766 0.9931238245 0.995415883 0.9977079415 1 
1.905361805 1.872935585 1.840509365 1.808083144 1.775656924 1.743230704 1.710804484 1.679546124 1.649131543 1.624304902 1.598997695 1.57249952 1.546001344 1.519503168 1.493004992 1.466506817 1.44172847 1.422109609 1.401997977 1.381184521 1.360371065 1.339557609 1.318744153 1.297930697 1.279011837 1.263250639 1.24748944 1.231728241 1.215967042 1.200205843 1.184448951 1.168700513 1.154919333 1.143105411 1.131072737 1.118928624 1.106784511 1.094640398 1.082496285 1.070352172 1.060882482 1.053017445 1.045152408 1.037287371 1.029422334 1.021557297 1.013802865 1.006126091 1.0018086 0.9986108704 0.9954131408 0.9922154112 0.9890176817 0.9858199521 0.9828088671 0.9798730947 0.9826754439 0.986247649 0.9885397075 0.990831766 0.9931238245 0.995415883 0.9977079415 1 
1.909160951 1.87673473 1.84430851 1.81188229 1.77945607 1.74702985 1.714603629 1.682602086 1.652187504 1.627360864 1.601029842 1.574531666 1.54803349 1.521535314 1.495037139 1.468538963 1.443760616 1.42411189 1.403298434 1.382484978 1.361671522 1.340858066 1.32004461 1.299231154 1.280312294 1.264551095 1.248789896 1.233028697 1.217267498 1.2015063 1.185745101 1.169993153 1.156211973 1.144307249 1.132163136 1.120019023 1.10787491 1.095730797 1.083586684 1.071442571 1.06197288 1.054107843 1.046242806 1.038377769 1.030512733 1.022647696 1.014782659 1.007101178 1.002783687 0.9995859579 0.9963882283 0.9931904987 0.9899927692 0.9867950396 0.9836235058 0.9806877334 0.9834900826 0.986247649 0.9885397075 0.990831766 0.9931238245 0.995415883 0.9977079415 1 
1.912960096 1.880533876 1.848107656 1.815681435 1.783255215 1.750828995 1.718402775 1.685976555 1.655243466 1.629560164 1.603061988 1.576563812 1.550065636 1.523567461 1.497069285 1.470571109 1.445792762 1.425412347 1.404598891 1.383785435 1.362971978 1.342158522 1.321345066 1.30053161 1.281612751 1.265851552 1.250090353 1.234329154 1.218567955 1.202806756 1.187045557 1.171285794 1.157504614 1.145397647 1.133253534 1.121109421 1.108965308 1.096821195 1.084677082 1.072532969 1.063063279 1.055198242 1.047333205 1.039468168 1.031603131 1.023738094 1.015873057 1.008076266 1.003758775 1.000561045 0.9973633158 0.9941655862 0.9909678567 0.9877701271 0.9845723975 0.9815023721 0.9839555905 0.986247649 0.9885397075 0.990831766 0.9931238245 0.995415883 0.9977079415 1 
1.916759242 1.884333021 1.851906801 1.819480581 1.787054361 1.754628141 1.72220192 1.6897757 1.658090486 1.63159231 1.605094134 1.578595958 1.552097782 1.525599607 1.499101431 1.472603255 1.447526259 1.426712803 1.405899347 1.385085891 1.364272435 1.343458979 1.322645523 1.301832067 1.282913207 1.267152008 1.251390809 1.235629611 1.219868412 1.204107213 1.188346014 1.172584815 1.158632159 1.146488046 1.134343933 1.12219982 1.110055707 1.097911594 1.08576748 1.073623367 1.064153677 1.05628864 1.048423603 1.040558566 1.032693529 1.024828493 1.016963456 1.009098419 1.004733862 1.001536133 0.9983384033 0.9951406737 0.9919429441 0.9887452146 0.985547485 0.9823497555 0.9839555905 0.986247649 0.9885397075 0.990831766 0.9931238245 0.995415883 0.9977079415 1 
