3.835658917 3.693986366 3.552313816 3.410641265 3.268968714 3.127296164 2.985623613 2.843951062 2.707910845 2.611296965 2.514683084 2.418069203 2.321455323 2.224841442 2.128227561 2.031613681 1.941724145 1.872007644 1.802291143 1.732574642 1.662858141 1.59314164 1.52342514 1.453708639 1.394623436 1.353257063 1.31189069 1.270524317 1.229157944 1.187791571 1.146425198 1.105058825 1.07254486 1.048883304 1.025221748 1.001560192 0.9778986355 0.9542370793 0.9305755232 0.906913967 0.8949383231 0.8899742267 0.8850101302 0.8800460338 0.8750819373 0.8701178409 0.8651537444 0.860189648 0.8654172567 0.8740421004 0.8826669441 0.8912917878 0.8999166315 0.9085414752 0.9171663189 0.9257911627 0.934994905 0.9442813471 0.9535677893 0.9628542314 0.9721406736 0.9814271157 0.9907135579 1 
3.809693753 3.683795271 3.550502695 3.408830144 3.267157593 3.125485043 2.983812492 2.842139941 2.706099724 2.609485844 2.512871963 2.416258082 2.319644202 2.223030321 2.12641644 2.038951593 1.960688375 1.902344859 1.83582701 1.766110509 1.696394008 1.626677507 1.556961006 1.487244505 1.428159302 1.386792929 1.345426556 1.304060183 1.26269381 1.221327437 1.17999437 1.139693766 1.107712686 1.08405113 1.060389574 1.036728018 1.013066461 0.9894049053 0.9655163112 0.9404017125 0.9236475635 0.9125447265 0.9075806301 0.9026165336 0.8976524372 0.8926883407 0.8877242443 0.8827601478 0.8799751887 0.8802536077 0.8888784514 0.8975032951 0.9061281388 0.9147529826 0.9233778263 0.93200267 0.9412064123 0.9504928545 0.9597792966 0.9690657388 0.9783521809 0.987638623 0.9947700524 1 
3.783728588 3.657830107 3.531931625 3.406033143 3.265346472 3.123673921 2.982001371 2.84032882 2.704288603 2.607674722 2.511060842 2.414446961 2.31783308 2.224878813 2.139975695 2.055072576 1.976809359 1.918465842 1.860122326 1.799646376 1.729929875 1.660213374 1.590496873 1.520780372 1.461695169 1.420328796 1.378962423 1.33759605 1.296229677 1.255462799 1.215162196 1.174861592 1.142880512 1.119218956 1.0955574 1.071895844 1.048234287 1.023573765 0.9984591658 0.9733445671 0.9565904181 0.944852539 0.9331146598 0.9251870335 0.920222937 0.9152588406 0.9102947441 0.9053306477 0.9025456886 0.9004871086 0.8984285286 0.9037148025 0.9123396462 0.9209644899 0.9295893336 0.9382141773 0.9474179196 0.9567043618 0.9659908039 0.9752772461 0.9843101573 0.9895401049 0.9947700524 1 
3.757763424 3.631864942 3.505966461 3.380067979 3.254169497 3.1218628 2.98019025 2.838517699 2.702477482 2.605863601 2.509249721 2.41263584 2.325902915 2.240999797 2.156096678 2.07119356 1.992930342 1.934586826 1.87624331 1.817899794 1.759556278 1.693749241 1.62403274 1.554316239 1.495231036 1.453864663 1.41249829 1.371231833 1.330931229 1.290630625 1.250330022 1.210029418 1.178048338 1.154386782 1.130725226 1.106745817 1.081631218 1.056516619 1.03140202 1.006287422 0.9895332727 0.9777953935 0.9660575144 0.9543196353 0.9427934369 0.9378293404 0.932865244 0.9279011475 0.9251161884 0.9230576085 0.9209990285 0.9189404485 0.9185511535 0.9271759972 0.9358008409 0.9444256846 0.953629427 0.9629158691 0.9722023113 0.9790802097 0.9843101573 0.9895401049 0.9947700524 1 
3.731798259 3.605899778 3.480001296 3.354102815 3.228204333 3.102305851 2.97640737 2.836706578 2.700666361 2.60405248 2.511830135 2.426927017 2.342023899 2.257120781 2.172217662 2.087314544 2.009051326 1.95070781 1.892364294 1.834020778 1.775677262 1.717333746 1.657568606 1.587852106 1.528766903 1.48740053 1.446700262 1.406399659 1.366099055 1.325798451 1.285497848 1.245197244 1.213216164 1.189554608 1.16480327 1.139688671 1.114574072 1.089459474 1.064344875 1.039230276 1.022476127 1.010738248 0.999000369 0.9872624899 0.9755246107 0.9637867316 0.9554357438 0.9504716474 0.9476866883 0.9456281083 0.9435695283 0.9415109484 0.9394523684 0.9373937884 0.9420123482 0.950637192 0.9598409343 0.9686203146 0.9738502622 0.9790802097 0.9843101573 0.9895401049 0.9947700524 1 
3.705833095 3.579934613 3.454036132 3.32813765 3.202239169 3.076340687 2.950442206 2.824543724 2.69885524 2.612854238 2.527951119 2.443048001 2.358144883 2.273241764 2.188338646 2.103435528 2.02517231 1.966828794 1.908485278 1.850141762 1.791798246 1.733454729 1.675111213 1.616767697 1.562469296 1.522168692 1.481868088 1.441567485 1.401266881 1.360966277 1.320665674 1.28036507 1.247975322 1.222860723 1.197746124 1.172631526 1.147516927 1.122402328 1.09728773 1.072173131 1.055418982 1.043681103 1.031943224 1.020205344 1.008467465 0.9967295862 0.984991707 0.9732538279 0.9702571881 0.9681986081 0.9661400282 0.9640814482 0.9620228682 0.9599642883 0.9579057083 0.9568486993 0.9633903671 0.9686203146 0.9738502622 0.9790802097 0.9843101573 0.9895401049 0.9947700524 1 
3.663104217 3.548375757 3.423035777 3.297137295 3.171238814 3.045340332 2.91944185 2.793543369 2.672769308 2.587866189 2.502963071 2.418059953 2.333156834 2.248253716 2.163350598 2.08087263 2.010034283 1.95604915 1.897705634 1.839362118 1.781018602 1.722675086 1.664331569 1.605988053 1.555932245 1.518370548 1.478069945 1.437769341 1.397468737 1.357168133 1.31686753 1.276566926 1.2445095 1.220110093 1.194995494 1.169880896 1.144766297 1.119651698 1.094537099 1.069422501 1.052668352 1.040930473 1.029192593 1.017454714 1.005716835 0.9939789561 0.9822410769 0.9713606847 0.9682760474 0.9666677886 0.9646092086 0.9625506287 0.9604920487 0.9584334687 0.9563748888 0.9543163088 0.9586351904 0.963865138 0.9690950855 0.9743250331 0.9795549807 0.9847849282 0.9902413128 1 
3.617581387 3.502852927 3.388124467 3.265297742 3.13939926 3.013500779 2.887602297 2.761703815 2.640929754 2.556026636 2.471123518 2.386220399 2.301317281 2.216414163 2.135755057 2.058935774 1.988097426 1.935201889 1.882306352 1.824099036 1.76575552 1.707412004 1.649068488 1.590724971 1.540669163 1.5044262 1.467777472 1.427476869 1.387176265 1.346875661 1.306575058 1.266274454 1.234217027 1.210402778 1.18629595 1.161181351 1.136066753 1.110952154 1.085837555 1.060722956 1.043968807 1.032230928 1.020493049 1.00875517 0.997017291 0.9853062083 0.9746401878 0.9639741672 0.96088953 0.9603320205 0.9590615026 0.9570029226 0.9549443426 0.9528857626 0.9508271827 0.9487686027 0.9530874843 0.9583174319 0.9635473795 0.968777327 0.9740072746 0.9804826256 0.9902413128 1 
3.572058556 3.457330097 3.342601637 3.227873177 3.107559707 2.981661225 2.855762744 2.729864262 2.609090201 2.524187083 2.439283964 2.354380846 2.269477728 2.190637485 2.113818201 2.036998917 1.96616057 1.913265033 1.860369496 1.807473959 1.750492438 1.692148922 1.633805406 1.57546189 1.525406081 1.489163118 1.452920155 1.416677192 1.376883793 1.336583189 1.296282585 1.255981982 1.223924555 1.200110306 1.176296056 1.152481807 1.127367208 1.10225261 1.077138011 1.052023412 1.035269263 1.023531384 1.011793505 1.000055626 0.9885857114 0.9779196909 0.9672536703 0.9565876498 0.9535030125 0.9529455031 0.9523879936 0.9514552165 0.9493966365 0.9473380566 0.9452794766 0.9432208966 0.9475397782 0.9527697258 0.9579996734 0.9632296209 0.9707239383 0.9804826256 0.9902413128 1 
3.526535726 3.411807266 3.297078807 3.182350347 3.067621887 2.949821672 2.82392319 2.698024709 2.577250647 2.492347529 2.407444411 2.322541292 2.245519913 2.168700629 2.091881345 2.015062061 1.944223714 1.891328177 1.83843264 1.785537103 1.732641566 1.67688584 1.618542324 1.560198808 1.510142999 1.473900036 1.437657073 1.40141411 1.365171147 1.326290717 1.285990113 1.24568951 1.213632083 1.189817834 1.166003584 1.142189335 1.118375086 1.093553065 1.068438467 1.043323868 1.026569719 1.01483184 1.003093961 0.9918652145 0.981199194 0.9705331734 0.9598671529 0.9492011323 0.9461164951 0.9455589856 0.9450014761 0.9444439667 0.9438489304 0.9417903505 0.9397317705 0.9376731905 0.9419920722 0.9472220197 0.9524519673 0.9609652511 0.9707239383 0.9804826256 0.9902413128 1 
3.481012896 3.366284436 3.251555977 3.136827517 3.022099057 2.907370597 2.792083637 2.666185155 2.545411094 2.460507976 2.377221624 2.30040234 2.223583056 2.146763773 2.069944489 1.993125205 1.922286858 1.869391321 1.816495784 1.763600247 1.71070471 1.657809173 1.603279242 1.544935726 1.494879917 1.458636954 1.422393991 1.386151028 1.349908065 1.313665102 1.275697641 1.235397037 1.203339611 1.179525362 1.155711112 1.131896863 1.108082613 1.084268364 1.059738923 1.034624324 1.017870175 1.006132296 0.9951447176 0.9844786971 0.9738126765 0.963146656 0.9524806354 0.9418146149 0.9387299776 0.9381724682 0.9376149587 0.9370574492 0.9364999398 0.9359424303 0.9341840644 0.9321254845 0.9364443661 0.9416743136 0.9512065639 0.9609652511 0.9707239383 0.9804826256 0.9902413128 1 
3.435490066 3.320761606 3.206033146 3.091304687 2.976576227 2.861847767 2.747119307 2.632390848 2.51357154 2.432104052 2.355284768 2.278465484 2.2016462 2.124826916 2.048007632 1.971188348 1.900350001 1.847454464 1.794558927 1.74166339 1.688767853 1.635872316 1.582976779 1.529672644 1.479616835 1.443373872 1.407130909 1.370887946 1.334644983 1.29840202 1.262159057 1.225104565 1.193047139 1.169232889 1.14541864 1.121604391 1.097790141 1.073975892 1.050161643 1.02592478 1.009170631 0.9984242207 0.9877582002 0.9770921796 0.9664261591 0.9557601385 0.945094118 0.9344280974 0.9313434602 0.9307859507 0.9302284413 0.9296709318 0.9291134223 0.9285559128 0.9279984034 0.9265777784 0.9316891894 0.9414478767 0.9512065639 0.9609652511 0.9707239383 0.9804826256 0.9902413128 1 
3.401866978 3.287138518 3.172410059 3.057681599 2.942953139 2.82822468 2.71349622 2.59876776 2.491586526 2.415157671 2.338338387 2.261519103 2.184699819 2.107880535 2.031061252 1.954241968 1.883924385 1.831054886 1.778159349 1.725263812 1.672368275 1.619472739 1.566577202 1.513681665 1.467732275 1.431489312 1.395246349 1.359003386 1.322760423 1.28651746 1.250274496 1.214031533 1.184002927 1.160188678 1.136374428 1.112560179 1.08874593 1.06493168 1.041117431 1.017303181 1.003375408 0.9927093879 0.9820433673 0.9713773468 0.9607113262 0.9500453057 0.9393792852 0.9287132646 0.9256286274 0.9250711179 0.9245136084 0.923956099 0.9233985895 0.92284108 0.9222835705 0.9220942396 0.9316891894 0.9414478767 0.9512065639 0.9609652511 0.9707239383 0.9804826256 0.9902413128 1 
3.384110214 3.269381755 3.154653295 3.039924835 2.925196375 2.810467916 2.695739456 2.581010996 2.479554928 2.404865257 2.328045973 2.251226689 2.174407406 2.097588122 2.020768838 1.943949554 1.873631972 1.822038346 1.769142809 1.716247272 1.663351735 1.610456198 1.557560661 1.504665124 1.459016349 1.424109448 1.387866485 1.351623521 1.315380558 1.279137595 1.242894632 1.206651669 1.176623063 1.152808813 1.128994564 1.105180314 1.081366065 1.057551816 1.033737566 1.011485764 0.999081347 0.9892234679 0.9785574473 0.9678914268 0.9572254062 0.9465593857 0.9358933651 0.9252273446 0.9221427074 0.9215851979 0.9210276884 0.9204701789 0.9199126695 0.91935516 0.9187976505 0.9202483875 0.9316891894 0.9414478767 0.9512065639 0.9609652511 0.9707239383 0.9804826256 0.9902413128 1 
3.36635345 3.251624991 3.136896531 3.022168071 2.907439612 2.792711152 2.677982692 2.568979399 2.467523331 2.393543531 2.31775356 2.240934276 2.164114992 2.087295708 2.010476424 1.93365714 1.863339558 1.81252708 1.760126269 1.707230732 1.654335195 1.601439658 1.548544121 1.495648584 1.449999809 1.416428969 1.38048662 1.344243657 1.308000694 1.271757731 1.235514768 1.199271804 1.169243198 1.145428949 1.121614699 1.09780045 1.073986201 1.050171951 1.026709253 1.006019898 0.9936154807 0.9857375478 0.9750715273 0.9644055068 0.9537394862 0.9430734657 0.9324074451 0.9217414246 0.9186567873 0.9180992779 0.9175417684 0.9169842589 0.9164267495 0.91586924 0.916282383 0.9184025354 0.9298433373 0.9414478767 0.9512065639 0.9609652511 0.9707239383 0.9804826256 0.9902413128 1 
3.348596687 3.233868227 3.119139767 3.004411307 2.889682848 2.774954388 2.662329051 2.556947801 2.455491733 2.381511933 2.307461146 2.230641862 2.153822578 2.077003294 2.000184011 1.923364727 1.853047144 1.802234666 1.751109729 1.698214192 1.645318655 1.592423118 1.539527581 1.486632044 1.440983269 1.407412429 1.373106756 1.336863793 1.300620829 1.264377866 1.228134903 1.19189194 1.161863334 1.138049084 1.114234835 1.090420586 1.066606336 1.042792087 1.021243386 1.000554032 0.9881496143 0.9807161592 0.9715856073 0.9609195867 0.9502535662 0.9395875457 0.9289215251 0.9182555046 0.9151708673 0.9146133579 0.9140558484 0.9134983389 0.9129408294 0.91238332 0.9144365308 0.9165566833 0.9279974852 0.9407698085 0.9512065639 0.9609652511 0.9707239383 0.9804826256 0.9902413128 1 
3.330839923 3.216111463 3.101383003 2.986654544 2.871926084 2.757197624 2.650297453 2.544916204 2.443460136 2.369480336 2.295500536 2.220349449 2.143530165 2.066710881 1.989891597 1.913072313 1.842754731 1.791942252 1.741129774 1.689197652 1.636302115 1.583406578 1.530511041 1.477615504 1.431966728 1.398395889 1.36482505 1.329483928 1.293240965 1.256998002 1.220755039 1.184512076 1.154483469 1.13066922 1.106854971 1.083040721 1.059226472 1.036466874 1.01577752 0.9950881654 0.982683748 0.9752502929 0.9678168378 0.9574336667 0.9467676462 0.9361016256 0.9254356051 0.9147695846 0.9116849473 0.9111274378 0.9105699284 0.9100124189 0.9094549094 0.9104705263 0.9125906787 0.9147108312 0.9261516331 0.9389239564 0.9512065639 0.9609652511 0.9707239383 0.9804826256 0.9902413128 1 
3.313083159 3.198354699 3.083626239 2.96889778 2.85416932 2.743647105 2.638265856 2.532884606 2.431428538 2.357448738 2.283468938 2.209489138 2.133237751 2.056418467 1.979599183 1.902779899 1.832462317 1.781649839 1.73083736 1.680024882 1.627285575 1.574390038 1.521494501 1.468598964 1.422950188 1.389379349 1.355808509 1.322104064 1.285861101 1.249618137 1.213375174 1.177132211 1.147103605 1.123289355 1.099475106 1.075660857 1.051846607 1.031001008 1.010311654 0.989622299 0.9772178816 0.9697844265 0.9623509714 0.9539477467 0.9432817262 0.9326157056 0.9219496851 0.9112836645 0.9081990273 0.9076415178 0.9070840084 0.9065264989 0.9065045218 0.9086246742 0.9107448266 0.9128649791 0.924305781 0.9370781043 0.9498504276 0.9609652511 0.9707239383 0.9804826256 0.9902413128 1 
3.295326395 3.180597935 3.065869476 2.951141016 2.836996757 2.731615507 2.626234258 2.520853009 2.41939694 2.34541714 2.271437341 2.197457541 2.122945337 2.046126054 1.96930677 1.892487486 1.822169903 1.771357425 1.720544947 1.669732469 1.618269034 1.565373497 1.51247796 1.459582423 1.413933648 1.380362809 1.346791969 1.31322113 1.278481236 1.242238273 1.20599531 1.169752347 1.13972374 1.115909491 1.092095242 1.068280992 1.046224496 1.025535142 1.004845787 0.9841564327 0.9717520153 0.9643185602 0.9568851051 0.94945165 0.9397958062 0.9291297856 0.9184637651 0.9077977445 0.9047131073 0.9041555978 0.9035980883 0.9030405789 0.9046586697 0.9067788221 0.9088989745 0.911019127 0.9224599289 0.9352322522 0.9480045755 0.9607768988 0.9707239383 0.9804826256 0.9902413128 1 
3.277569631 3.162841171 3.048112712 2.933384252 2.824965159 2.71958391 2.61420266 2.508821411 2.407365343 2.333385543 2.259405743 2.185425943 2.111446143 2.03583364 1.959014356 1.882195072 1.81187749 1.761065011 1.710252533 1.659440055 1.608627577 1.556356957 1.50346142 1.450565883 1.404917108 1.371346268 1.337775429 1.304204589 1.27063375 1.234858409 1.198615445 1.162372482 1.132343876 1.108529627 1.084715377 1.061447984 1.04075863 1.020069275 0.9993799209 0.9786905663 0.966286149 0.9588526939 0.9514192388 0.9439857837 0.9363098861 0.9256438656 0.9149778451 0.9043118245 0.9012271873 0.9006696778 0.9001121683 0.9006926652 0.9028128176 0.90493297 0.9070531224 0.9091732749 0.9206140768 0.9333864001 0.9461587234 0.9589310467 0.9707239383 0.9804826256 0.9902413128 1 
3.259812867 3.145084408 3.030355948 2.918314811 2.812933562 2.707552312 2.602171063 2.496789814 2.395333745 2.321353945 2.247374145 2.173394345 2.099414546 2.025434746 1.948721942 1.871902658 1.801585076 1.750772598 1.699960119 1.649147641 1.598335163 1.547340417 1.49444488 1.441549343 1.395900568 1.362329728 1.328758889 1.295188049 1.26161721 1.227478544 1.191235581 1.154992618 1.124964012 1.101149762 1.077335513 1.055982118 1.035292764 1.014603409 0.9939140545 0.9732247 0.9608202826 0.9533868275 0.9459533724 0.9385199173 0.9310864622 0.9221579456 0.911491925 0.9008259045 0.8977412673 0.8971837578 0.8967266606 0.8988468131 0.9009669655 0.9030871179 0.9052072703 0.9073274228 0.9187682247 0.931540548 0.9443128713 0.9570851946 0.969857518 0.9804826256 0.9902413128 1 
3.242056103 3.127327644 3.012599184 2.906283214 2.800901964 2.695520715 2.590139465 2.484758216 2.383302148 2.309322348 2.235342548 2.161362748 2.087382948 2.013403148 1.938429529 1.861610245 1.791292662 1.740480184 1.689667706 1.638855228 1.588042749 1.537230271 1.48542834 1.432532803 1.386884028 1.353313188 1.319742349 1.286171509 1.25260067 1.21902983 1.183855717 1.147612753 1.117584147 1.093769898 1.071205606 1.050516252 1.029826897 1.009137543 0.9884481882 0.9677588336 0.9553544163 0.9479209612 0.9404875061 0.933054051 0.9256205959 0.9181871408 0.908006005 0.8973399845 0.8942553473 0.8936978378 0.8948808085 0.897000961 0.8991211134 0.9012412658 0.9033614182 0.9054815706 0.9169223726 0.9296946959 0.9424670192 0.9552393425 0.9680116658 0.9804826256 0.9902413128 1 
3.22429934 3.10957088 2.999632865 2.894251616 2.788870367 2.683489117 2.578107868 2.472726618 2.37127055 2.29729075 2.22331095 2.14933115 2.07535135 2.00137155 1.927391751 1.851317831 1.781000249 1.73018777 1.679375292 1.628562814 1.577750336 1.526937857 1.476125379 1.423516263 1.377867487 1.344296648 1.310725808 1.277154969 1.243584129 1.21001329 1.176442451 1.140232889 1.110204283 1.086429094 1.06573974 1.045050385 1.024361031 1.003671676 0.9829823218 0.9622929673 0.9498885499 0.9424550948 0.9350216397 0.9275881846 0.9201547295 0.9127212744 0.904520085 0.8938540645 0.8907694272 0.890914804 0.8930349564 0.8951551089 0.8972752613 0.8993954137 0.9015155661 0.9036357185 0.9150765205 0.9278488438 0.9406211671 0.9533934904 0.9661658137 0.9789381371 0.9902413128 1 
3.206542576 3.092982517 2.987601268 2.882220018 2.776838769 2.67145752 2.56607627 2.460695021 2.359238953 2.285259153 2.211279353 2.137299553 2.063319753 1.989339953 1.915360153 1.841025418 1.770707835 1.719895357 1.669082879 1.6182704 1.567457922 1.516645444 1.465832965 1.414499723 1.368850947 1.335280108 1.301709268 1.268138429 1.234567589 1.20099675 1.16742591 1.132853025 1.102824418 1.080963228 1.060273874 1.039584519 1.018895165 0.99820581 0.9775164555 0.956827101 0.9444226836 0.9369892285 0.9295557734 0.9221223183 0.9146888632 0.9072554081 0.899821953 0.8903681445 0.8872835072 0.8890689519 0.8911891043 0.8933092568 0.8954294092 0.8975495616 0.899669714 0.9017898664 0.9132306684 0.9260029917 0.938775315 0.9515476383 0.9643199616 0.977092285 0.9898646083 1 
3.188785812 3.08095092 2.97556967 2.870188421 2.764807172 2.659425922 2.554044673 2.448663423 2.347207355 2.273227555 2.199247755 2.125267955 2.051288155 1.977308355 1.903328555 1.829348755 1.760415421 1.709602943 1.658790465 1.607977987 1.557165508 1.50635303 1.455540552 1.404728074 1.359834407 1.326263567 1.292692728 1.259121889 1.225551049 1.19198021 1.15840937 1.124838531 1.096186716 1.075497362 1.054808007 1.034118653 1.013429298 0.9927399437 0.9720505891 0.9513612346 0.9389568172 0.9315233621 0.924089907 0.9166564519 0.9092229968 0.9017895417 0.8943560866 0.8868822245 0.8851029474 0.8872230998 0.8893432522 0.8914634046 0.8935835571 0.8957037095 0.8978238619 0.8999440143 0.9113848163 0.9241571396 0.9369294629 0.9497017862 0.9624741095 0.9752464328 0.9880187562 1 
3.173264481 3.070001541 2.964620291 2.859239042 2.753857793 2.648476543 2.543095294 2.437714045 2.336257976 2.262278176 2.188298376 2.114318576 2.040338776 1.966358977 1.892379177 1.818399377 1.753104448 1.70229197 1.651479491 1.600667013 1.549854535 1.499042057 1.448229578 1.397651461 1.355257601 1.321686762 1.288115922 1.254545083 1.220974243 1.187403404 1.153832564 1.120505737 1.093711747 1.072912823 1.052223469 1.031534114 1.01084476 0.990155405 0.9694660505 0.948776696 0.9363722786 0.9289388235 0.9215053684 0.9140719133 0.9066384582 0.8992050031 0.891771548 0.8834104599 0.8832267209 0.8853468734 0.8874670258 0.8895871782 0.8917073306 0.8938274831 0.8959476355 0.8980677879 0.9095085898 0.9222809132 0.9350532365 0.9478255598 0.9605978831 0.9733702064 0.9861425297 1 
3.159419724 3.057064631 2.954482577 2.849101327 2.743720078 2.638338828 2.532957579 2.42757633 2.326120261 2.252140462 2.178160662 2.104180862 2.030201062 1.956221262 1.882964722 1.813117838 1.748029555 1.697217076 1.646404598 1.59559212 1.544779642 1.493967163 1.444092127 1.396404456 1.354010596 1.320439757 1.286868917 1.253298078 1.219727238 1.186156399 1.153104085 1.120753304 1.093959314 1.072722115 1.051799926 1.031110571 1.010421217 0.9897318622 0.9690425076 0.9483531531 0.9359487357 0.9285152806 0.9210818255 0.9136483704 0.9062149153 0.8987814602 0.8899565557 0.880461694 0.8803208023 0.8832979006 0.8855680186 0.887688171 0.8898083234 0.8919284759 0.8940486283 0.8961687807 0.9076095826 0.920381906 0.9331542293 0.9459265526 0.9586988759 0.9714711992 0.9856774667 1 
3.145574968 3.043219875 2.940864782 2.838509689 2.733582363 2.628201114 2.522819864 2.417438615 2.315982547 2.242002747 2.168022947 2.094043147 2.020063347 1.947736713 1.877889829 1.808042944 1.742954661 1.692142183 1.641329705 1.590517227 1.539704748 1.490532794 1.442845122 1.395157451 1.352763591 1.319192752 1.285621913 1.252051073 1.218480234 1.185702433 1.153351652 1.121000872 1.094206882 1.072969682 1.051732482 1.030687028 1.009997674 0.9893083193 0.9686189648 0.9479296102 0.9355251928 0.9280917377 0.9206582826 0.9132248275 0.9057913724 0.8965026514 0.8870077898 0.8775129281 0.8773720364 0.8803491347 0.883326233 0.8857891638 0.8879093162 0.8900294687 0.8921496211 0.8942697735 0.9057105755 0.9184828988 0.9312552221 0.9440275454 0.9570324002 0.9713549335 0.9856774667 1 
3.131730211 3.029375118 2.927020026 2.824664933 2.72230984 2.618063399 2.512682149 2.4073009 2.305844832 2.231865032 2.157885232 2.083905432 2.012508704 1.94266182 1.872814935 1.802968051 1.737879768 1.68706729 1.636254811 1.585442333 1.53697346 1.489285789 1.441598117 1.393910446 1.351516587 1.317945747 1.284374908 1.250804068 1.21830078 1.18595 1.15359922 1.12124844 1.09445445 1.07321725 1.05198005 1.03074285 1.009574131 0.9888847764 0.9681954219 0.9475060674 0.93510165 0.9276681949 0.9202347398 0.9125436089 0.9030487472 0.8935538855 0.8840590239 0.8745641622 0.8744232705 0.8774003688 0.8803774671 0.8833545654 0.886010309 0.8881304615 0.8902506139 0.8923707663 0.9038115683 0.9165838916 0.9293562149 0.9427098669 0.9570324002 0.9713549335 0.9856774667 1 
3.117885455 3.015530362 2.913175269 2.810820176 2.708465083 2.60610999 2.502544435 2.397163185 2.295707117 2.221727317 2.147747517 2.077280695 2.007433811 1.937586926 1.867740042 1.797893158 1.732804875 1.681992396 1.631179918 1.583414127 1.535726455 1.488038784 1.440351112 1.392663441 1.350269582 1.316698742 1.283249909 1.250899128 1.218548348 1.186197568 1.153846788 1.121496007 1.094702017 1.073464817 1.052227618 1.030990418 1.009753218 0.9885160181 0.967771879 0.9470825245 0.9346781071 0.927244652 0.9190897046 0.9095948429 0.9000999813 0.8906051196 0.881110258 0.8716153963 0.8714745046 0.8744516029 0.8774287012 0.8804057995 0.8833828978 0.8862314543 0.8883516067 0.8904717591 0.9019125611 0.9146848844 0.9283873337 0.9427098669 0.9570324002 0.9713549335 0.9856774667 1 
3.104040699 3.001685606 2.899330513 2.79697542 2.694620327 2.592265234 2.489910141 2.38702547 2.285569402 2.211899571 2.142052686 2.072205802 2.002358918 1.932512033 1.862665149 1.792818264 1.727729981 1.677542464 1.629854793 1.582167122 1.53447945 1.486791779 1.439104108 1.391416436 1.349022577 1.315848257 1.283497476 1.251146696 1.218795916 1.186445135 1.154094355 1.121743575 1.094949585 1.073712385 1.052475185 1.031237985 1.010000786 0.9887635857 0.9675263859 0.9466589816 0.9342545642 0.9256358004 0.9161409387 0.906646077 0.8971512154 0.8876563537 0.8781614921 0.8686666304 0.8685257387 0.871502837 0.8744799353 0.8774570336 0.8804341319 0.8834112302 0.8863883285 0.8885727519 0.9000135539 0.9140648004 0.9283873337 0.9427098669 0.9570324002 0.9713549335 0.9856774667 1 
3.092532809 2.990177716 2.887822623 2.78546753 2.683112437 2.580757344 2.478402251 2.376047158 2.279121028 2.209235999 2.139389114 2.06954223 1.999695346 1.929848461 1.860001577 1.790154692 1.725847611 1.67815994 1.630472268 1.582784597 1.535096925 1.487409254 1.439721583 1.392033911 1.349367759 1.317016979 1.284666199 1.252315418 1.219964638 1.187613858 1.155263077 1.122912297 1.096118307 1.074881107 1.053643907 1.032406708 1.011169508 0.989932308 0.9686951081 0.9474579083 0.9333156019 0.9238207402 0.9143258786 0.9048310169 0.8953361553 0.8858412936 0.8763464319 0.8668515703 0.8663389878 0.8693160861 0.8722931844 0.8752702827 0.878247381 0.8812244793 0.8842015776 0.887178676 0.8997422671 0.9140648004 0.9283873337 0.9427098669 0.9570324002 0.9713549335 0.9856774667 1 
3.095046118 2.992691025 2.890335932 2.787980839 2.685625746 2.583270653 2.48091556 2.382942868 2.29185994 2.221250153 2.15119347 2.081346586 2.011499701 1.941652817 1.871805932 1.801959048 1.737651967 1.689964295 1.642276624 1.594588953 1.546901281 1.49921361 1.451525938 1.401916204 1.357795957 1.323754886 1.291361848 1.259011068 1.226660288 1.194309508 1.161958727 1.129607947 1.102813957 1.081576757 1.060339557 1.039102358 1.017865158 0.9966279579 0.9753558912 0.9527240176 0.9383027765 0.9288079148 0.9193130532 0.9098181915 0.9003233298 0.8908284682 0.8812992539 0.8715753748 0.8699560314 0.8717014252 0.8746785235 0.8776556218 0.8806327202 0.8836098185 0.8865869168 0.8895640151 0.9007645553 0.9140648004 0.9283873337 0.9427098669 0.9570324002 0.9713549335 0.9856774667 1 
3.097559426 2.995204333 2.89284924 2.790494147 2.688139054 2.585783962 2.489689442 2.39568178 2.304598852 2.233989065 2.163379277 2.093150941 2.023304057 1.953457173 1.883610288 1.813763404 1.749456322 1.701768651 1.65408098 1.606393308 1.558705637 1.511017966 1.460850213 1.410682461 1.366562214 1.332521143 1.298480071 1.265706718 1.233355938 1.201005158 1.168654377 1.136303597 1.109509607 1.088272407 1.067035207 1.045798007 1.024560808 1.002974939 0.9803430658 0.9577111922 0.9432899511 0.9337950894 0.9243002278 0.9148053661 0.9053105044 0.8957297612 0.8860058821 0.8762820031 0.8746626596 0.875744828 0.8770638627 0.880040961 0.8830180593 0.8859951576 0.8889722559 0.8919493542 0.9031498944 0.9155252121 0.9283873337 0.9427098669 0.9570324002 0.9713549335 0.9856774667 1 
3.100072735 2.997717642 2.895362549 2.793007456 2.690652363 2.596436016 2.502428353 2.408420691 2.317337764 2.246727976 2.176118189 2.105508402 2.035108413 1.965261528 1.895414644 1.825567759 1.761260678 1.713573007 1.665885335 1.618197664 1.569951974 1.519784222 1.46961647 1.419448718 1.375328471 1.341287399 1.307246328 1.273205256 1.240051588 1.207700807 1.175350027 1.142999247 1.116205257 1.094968057 1.073730857 1.052493657 1.030593988 1.007962114 0.9853302404 0.9626983668 0.9482771257 0.938782264 0.9292874023 0.9197925407 0.9101602686 0.9004363895 0.8907125104 0.8809886313 0.8793692878 0.8804514562 0.8815336247 0.8826157931 0.8854033984 0.8883804967 0.891357595 0.8943346933 0.9055352336 0.9179105512 0.9302858689 0.9427098669 0.9570324002 0.9713549335 0.9856774667 1 
3.102586044 3.000230951 2.897875858 2.797190251 2.703182589 2.609174927 2.515167265 2.421159603 2.330076675 2.259466888 2.188857101 2.118247313 2.047637526 1.977065884 1.907219 1.837372115 1.773065034 1.725377363 1.677689691 1.628885983 1.578718231 1.528550479 1.478382727 1.428214975 1.384094728 1.350053656 1.316012585 1.281971513 1.247930442 1.214396457 1.182045677 1.149694897 1.122900907 1.101663707 1.080426507 1.058213036 1.035581162 1.012949289 0.990317415 0.9676855414 0.9532643003 0.9437694386 0.9342745769 0.9245907759 0.9148668968 0.9051430177 0.8954191386 0.8856952595 0.8840759161 0.8851580845 0.8862402529 0.8873224213 0.8884045897 0.8907658358 0.8937429341 0.8967200324 0.9079205727 0.9202958903 0.932671208 0.9450465257 0.9574218433 0.9713549335 0.9856774667 1 
3.105099353 3.00274426 2.903936825 2.809929163 2.715921501 2.621913839 2.527906177 2.433898515 2.342815587 2.2722058 2.201596013 2.130986225 2.060376438 1.989766651 1.919156863 1.849176471 1.78486939 1.737181718 1.687819992 1.63765224 1.587484488 1.537316736 1.487148983 1.436981231 1.392860984 1.358819913 1.324778841 1.29073777 1.256696698 1.222655627 1.188741327 1.156390547 1.129596557 1.108359357 1.085832084 1.06320021 1.040568337 1.017936463 0.9953045895 0.972672716 0.9582514748 0.9487451623 0.9390212832 0.9292974041 0.919573525 0.9098496459 0.9001257669 0.8904018878 0.8887825443 0.8898647127 0.8909468811 0.8920290496 0.893111218 0.8941933864 0.8961282733 0.8991053716 0.9103059118 0.9226812295 0.9350565471 0.9474318648 0.9598071824 0.9721825001 0.9856774667 1 
3.107612662 3.010683399 2.916675737 2.822668075 2.728660413 2.634652751 2.540645089 2.446637427 2.355554499 2.284944712 2.214334924 2.143725137 2.07311535 2.002505562 1.931895775 1.861285988 1.796673745 1.746754001 1.696586249 1.646418497 1.596250745 1.546082992 1.49591524 1.445747488 1.401627241 1.36758617 1.333545098 1.299504026 1.265462955 1.231421883 1.197380812 1.16333974 1.136083006 1.113451132 1.090819258 1.068187385 1.045555511 1.022923638 1.000291764 0.9776598905 0.9631756696 0.9534517905 0.9437279115 0.9340040324 0.9242801533 0.9145562742 0.9048323951 0.895108516 0.8934891725 0.894571341 0.8956535094 0.8967356778 0.8978178462 0.8989000146 0.899982183 0.9014907107 0.9126912509 0.9250665686 0.9374418862 0.9498172039 0.9621925216 0.9745678392 0.9869431569 1 
3.109855644 3.013843386 2.919835724 2.825828062 2.7318204 2.637812738 2.543805076 2.449797414 2.358632977 2.287819416 2.217209629 2.146599842 2.075990054 2.005380267 1.93477048 1.864160692 1.798762336 1.748670276 1.698502523 1.648334771 1.598167019 1.547999267 1.497831515 1.447663762 1.403543515 1.369502444 1.335461372 1.301420301 1.267379229 1.233338158 1.199297086 1.165256015 1.137099778 1.114467904 1.09183603 1.069204157 1.046572283 1.02394041 1.001308536 0.9786766625 0.9641122855 0.9543884064 0.9446645273 0.9349406482 0.9252167691 0.91549289 0.9057690109 0.89614693 0.8947319959 0.8958141643 0.8968963327 0.8979785011 0.8990606695 0.9001428379 0.9012250064 0.9023071748 0.9133727764 0.925748094 0.9381234117 0.9504987294 0.962874047 0.9752493647 0.9876246823 1 
3.111990496 3.013400901 2.919164142 2.82515648 2.731148818 2.637141156 2.543133494 2.449125832 2.357961394 2.286748438 2.216138651 2.145528864 2.074919076 2.004309289 1.933699502 1.863089714 1.797691358 1.747846557 1.697678805 1.647511053 1.5973433 1.547175548 1.497007796 1.446840044 1.402719797 1.368678725 1.334637654 1.300596582 1.266555511 1.232514439 1.198473368 1.164303862 1.136173372 1.113896515 1.091264641 1.068632768 1.046000894 1.02336902 1.000737147 0.9781052733 0.9635408963 0.9538170172 0.9440931381 0.9343692591 0.92464538 0.9149215009 0.9051976218 0.8959080816 0.8945422034 0.8956714656 0.896753634 0.8978358025 0.8989179709 0.9000001393 0.9010823077 0.9021644761 0.9133320053 0.925748094 0.9381234117 0.9504987294 0.962874047 0.9752493647 0.9876246823 1 
3.114125348 3.015535752 2.918492559 2.824484897 2.730477235 2.636469573 2.542461911 2.448454249 2.357289812 2.28602795 2.215067673 2.144457885 2.073848098 2.003238311 1.932628523 1.862018736 1.79662038 1.746856317 1.696855086 1.646687334 1.596519582 1.54635183 1.496184077 1.446016325 1.401896078 1.367855007 1.333813935 1.299772864 1.265731792 1.231690721 1.197611702 1.163337113 1.135206624 1.113220235 1.090693252 1.068061379 1.045429505 1.022797631 1.000165758 0.9775338842 0.9629695072 0.9532456281 0.943521749 0.9337978699 0.9240739908 0.9143501117 0.9048501886 0.8956692331 0.894303355 0.895528767 0.8966109354 0.8976931038 0.8987752722 0.8998574406 0.9009396091 0.9020217775 0.9131893067 0.925748094 0.9381234117 0.9504987294 0.962874047 0.9752493647 0.9876246823 1 
3.116260199 3.017670604 2.919081009 2.823813315 2.729805653 2.635797991 2.541790329 2.447782667 2.35661823 2.285356368 2.214094506 2.143386907 2.07277712 2.002167333 1.931557545 1.860947758 1.795549402 1.745785339 1.696021275 1.645863615 1.595695863 1.545528111 1.495360359 1.445192607 1.40107236 1.367031288 1.332990217 1.298949145 1.264908074 1.230867002 1.196644954 1.162370365 1.134239876 1.112253486 1.090121863 1.067489989 1.044858116 1.022226242 0.9995943686 0.9769624951 0.962398118 0.952674239 0.9429503599 0.9332264808 0.9235026017 0.9137922957 0.9046113402 0.8954303847 0.8940645066 0.8953036542 0.8964682367 0.8975504052 0.8986325736 0.899714742 0.9007969104 0.9018790788 0.913046608 0.9256549031 0.9381234117 0.9504987294 0.962874047 0.9752493647 0.9876246823 1 
3.118395051 3.019805456 2.92121586 2.823141732 2.72913407 2.635126408 2.541118746 2.447111084 2.355946647 2.284684785 2.213422923 2.142315929 2.071706142 2.001096354 1.930486567 1.85987678 1.794478424 1.74471436 1.694950297 1.645039897 1.594872145 1.544704392 1.49453664 1.444368888 1.400248641 1.366207569 1.332166498 1.298125426 1.264084355 1.229952795 1.195678206 1.161403617 1.133273128 1.111286738 1.089300349 1.0669186 1.044286727 1.021654853 0.9990229795 0.9763911059 0.9618267289 0.9521028498 0.9423789707 0.9326550916 0.9229312126 0.9135534473 0.9043724918 0.8951915363 0.8938256582 0.8950648058 0.8963039534 0.8974077065 0.8984898749 0.8995720433 0.9006542118 0.9017363802 0.9129039094 0.9255122044 0.9381204995 0.9504987294 0.962874047 0.9752493647 0.9876246823 1 
3.120529903 3.021940307 2.923350712 2.824761117 2.728462488 2.634454826 2.540447164 2.446439502 2.355275065 2.284013203 2.212751341 2.141489479 2.070635164 2.000025376 1.929415589 1.858805802 1.793407445 1.743643382 1.693879319 1.644115256 1.594048426 1.543880674 1.493712922 1.443545169 1.399424922 1.365383851 1.331342779 1.297301708 1.263260636 1.228986047 1.194711458 1.160436869 1.13230638 1.11031999 1.088333601 1.066347211 1.043715338 1.021083464 0.9984515904 0.9758197168 0.9612553398 0.9515314607 0.9418075816 0.9320837025 0.9224955543 0.9133145988 0.9041336433 0.8949526879 0.8935868097 0.8948259574 0.896065105 0.8972650079 0.8983471763 0.8994293447 0.9005115131 0.9015936815 0.9127612107 0.9253695058 0.9379778008 0.9504987294 0.962874047 0.9752493647 0.9876246823 1 
3.122664754 3.024075159 2.925485564 2.826895968 2.728306373 2.633783243 2.539775581 2.445767919 2.354603482 2.28334162 2.212079758 2.140817896 2.069564185 1.998954398 1.928344611 1.857734824 1.792336467 1.742572404 1.692808341 1.643044278 1.593224707 1.543056955 1.492889203 1.442721451 1.398601204 1.364560132 1.330519061 1.296477989 1.262293888 1.228019299 1.19374471 1.159470121 1.131339632 1.109353242 1.087366853 1.065380463 1.043143948 1.020512075 0.9978802012 0.9752483277 0.9606839506 0.9509600716 0.9412361925 0.9315123134 0.9222567059 0.9130757504 0.9038947949 0.8947138394 0.8933479613 0.8945871089 0.8958262566 0.8970654042 0.8982044776 0.899286646 0.9003688145 0.9014509829 0.9126185121 0.9252268071 0.9378351022 0.9504433972 0.962874047 0.9752493647 0.9876246823 1 
3.124799606 3.026210011 2.927620415 2.82903082 2.730441225 2.633111661 2.539103999 2.445096337 2.3539319 2.282670038 2.211408176 2.140146314 2.068884452 1.99788342 1.927273633 1.856663845 1.791265489 1.741501426 1.691737363 1.6419733 1.592209236 1.542233237 1.492065484 1.441897732 1.397777485 1.363736414 1.329695342 1.295601729 1.26132714 1.227052551 1.192777962 1.158503373 1.130372884 1.108386494 1.086400105 1.064413715 1.042427325 1.019940686 0.9973088121 0.9746769385 0.9601125615 0.9503886824 0.9406648033 0.9311988129 0.9220178575 0.912836902 0.9036559465 0.894474991 0.8931091129 0.8943482605 0.8955874082 0.8968265558 0.898061779 0.8991439474 0.9002261158 0.9013082842 0.9124758134 0.9250841085 0.9376924035 0.9503006986 0.962874047 0.9752493647 0.9876246823 1 
3.126934458 3.028344862 2.929755267 2.831165672 2.732576076 2.633986481 2.538432416 2.444424754 2.353260317 2.281998455 2.210736593 2.139474732 2.06821287 1.996951008 1.926202655 1.855592867 1.790194511 1.740430448 1.690666385 1.640902321 1.591138258 1.541374195 1.491241766 1.441074014 1.396953767 1.362912695 1.328871624 1.294634981 1.260360392 1.226085803 1.191811214 1.157536625 1.129406136 1.107419746 1.085433357 1.063446967 1.041460577 1.019369297 0.996737423 0.9741055494 0.9595411724 0.9498172933 0.94014092 0.9309599645 0.921779009 0.9125980535 0.9034170981 0.8942361426 0.8928702644 0.8941094121 0.8953485597 0.8965877074 0.897826855 0.8990012487 0.9000834171 0.9011655856 0.9123331148 0.9249414098 0.9375497049 0.9501579999 0.962766295 0.9752493647 0.9876246823 1 
3.129069309 3.030479714 2.931890119 2.833300523 2.734710928 2.636121333 2.537760834 2.443753172 2.352588735 2.281326873 2.210065011 2.138803149 2.067541287 1.996279425 1.925131676 1.854521889 1.789123533 1.73935947 1.689595406 1.639831343 1.59006728 1.540303217 1.490418047 1.440250295 1.396130048 1.362088976 1.327942822 1.293668233 1.259393644 1.225119055 1.190844466 1.156569877 1.128439388 1.106452998 1.084466608 1.062480219 1.040493829 1.01850744 0.9961660338 0.9735341603 0.9589697832 0.9492459041 0.9399020716 0.9307211161 0.9215401606 0.9123592051 0.9031782496 0.8939972941 0.892631416 0.8938705636 0.8951097113 0.8963488589 0.8975880066 0.8988271542 0.8999407185 0.9010228869 0.9121904161 0.9247987112 0.9374070062 0.9500153013 0.9626235963 0.9752318914 0.9876246823 1 
3.131204161 3.032614566 2.93402497 2.835435375 2.73684578 2.638256184 2.539666589 2.443081589 2.351917152 2.280655291 2.209393429 2.138131567 2.066869705 1.995607843 1.924345981 1.853450911 1.788052555 1.738288492 1.688524428 1.638760365 1.588996302 1.539232239 1.489468176 1.439426576 1.395306329 1.361250663 1.326976074 1.292701485 1.258426896 1.224152307 1.189877718 1.155603129 1.12747264 1.10548625 1.08349986 1.061513471 1.039527081 1.017540692 0.9955543019 0.9729627711 0.9583983941 0.9488441786 0.9396632231 0.9304822677 0.9213013122 0.9121203567 0.9029394012 0.8937584457 0.8923925676 0.8936317152 0.8948708629 0.8961100105 0.8973491582 0.8985883058 0.8997980198 0.9008801883 0.9120477175 0.9246560125 0.9372643076 0.9498726026 0.9624808977 0.9750891927 0.9876246823 1 
3.133339013 3.034749417 2.936159822 2.837570227 2.738980631 2.640391036 2.541801441 2.443211845 2.35124557 2.279983708 2.208721846 2.137459984 2.066198122 1.99493626 1.923674398 1.852412537 1.786981577 1.737217513 1.68745345 1.637689387 1.587925324 1.538161261 1.488397198 1.438602858 1.394482611 1.360283915 1.326009326 1.291734737 1.257460148 1.223185559 1.18891097 1.154636381 1.126505892 1.104519502 1.082533112 1.060546723 1.038560333 1.016573944 0.9945875539 0.972391382 0.957827005 0.9486053302 0.9394243747 0.9302434192 0.9210624637 0.9118815083 0.9027005528 0.8935195973 0.8921537191 0.8933928668 0.8946320144 0.8958711621 0.8971103097 0.8983494574 0.899588605 0.9007374896 0.9119050188 0.9245133139 0.9371216089 0.949729904 0.962338199 0.9749464941 0.9875547891 1 
3.135473864 3.036884269 2.938294674 2.839705078 2.741115483 2.642525888 2.543936292 2.445346697 2.350573988 2.279312126 2.208050264 2.136788402 2.06552654 1.994264678 1.923002816 1.851740954 1.785910598 1.736146535 1.686382472 1.636618409 1.586854346 1.537090283 1.487326219 1.437562156 1.393591756 1.359317167 1.325042578 1.290767989 1.2564934 1.222218811 1.187944222 1.153669633 1.125539144 1.103552754 1.081566364 1.059579975 1.037593585 1.015607195 0.9936208058 0.9716344162 0.9575474373 0.9483664818 0.9391855263 0.9300045708 0.9208236153 0.9116426598 0.9024617043 0.8932807488 0.8919148707 0.8931540184 0.894393166 0.8956323136 0.8968714613 0.8981106089 0.8993497566 0.9005889042 0.9117623202 0.9243706152 0.9369789103 0.9495872053 0.9621955004 0.9748037954 0.9874120905 1 
3.143174351 3.041582102 2.942992507 2.844402911 2.745813316 2.647223721 2.548634126 2.45004453 2.354870902 2.28360904 2.212347178 2.141085316 2.069823454 1.998561592 1.92729973 1.856037868 1.788293687 1.738529624 1.688765561 1.639001498 1.589237435 1.539473372 1.489709309 1.439945245 1.395110822 1.360827732 1.326553143 1.292278554 1.258003965 1.223729376 1.189454787 1.155180198 1.127049709 1.105063319 1.08307693 1.06109054 1.03910415 1.017117761 0.9951313711 0.9731224235 0.9588307712 0.9496498157 0.9404688602 0.9312879047 0.9221069492 0.9129259938 0.9037450383 0.8945640828 0.8928381181 0.8940772657 0.8953164134 0.896555561 0.8977947087 0.8990338563 0.900273004 0.9015121516 0.9126993032 0.9253075983 0.9379158933 0.9505241884 0.9631324834 0.9757407785 0.9883490735 1 
3.151802444 3.047493508 2.948117504 2.849527908 2.750938313 2.652348718 2.553759122 2.455169527 2.359995898 2.288734036 2.217472174 2.146210313 2.074948451 2.003686589 1.932424727 1.859792393 1.791252454 1.741488391 1.691724328 1.641960265 1.592196202 1.542432139 1.492668076 1.44206677 1.397068982 1.362751183 1.328476594 1.294202005 1.259927416 1.225652827 1.191378238 1.157103649 1.12897316 1.10698677 1.08500038 1.063013991 1.041027601 1.019041211 0.9970548219 0.9749537629 0.9606140602 0.9511868467 0.9420058912 0.9328249357 0.9236439802 0.9144630247 0.9052820693 0.8961011138 0.8942208263 0.8951941957 0.8964333434 0.897672491 0.8989116387 0.9001507863 0.901389934 0.9026290816 0.9138162332 0.9264245283 0.9390328233 0.9516411184 0.9642494134 0.9768577085 0.9892152641 1 
3.160430537 3.056121601 2.9532425 2.854652905 2.75606331 2.657473714 2.558884119 2.460294524 2.365120895 2.293859033 2.222597171 2.151335309 2.080073447 2.008811585 1.937549724 1.86275116 1.794211221 1.744447158 1.694683095 1.644919032 1.595154969 1.545390906 1.495422637 1.444024931 1.399027142 1.364695885 1.330400045 1.296125456 1.261850867 1.227576278 1.193301689 1.1590271 1.13089661 1.108910221 1.086923831 1.064937442 1.042951052 1.020964662 0.9989218779 0.9767851022 0.9624453995 0.9527839406 0.9435429222 0.9343619667 0.9251810112 0.9160000557 0.9068191003 0.8976381448 0.8957578572 0.8963111257 0.8975502734 0.898789421 0.9000285687 0.9012677163 0.902506864 0.9037460116 0.9149331632 0.9275414583 0.9401497533 0.9527580484 0.9653663434 0.9779746385 0.9892152641 1 
3.16905863 3.064749694 2.960440758 2.859777902 2.761188306 2.662598711 2.564009116 2.46541952 2.370245892 2.29898403 2.227722168 2.156460306 2.085198444 2.013936582 1.940508491 1.865709927 1.797169988 1.747405925 1.697641862 1.647877799 1.598113736 1.548349673 1.497380798 1.445983091 1.400985303 1.366654045 1.332323496 1.298048907 1.263774318 1.229499729 1.19522514 1.160950551 1.132820061 1.110833672 1.088847282 1.066860892 1.044874503 1.022888113 1.000753217 0.9786164415 0.9642767388 0.9546152799 0.9450799532 0.9358989977 0.9267180422 0.9175370867 0.9083561312 0.8991751758 0.8972948882 0.8978481567 0.8986672034 0.899906351 0.9011454987 0.9023846463 0.903623794 0.9048629416 0.9160500932 0.9286583883 0.9412666833 0.9538749784 0.9664832734 0.9784305283 0.9892152641 1 
3.177686723 3.073377787 2.969068851 2.864902899 2.766313303 2.667723708 2.569134113 2.470544517 2.375370889 2.304109027 2.232847165 2.161585303 2.090323441 2.018265821 1.943467258 1.868668694 1.800128755 1.750364692 1.700600629 1.650836566 1.601072503 1.550736665 1.499338958 1.447941252 1.402943463 1.368612205 1.334280948 1.299972357 1.265697768 1.231423179 1.19714859 1.162874001 1.134743512 1.112757122 1.090770733 1.068784343 1.046797953 1.024721332 1.002584557 0.9804477808 0.9661080781 0.9564466192 0.9467851604 0.9374360287 0.9282550732 0.9190741177 0.9098931622 0.9007122068 0.8988319192 0.8993851877 0.8999384562 0.901023281 0.9022624287 0.9035015763 0.904740724 0.9059798716 0.9171670232 0.9297753183 0.9423836133 0.9549919084 0.9676002034 0.9784305283 0.9892152641 1 
3.186314816 3.08200588 2.977696944 2.873388008 2.7714383 2.672848705 2.574259109 2.475669514 2.380495885 2.309234023 2.237972162 2.1667103 2.095448438 2.021224588 1.946426025 1.871627461 1.803087522 1.753323459 1.703559396 1.653795333 1.60403127 1.552694825 1.501297118 1.449899412 1.404901624 1.370570366 1.336239108 1.30190785 1.267621219 1.23334663 1.199072041 1.164797452 1.136666963 1.114680573 1.092694184 1.070707794 1.048689447 1.026552672 1.004415896 0.9822791201 0.9679394174 0.9582779586 0.9486164997 0.9389730597 0.9297921042 0.9206111487 0.9114301932 0.9022492377 0.9003689502 0.9009222187 0.9014754872 0.902140211 0.9033793587 0.9046185063 0.905857654 0.9070968016 0.9182839532 0.9308922483 0.9435005433 0.9561088384 0.9676457924 0.9784305283 0.9892152641 1 
3.194942908 3.090633973 2.986325037 2.882016101 2.777707165 2.677973701 2.579384106 2.480794511 2.385620882 2.31435902 2.243097158 2.171835296 2.098981919 2.024183355 1.949384792 1.874586228 1.806046289 1.756282226 1.706518163 1.6567541 1.606050692 1.554652985 1.503255279 1.451857572 1.406859784 1.372528526 1.338197269 1.303866011 1.26954467 1.235270081 1.200995492 1.166720903 1.138590414 1.116604024 1.094617634 1.072631245 1.050520787 1.028384011 1.006247235 0.9841104594 0.9697707567 0.9601092979 0.950447839 0.9407863801 0.9313291352 0.9221481797 0.9129672242 0.9037862687 0.9019059812 0.9024592497 0.9030125182 0.9035657867 0.9044962887 0.9057354363 0.906974584 0.9082137316 0.9194008832 0.9320091783 0.9446174733 0.9568610566 0.9676457924 0.9784305283 0.9892152641 1 
3.203571001 3.099262065 2.99495313 2.890644194 2.786335258 2.683098698 2.584509103 2.485919508 2.390745879 2.319484017 2.248222155 2.176739249 2.101940686 2.027142122 1.952343559 1.877544995 1.809005056 1.759240993 1.70947693 1.659406559 1.608008852 1.556611146 1.505213439 1.453815733 1.408817945 1.374486687 1.340155429 1.305824171 1.271492913 1.237193532 1.202918943 1.168644354 1.140513864 1.118527475 1.096541085 1.074488902 1.052352126 1.03021535 1.008078574 0.9859417987 0.9716020961 0.9619406372 0.9522791783 0.9426177195 0.9329562606 0.9236852107 0.9145042552 0.9053232997 0.9034430122 0.9039962807 0.9045495492 0.9051028177 0.9056560861 0.9068523663 0.908091514 0.9093306616 0.9205178133 0.9331261083 0.9457344033 0.9568610566 0.9676457924 0.9784305283 0.9892152641 1 
3.212199094 3.107890158 3.003581222 2.899272286 2.794963351 2.690654415 2.5896341 2.491044504 2.395870876 2.324609014 2.253347152 2.179698016 2.104899453 2.030100889 1.955302326 1.880503762 1.811963823 1.76219976 1.712435697 1.661364719 1.609967013 1.558569306 1.5071716 1.455773893 1.410776105 1.376444847 1.342113589 1.307782332 1.273451074 1.239119816 1.204842393 1.170567804 1.142437315 1.120450926 1.098457017 1.076320241 1.054183465 1.032046689 1.009909914 0.9877731381 0.9734334354 0.9637719765 0.9541105176 0.9444490588 0.9347875999 0.9252222417 0.9160412862 0.9068603307 0.9049800432 0.9055333117 0.9060865802 0.9066398486 0.9071931171 0.9079692963 0.909208444 0.9104475916 0.9216347433 0.9342430383 0.9460763207 0.9568610566 0.9676457924 0.9784305283 0.9892152641 1 
3.220827187 3.116518251 3.012209315 2.907900379 2.803591443 2.699282508 2.594973572 2.496169501 2.400995872 2.329734011 2.257455347 2.182656783 2.10785822 2.033059656 1.958261092 1.883462529 1.81492259 1.765158527 1.714720586 1.66332288 1.611925173 1.560527467 1.50912976 1.457732054 1.412734265 1.378403008 1.34407175 1.309740492 1.275409234 1.241077976 1.206765844 1.172491255 1.144360766 1.122374376 1.100288356 1.07815158 1.056014804 1.033878029 1.011741253 0.9896044774 0.9752647747 0.9656033158 0.955941857 0.9462803981 0.9366189392 0.9269574803 0.9175783172 0.9083973617 0.9065170742 0.9070703427 0.9076236112 0.9081768796 0.9087301481 0.9092834166 0.910325374 0.9115645216 0.9227516733 0.9352915848 0.9460763207 0.9568610566 0.9676457924 0.9784305283 0.9892152641 1 
3.22945528 3.125146344 3.020837408 2.916528472 2.812219536 2.7079106 2.603601665 2.501294498 2.406120869 2.334859007 2.260414114 2.18561555 2.110816987 2.036018423 1.961219859 1.886421296 1.817881357 1.768076453 1.716678747 1.66528104 1.613883334 1.562485627 1.511087921 1.459690214 1.414692426 1.380361168 1.34602991 1.311698652 1.277367395 1.243036137 1.208704879 1.174414706 1.146284217 1.124256471 1.102119695 1.07998292 1.057846144 1.035709368 1.013572592 0.9914358167 0.977096114 0.9674346551 0.9577731963 0.9481117374 0.9384502785 0.9287888197 0.9191273608 0.9099343927 0.9080541052 0.9086073737 0.9091606422 0.9097139106 0.9102671791 0.9108204476 0.911442304 0.9126814516 0.9238686033 0.9352915848 0.9460763207 0.9568610566 0.9676457924 0.9784305283 0.9892152641 1 
3.238083373 3.133774437 3.029465501 2.925156565 2.820847629 2.716538693 2.612229757 2.507920822 2.411245866 2.338171444 2.263372881 2.188574317 2.113775754 2.03897719 1.964178626 1.889380063 1.820840124 1.770034614 1.718636907 1.667239201 1.615841494 1.564443788 1.513046081 1.461648375 1.416650586 1.382319329 1.347988071 1.313656813 1.279325555 1.244994297 1.210663039 1.176338157 1.148207668 1.12608781 1.103951035 1.081814259 1.059677483 1.037540707 1.015403932 0.993267156 0.9789274533 0.9692659944 0.9596045356 0.9499430767 0.9402816178 0.930620159 0.9209587001 0.9114714237 0.9095911362 0.9101444047 0.9106976732 0.9112509416 0.9118042101 0.9123574786 0.9129107471 0.9137983816 0.924506849 0.9352915848 0.9460763207 0.9568610566 0.9676457924 0.9784305283 0.9892152641 1 
3.246711466 3.14240253 3.038093594 2.933784658 2.829475722 2.725166786 2.62085785 2.516548914 2.415928775 2.341130211 2.266331648 2.191533084 2.116734521 2.041935957 1.967137393 1.89233883 1.823390481 1.771992774 1.720595068 1.669197361 1.617799655 1.566401948 1.515004242 1.463606535 1.418608747 1.384277489 1.349946231 1.315614973 1.281283716 1.246952458 1.2126212 1.178289942 1.150055925 1.12791915 1.105782374 1.083645598 1.061508822 1.039372047 1.017235271 0.9950984953 0.9807587926 0.9710973338 0.9614358749 0.951774416 0.9421129572 0.9324514983 0.9227900394 0.9131285805 0.9111281672 0.9116814357 0.9122347041 0.9127879726 0.9133412411 0.9138945096 0.9144477781 0.9150010465 0.924506849 0.9352915848 0.9460763207 0.9568610566 0.9676457924 0.9784305283 0.9892152641 1 
