2.100013446 2.82566104 3.551308633 4.276956226 5.002603819 5.728251413 6.453899006 6.953629529 7.356538451 7.759447372 8.162356294 8.565265216 8.968174137 9.482682714 10.16459077 10.84649883 11.52840689 12.21031495 12.89222301 13.60400097 14.58460812 15.56521527 16.54582242 17.52642957 18.50703672 19.48764386 20.41707021 21.33370135 22.25033249 23.51099852 24.95691411 26.40282969 25.68067166 29.05351076 32.42634986 35.60987895 38.4418323 41.27378564 43.86971764 45.52156421 47.17341079 48.82525736 50.47710394 52.12895051 53.78079709 54.77289936 55.69169671 56.61049406 57.52929141 58.44808876 59.36688611 60.03408768 60.53355873 61.03302978 61.53250083 62.03197189 62.53144294 62.85779928 62.78022131 62.70264334 62.62506536 62.54748739 62.46990942 62.39233145 
3.388475077 4.19657095 4.922218544 5.647866137 6.37351373 7.099161324 7.824808917 8.32453944 8.727448362 9.130357283 9.533266205 9.936175127 10.45717467 11.27073603 12.03123353 12.71314159 13.39504965 14.0769577 14.75886576 15.49142532 16.63828522 17.61889237 18.59949952 19.58010667 20.56071381 21.54132096 22.47074731 23.38737845 24.37370475 25.58314928 27.02906486 28.47498044 28.46346929 31.83630839 35.20914749 37.18014081 39.95373878 42.78569213 45.38162412 47.0334707 48.68531727 50.33716385 51.98901043 53.640857 55.91640505 57.66238356 58.58118091 59.49997826 60.41877561 61.33757296 62.25637032 62.92357189 63.42304294 63.92251399 64.42198504 64.92145609 65.57892348 66.73050438 67.19740115 67.11982318 67.04224521 66.96466723 66.88708926 66.80951129 
4.676936707 5.494193501 6.293128454 7.018776048 7.744423641 8.470071234 9.195718828 9.695449351 10.09835827 10.50126719 10.90417612 11.38581212 12.18235644 12.99591781 13.83500474 14.57978434 15.2616924 15.94360046 16.62550852 17.35806808 18.54649116 19.67256947 20.65317662 21.63378376 22.61439091 23.59499806 24.5244244 25.44105555 26.74101008 27.81927479 29.10121561 30.5471312 31.24626693 34.61910603 37.59360755 38.95464645 41.46564527 44.29759862 46.89353061 48.54537719 50.19722376 51.84907034 53.50091691 55.69850228 58.1299757 59.87595421 61.47066512 62.38946247 63.30825982 64.22705717 65.14585452 65.81305609 66.31252714 66.81199819 67.31146924 67.88993846 69.17939121 70.33097211 71.16085204 71.53700302 71.45942505 71.38184708 71.30426911 71.22669113 
5.965398338 6.782655131 7.599911925 8.389685959 9.115333552 9.840981145 10.56662874 11.06635926 11.46926818 11.8721771 12.31444957 13.11099389 13.90753821 14.72109958 15.56018651 16.39927344 17.12833516 17.81024322 18.49215127 19.22471083 20.41313392 21.601557 22.70685371 23.68746086 24.66806801 25.64867516 26.5781015 27.49473265 29.1083154 30.18658012 31.17336636 32.61928195 34.02906456 37.40190366 39.3681132 40.7291521 42.97755176 45.80950511 48.4054371 50.05728368 51.70913025 53.36097683 55.48059951 57.91207293 60.34354635 62.08952486 63.75933727 65.27894667 66.19774402 67.11654137 68.03533872 68.70254029 69.20201134 69.70148239 70.20095344 71.49040619 72.77985894 73.93143984 74.76131977 75.5911997 75.87660489 75.79902692 75.72144895 75.64387098 
7.253859968 8.071116762 8.888373555 9.705630349 10.48624346 11.21189106 11.93753865 12.43726917 12.84017809 13.24308702 14.03963134 14.83617566 15.63271999 16.44628135 17.28536828 18.12445521 18.96354214 19.67688597 20.35879403 21.09135359 22.27977668 23.46819976 24.65662284 25.74113796 26.72174511 27.70235226 28.6317786 29.86203797 31.47562073 32.55388544 33.34390197 34.6914327 36.8118622 40.1847013 41.14261885 42.50365775 44.75205741 47.3214116 49.91734359 51.56919017 53.22103674 55.26269674 57.69417016 60.12564357 62.55711699 64.30309551 65.97290792 67.64272033 69.08722822 70.00602557 70.92482292 71.59202449 72.09149554 72.5909666 73.80142117 75.09087392 76.38032667 77.53190757 78.3617875 79.19166743 80.02154736 80.21620676 80.13862879 80.06105082 
8.542321599 9.359578392 10.17683519 10.99409198 11.81134877 12.58280097 13.30844856 13.80817908 14.211088 14.96826879 15.76481311 16.56135744 17.35790176 18.17146313 19.01055005 19.84963698 20.68872391 21.52781084 22.22543679 22.95799635 24.14641943 25.33484252 26.5232656 27.71168868 28.77542221 29.75602936 30.6854557 32.2293433 33.84292606 34.92119077 35.7112073 36.76358345 39.59465983 42.03389524 42.9171245 44.2781634 46.52656306 48.83331809 51.42925008 53.08109665 55.04479397 57.47626739 59.9077408 62.33921422 64.77068764 66.51666615 68.18647856 69.85629098 71.52610339 72.89550978 73.81430713 74.4815087 74.98097975 76.11243615 77.4018889 78.69134165 79.9807944 81.1323753 81.96225523 82.79213516 83.62201509 84.45189503 84.55580863 84.47823066 
9.830783229 10.64804002 11.46529682 12.28255361 13.0998104 13.9170672 14.67935847 15.17908899 15.89690624 16.69345056 17.48999488 18.28653921 19.08308353 19.8966449 20.73573183 21.57481876 22.41390568 23.25299261 24.09207954 24.8246391 26.01306219 27.20148527 28.38990836 29.57833144 30.76675452 31.80970645 32.98306586 34.59664862 36.21023138 37.28849609 38.07851263 38.86852916 42.37745746 43.80840089 44.69163015 46.05266905 48.30106871 50.54946837 52.94115657 54.8268912 57.25836461 59.68983803 62.12131145 64.55278487 66.98425829 68.7302368 70.40004921 72.06986162 73.73967404 75.40948645 76.70379133 77.3709929 78.42345114 79.71290388 81.00235663 82.29180938 83.58126213 84.73284303 85.56272296 86.39260289 87.22248282 88.05236276 88.88224269 88.89541051 
11.11924486 11.93650165 12.75375845 13.57101524 14.38827203 15.20552883 16.02278562 16.82554369 17.62208801 18.41863233 19.21517666 20.01172098 20.80826531 21.62182667 22.4609136 23.30000053 24.13908746 24.97817439 25.81726131 26.69128186 27.87970494 29.06812803 30.25655111 31.4449742 32.63339728 33.82182037 35.35037119 36.96395395 38.57753671 39.65580142 40.44581795 41.23583448 44.69967728 45.58290654 46.4661358 47.8271747 50.07557436 52.32397401 54.60898843 57.04046184 59.47193526 61.90340868 64.3348821 66.76635552 69.19782894 70.94380745 72.61361986 74.28343227 75.95324468 77.6230571 79.29286951 80.73446612 82.02391887 83.31337161 84.60282436 85.89227711 87.18172986 88.33331076 89.16319069 89.99307062 90.82295055 91.65283049 92.48271042 93.31259035 
11.59235649 12.40961329 13.22687008 14.04412687 14.86138367 15.67864046 16.51617993 17.20329158 17.99983591 18.79638023 19.59292455 20.38946888 21.1860132 21.86087335 22.68262263 23.52170956 24.36079649 25.19988341 26.03897034 26.91299089 28.10141397 29.28983706 30.47826014 31.66668323 32.85510631 33.90175974 35.08100782 36.69459058 38.30817334 39.38643805 40.17645459 40.96647112 44.53459381 45.41782307 46.30105233 47.73176157 49.98016123 52.22856089 55.0674549 57.45364623 59.88511965 62.31659307 64.74806649 67.1795399 69.61101332 71.35699184 73.02680425 74.69661666 76.36642907 78.03624148 79.73590164 81.88432212 83.17377487 84.46322762 85.75268036 87.04213311 88.33158586 89.48316676 90.31304669 91.14292663 91.97280656 92.80268649 93.63256642 94.92804413 
12.06546812 12.88272492 13.69998171 14.51723851 15.3344953 16.15175209 17.05013958 17.65046693 18.3775838 19.17412813 19.97067245 20.76721677 21.5637611 22.23862125 22.90433166 23.74341859 24.58250551 25.42159244 26.26067937 27.13469992 28.323123 29.51154609 30.69996917 31.88839225 33.07681534 33.86828338 34.81164446 36.42522722 38.03880998 39.11707469 39.90709122 40.69710775 44.36951034 45.2527396 46.13596886 47.63634845 49.88474811 52.13314777 55.56214705 57.86683062 60.29830404 62.72977745 65.16125087 67.59272429 70.02419771 71.77017622 73.43998863 75.10980105 76.77961346 78.44942587 80.41771579 82.72215022 84.32363087 85.61308362 86.90253637 88.19198912 89.48144186 90.63302276 91.4629027 92.29278263 93.12266256 93.95254249 94.78242242 96.54349792 
12.53857976 13.35583655 14.17309334 14.99035014 15.80760693 16.63162462 17.58409924 18.18442658 18.7553317 19.55187602 20.34842034 21.14496467 21.94150899 22.61636914 23.12604069 23.96512762 24.80421454 25.64330147 26.4823884 27.35640895 28.54483203 29.73325511 30.9216782 32.11010128 33.21346257 33.83480703 34.5422811 36.15586385 37.76944661 38.84771133 39.63772786 40.70173033 44.20442688 45.08765614 45.9708854 47.54093533 49.78933499 52.03773464 56.0568392 58.30718426 60.71148842 63.14296184 65.57443526 68.00590868 70.4373821 72.18336061 73.85317302 75.52298543 77.19279784 78.86261026 81.09952993 83.40396437 85.47348688 86.76293962 88.05239237 89.34184512 90.63129787 91.78287877 92.6127587 93.44263863 94.27251856 95.1023985 96.29441004 98.1589517 
13.01169139 13.82894818 14.64620498 15.46346177 16.28071856 17.16558427 18.11805889 18.71838623 19.16779332 19.92962392 20.72616824 21.52271256 22.31925689 22.99411704 23.48645093 24.18683664 25.02592357 25.8650105 26.70409743 27.57811797 28.76654106 29.95496414 31.14338723 32.33181031 33.17998622 33.80133068 34.3777564 35.88650049 37.50008325 38.57834796 39.36836449 40.78463461 44.03934341 44.92257267 45.8608501 47.4455222 49.69392186 52.20459053 56.55153135 58.80187641 61.12467281 63.55614623 65.98761965 68.41909306 70.85056648 72.596545 74.26635741 75.93616982 77.60598223 79.51457665 81.78134408 84.08577851 86.41532428 87.91279563 89.20224838 90.49170112 91.78115387 92.93273477 93.7626147 94.59249464 95.42237457 96.2522545 97.90986382 99.77440549 
13.48480302 14.30205982 15.11931661 15.9365734 16.7538302 17.69954393 18.65201855 19.25234589 19.70175297 20.30737181 21.10391614 21.90046046 22.69700478 23.37186493 23.86419883 24.40854567 25.2476326 26.08671953 26.92580646 27.799827 28.98825009 30.17667317 31.36509626 32.52516541 33.14650987 33.76785432 34.34428005 35.61713713 37.23071988 38.3089846 39.09900113 40.86753889 43.87425994 44.7574892 45.76543698 47.35010908 49.59850874 52.69928268 57.0462235 59.29656856 61.54691361 63.96933061 66.40080403 68.83227745 71.26375087 73.00972938 74.67954179 76.34935421 78.01916662 80.19639079 82.46315822 84.76759266 87.09713842 89.06265163 90.35210438 91.64155713 92.93100987 94.08259078 94.91247071 95.74235064 96.57223057 97.66077594 99.5253176 101.3898593 
13.95791466 14.77517145 15.59242824 16.40968504 17.28102896 18.23350358 19.1859782 19.78630554 20.23571263 20.68511971 21.48166403 22.27820836 23.07475268 23.74961283 24.24194672 24.73428061 25.46934163 26.30842856 27.14751549 28.02153603 29.20995912 30.3983822 31.58680529 32.49168906 33.11303351 33.73437797 34.3108037 35.34777376 36.96135652 38.03962123 38.82963776 40.95044317 43.70917648 44.59240574 45.67002386 47.25469596 49.50309562 53.19397483 57.54091565 59.7912607 62.04160576 64.382515 66.81398842 69.24546184 71.67693526 73.42291377 75.09272618 76.76253859 78.61143751 80.87820494 83.14497237 85.4494068 87.77895257 90.10849833 91.50196038 92.79141313 94.08086588 95.23244678 96.06232671 96.89220664 97.72208657 99.27622972 101.1407714 103.0053131 
14.43102629 15.24828308 16.06553988 16.88279667 17.81498862 18.76746324 19.71993786 20.3202652 20.76967228 21.21907936 21.85941193 22.65595625 23.45250057 24.12736073 24.61969462 25.11202851 25.69105066 26.53013759 27.36922452 28.24324506 29.43166815 30.62009123 31.80851431 32.4582127 33.07955716 33.70090162 34.27732734 35.0784104 36.69199316 37.77025787 38.67769695 41.03334745 43.54409301 44.42732227 45.57461073 47.15928283 49.40768249 53.68866698 58.03560779 60.28595285 62.53629791 64.79569939 67.22717281 69.65864622 72.09011964 73.83609816 75.50591057 77.17572298 79.29325165 81.56001908 83.82678651 86.13122095 88.46076671 90.79031248 92.65181639 93.94126913 95.23072188 96.38230278 97.21218271 98.04206265 99.02714184 100.8916835 102.7562252 104.6207668 
14.90413792 15.72139471 16.53865151 17.39647365 18.34894827 19.30142289 20.25389751 20.85422485 21.30363194 21.75303902 22.23715982 23.03370415 23.83024847 24.50510862 24.99744251 25.4897764 25.9821103 26.75184662 27.59093355 28.46495409 29.65337717 30.84180026 31.80339189 32.42473635 33.04608081 33.66742526 34.24385099 34.80904703 36.42262979 37.5008945 38.76060122 41.11625173 43.37900955 44.26223881 45.47919761 47.06386971 49.31226937 54.18335913 58.53029994 60.780645 63.03099006 65.28133512 67.64035719 70.07183061 72.50330403 74.24928254 75.91909495 77.70829837 79.9750658 82.24183323 84.50860066 86.81303509 89.14258086 91.47212662 93.80167239 95.09112514 96.38057788 97.53215879 98.36203872 99.19191865 100.6425956 102.5071373 104.371679 106.2362206 
15.37724955 16.19450635 17.01176314 17.9304333 18.88290792 19.83538254 20.78785716 21.38818451 21.83759159 22.28699867 22.73640575 23.41145204 24.20799637 24.88285652 25.37519041 25.8675243 26.35985819 26.97355565 27.81264257 28.68666312 29.8750862 31.06350929 31.76991554 32.39126 33.01260445 33.63394891 34.21037464 34.77557068 36.15326643 37.23153114 38.8435055 41.199156 43.21392608 44.15650415 45.38378449 46.96845659 49.80696152 54.67805127 59.02499209 61.27533715 63.52568221 65.77602727 68.05354158 70.485015 72.91648842 74.66246693 76.33227934 78.39011251 80.65687994 82.92364737 85.1904148 87.49484923 89.824395 92.15394077 94.48348653 96.24098114 97.53043389 98.68201479 99.51189472 100.3935077 102.2580494 104.1225911 105.9871327 107.8516744 
15.85036119 16.66761798 17.51191834 18.46439296 19.41686758 20.3693422 21.32181682 21.92214416 22.37155124 22.82095833 23.27036541 23.78919994 24.58574426 25.26060441 25.7529383 26.2452722 26.73760609 27.22993998 28.0343516 28.90837215 30.09679523 31.11509473 31.73643919 32.35778364 32.9791281 33.60047256 34.17689828 34.74209433 35.88390306 36.96216777 38.92640978 41.28206028 43.04884261 44.06109103 45.28837136 46.87304346 50.30165367 55.17274342 59.51968424 61.7700293 64.02037436 66.27071942 68.52106447 70.89819938 73.3296728 75.07565132 76.80515923 79.07192666 81.33869409 83.60546152 85.87222895 88.17666338 90.50620915 92.83575491 95.16530068 97.39083714 98.68028989 99.83187079 100.6617507 102.0089615 103.8735032 105.7380449 107.6025865 109.4671282 
16.32347282 17.14072961 18.04587799 18.99835261 19.95082723 20.90330185 21.85577647 22.45610382 22.9055109 23.35491798 23.80432506 24.25373214 24.96349216 25.63835231 26.1306862 26.62302009 27.11535398 27.60768787 28.25606063 29.13008118 30.31850426 31.08161838 31.70296283 32.32430729 32.94565175 33.5669962 34.14342193 34.70861797 35.6145397 36.69280441 39.00931406 41.36496456 42.88375915 43.9656779 45.19295824 46.77763034 50.79634582 55.66743557 60.01437639 62.26472145 64.51506651 66.76541156 69.01575662 71.31138377 73.74285719 75.4888357 77.48697337 79.7537408 82.02050823 84.28727566 86.55404309 88.85847752 91.18802329 93.51756906 95.84711482 98.17666059 99.83014589 100.9817268 101.8116067 103.6244153 105.488957 107.3534986 109.2180403 111.082582 
16.79658445 17.62736303 18.57983765 19.53231227 20.48478689 21.43726151 22.38973613 22.99006347 23.43947055 23.88887764 24.33828472 24.7876918 25.34124005 26.0161002 26.5084341 27.00076799 27.49310188 27.98543577 28.47776966 29.35179021 30.42679757 31.04814202 31.66948648 32.29083094 32.91217539 33.53351985 34.10994558 34.67514162 35.34517633 36.73656784 39.09221834 41.44786884 42.71867568 43.87026478 45.09754512 46.68221722 51.29103796 56.16212772 60.50906854 62.7594136 65.00975865 67.26010371 69.51044877 71.76079383 74.15604158 75.90202009 78.16878752 80.43555495 82.70232238 84.96908981 87.23585724 89.54029167 91.86983744 94.1993832 96.52892897 98.85847474 100.9800019 102.1315828 103.3753274 105.2398691 107.1044108 108.9689524 110.8334941 112.6980358 
17.26969608 18.16132268 19.1137973 20.06627192 21.01874654 21.97122116 22.92369578 23.52402313 23.97343021 24.42283729 24.87224437 25.32165145 25.77105854 26.3938481 26.88618199 27.37851588 27.87084977 28.36318367 28.85551756 29.57349924 30.39332121 31.01466567 31.63601013 32.25735458 32.87869904 33.5000435 34.07646922 34.64166527 35.20686131 36.81947212 39.17512262 41.53077312 42.55359221 43.77485166 45.00213199 46.91464036 51.78573011 56.65681987 61.00376069 63.25410574 65.5044508 67.75479586 70.00514092 72.25548598 74.56922596 76.58383423 78.85060166 81.11736909 83.38413652 85.65090395 87.91767138 90.22210581 92.55165158 94.88119735 97.21074311 99.54028888 101.8698346 103.2814388 104.9907812 106.8553229 108.7198645 110.5844062 112.4489479 114.3134895 
17.74280772 18.69528234 19.64775696 20.60023158 21.5527062 22.50518082 23.45765544 24.05798278 24.50738986 24.95679694 25.40620403 25.85561111 26.30501819 26.771596 27.26392989 27.75626378 28.24859767 28.74093156 29.23326545 29.7385004 30.35984486 30.98118932 31.60253377 32.22387823 32.84522269 33.46656714 34.04299287 34.60818891 35.17338495 36.90237639 39.25802689 41.61367739 42.4521582 43.67943853 44.90671887 47.40933251 52.28042226 57.15151202 61.49845283 63.74879789 65.99914295 68.24948801 70.49983307 72.75017813 75.00052319 77.26564838 79.53241581 81.79918324 84.06595067 86.3327181 88.59948553 90.90391996 93.23346573 95.56301149 97.89255726 100.222103 102.5516488 104.7416933 106.606235 108.4707767 110.3353183 112.19986 114.0644017 115.9289433 
18.58763188 19.83309669 20.78557131 21.73804593 22.69052055 23.64299517 24.59546979 25.19579713 25.64520422 26.0946113 26.54401838 26.99342546 27.54481318 28.21535226 28.70768615 29.20002004 29.69235393 30.18468783 30.67702172 31.46967494 32.72070496 33.34204942 33.96339388 34.58473833 35.20608279 35.82742725 36.40385297 36.96904902 37.77389568 39.24127526 41.59692576 43.95257626 41.29355482 48.24604874 49.47332908 48.64051918 52.55863078 57.42972054 61.77666136 64.02700642 66.27735147 68.52769653 70.77804159 73.02838665 74.98283899 76.88980534 79.15657277 81.4233402 83.69010762 85.95687505 88.22364248 90.18326543 92.34040546 94.66995122 96.99949699 99.32904276 101.6585885 103.8486331 105.7131747 107.5777164 109.4422581 111.3067997 113.1713414 114.5359593 
19.43245604 20.71047532 21.92338566 22.87586028 23.8283349 24.78080952 25.73328414 26.33361149 26.78301857 27.23242565 27.68183273 28.19922691 28.98856944 29.65910852 30.15144242 30.64377631 31.1361102 31.62844409 32.32948556 33.12213878 34.5305902 35.70290952 36.32425398 36.94559844 37.5669429 38.18828735 38.76471308 39.32990912 41.21318356 42.19150136 43.93582463 46.29147513 35.32056728 52.81265895 54.03993929 53.20712939 52.83683931 57.70792906 62.05486988 64.30521494 66.55556 68.80590505 71.05625011 73.04768904 74.9281682 76.83513455 78.78072972 81.04749715 83.31426458 85.58103201 87.84779944 89.80742239 91.56228235 93.77689096 96.10643672 98.43598249 100.7655283 102.9555728 104.8201145 106.6846561 108.5491978 110.4137395 111.8339045 113.1429754 
20.2772802 21.55529948 22.83331876 24.01367464 24.96614926 25.91862388 26.8710985 27.47142584 27.92083292 28.37024001 28.85364063 29.64298317 30.43232571 31.10286479 31.59519868 32.08753257 32.57986646 33.2577182 33.9819494 34.77460262 36.18305404 37.59150545 38.68511409 39.30645854 39.927803 40.54914746 41.12557318 41.69076923 44.65247144 45.63078924 46.27472349 48.63037399 29.34757975 56.59855821 58.6065495 57.7737396 53.11504783 57.98613758 62.3330784 64.58342346 66.83376852 69.08411358 71.1125391 72.99301826 74.87349742 76.78046376 78.69037313 80.67165411 82.93842154 85.20518897 87.4719564 89.43157935 91.18643931 92.94129927 95.21337646 97.54292222 99.87246799 102.0625125 103.9270542 105.7915959 107.6561375 109.1318496 110.4409205 111.7499914 
21.12210436 22.40012364 23.67814292 24.9561622 26.10396361 27.05643823 28.00891285 28.6092402 29.05864728 29.50805436 30.2973969 31.08673944 31.87608197 32.54662105 33.03895494 33.53128884 34.18595084 34.91018204 35.63441324 36.42706646 37.83551788 39.24396929 40.65242071 41.66731865 42.28866311 42.91000756 43.48643329 45.13005711 48.09175933 49.07007712 48.9804187 50.96927286 23.37459222 50.62557068 63.1731597 62.34034981 57.68165804 58.26434611 62.61128692 64.86163198 67.11197704 69.17738915 71.05786831 72.93834747 74.81882663 76.72579298 78.63570235 80.54561171 82.5625785 84.82934593 87.09611336 89.0557363 90.81059627 92.56545623 94.32031619 96.64986195 98.97940772 101.1694523 103.0339939 104.8985356 106.4297948 107.7388656 109.0479365 110.3570074 
21.96692853 23.2449478 24.52296708 25.80098636 27.07900564 28.19425259 29.14672721 29.74705455 30.19646163 30.95181062 31.74115316 32.5304957 33.31983824 33.99037732 34.48271121 35.11418348 35.83841468 36.56264588 37.28687708 38.0795303 39.48798172 40.89643313 42.30488455 43.71333597 44.64952321 45.27086767 45.84729339 48.56934499 51.53104721 52.50936501 52.41970658 53.30817172 17.40160469 44.65258315 67.73976991 66.90696001 62.24826824 58.54255463 62.88949544 65.1398405 67.2422392 69.12271836 71.00319753 72.88367669 74.76415585 76.67112219 78.58103156 80.49094093 82.40085029 84.45350288 86.72027031 88.67989326 90.43475322 92.18961318 93.94447314 95.75680169 98.08634745 100.276392 102.1409337 103.7277399 105.0368108 106.3458817 107.6549525 108.9640234 
22.81175269 24.08977197 25.36779124 26.64581052 27.9238298 29.20184908 30.28454156 30.8848689 31.60622435 32.39556689 33.18490943 33.97425196 34.7635945 35.43413358 36.04241613 36.76664732 37.49087852 38.21510972 38.93934092 39.73199414 41.14044556 42.54889697 43.95734839 45.36579981 46.77425123 47.63172777 49.04693066 52.00863288 54.97033509 55.94865289 55.85899446 55.76933603 11.42861716 38.67959562 65.93057408 71.47357022 66.81487845 62.15618668 63.16770397 65.30708926 67.18756842 69.06804758 70.94852674 72.8290059 74.70948506 76.61645141 78.52636077 80.43627014 82.34617951 84.25608887 86.34442727 88.30405022 90.05891018 91.81377014 93.5686301 95.32349006 97.19328719 99.38333172 101.0256851 102.3347559 103.6438268 104.9528977 106.2619685 107.5710394 
23.65657685 24.93459613 26.21261541 27.49063468 28.76865396 30.04667324 31.32469252 32.26063808 33.04998061 33.83932315 34.62866569 35.41800823 36.20735077 36.97064877 37.69487997 38.41911117 39.14334236 39.86757356 40.59180476 41.38445798 42.7929094 44.20136081 45.60981223 47.01826365 48.42671507 49.83516648 52.48621854 55.44792076 58.40962298 59.38794077 59.29828235 59.20862392 5.455629626 32.70660809 59.95758655 76.04018043 71.38148866 66.72279689 63.37193931 65.25241847 67.13289763 69.01337679 70.89385595 72.77433512 74.65481428 76.56178062 78.47168999 80.38159935 82.29150872 84.20141809 86.11132745 87.92820718 89.68306714 91.4379271 93.19278706 94.94764702 96.70250698 98.32363021 99.63270108 100.941772 102.2508428 103.5599137 104.8689846 106.1780554 
22.40459434 23.68261361 24.96063289 26.23865217 27.51667145 28.79469072 30.39651182 31.03786428 31.69677996 32.4861225 33.27546504 34.06480758 34.85415011 35.61744812 36.34167931 37.06591051 37.79014171 38.51437291 39.23860411 40.00798468 41.80828982 43.21674124 44.62519266 46.03364408 47.44209549 48.85054691 51.50159897 54.46330119 57.48711635 59.05454415 58.96488572 58.8752273 10.18363044 31.54578764 58.7967661 74.87935998 70.22066821 65.56197644 64.41845133 65.76157659 67.64205575 69.52253491 71.40301408 73.28349324 75.1639724 77.07093874 78.98084811 80.89075748 82.80066684 84.71057621 85.69966012 86.77987949 88.53473945 90.28959941 92.04445937 93.79931933 95.97625045 99.31648092 101.1092682 102.4183391 103.72741 105.0364808 106.3455517 107.6546226 
21.15261182 22.4306311 23.70865038 24.98666965 26.26468893 27.81254306 29.63023203 30.27158449 30.40879274 31.13292185 31.92226439 32.71160692 33.50094946 34.26424746 34.98847866 35.71270986 36.43694106 37.16117226 37.81314909 38.58252966 40.48079824 42.23212167 43.64057309 45.0490245 46.45747592 47.86592734 50.5169794 53.47868161 56.78200502 58.51463936 58.6314891 58.54183067 19.86359459 30.38496719 57.63594565 73.71853953 69.05984776 64.92579203 65.61849303 66.73132377 68.15121387 70.03169304 71.9121722 73.79265136 75.67313052 77.58009687 79.49000623 81.3999156 83.30982496 84.48307397 84.55133244 85.6315518 87.38641176 89.14127172 90.89613168 92.86202722 96.72724295 100.0674734 102.1827383 103.8949062 105.2039771 106.5130479 107.8221188 109.1311897 
19.90062931 21.17864858 22.45666786 23.73468714 25.2285743 27.04626327 28.86395224 29.5053047 29.64251295 29.77972119 30.56906373 31.35840627 32.14774881 32.91104681 33.63527801 34.35950921 35.0837404 35.7437455 36.38769407 37.15707464 39.05534322 40.9536118 42.65595351 44.06440493 45.47285635 46.88130777 49.53235982 52.49406204 56.0768937 57.80952804 58.29809248 58.20843405 29.54355874 30.02716782 56.4751252 72.55771908 67.89902731 66.12583373 66.81853474 67.93136547 69.04419621 70.54085116 72.42133032 74.30180948 76.18228864 78.08925499 79.99916435 81.90907372 83.26648782 83.33474628 83.40300475 84.48322411 86.23808407 87.99294404 89.747804 93.61301972 97.47823544 100.8184659 102.9337308 105.0489957 106.6805442 107.9896151 109.2986859 110.6077568 
18.64864679 19.92666607 21.20468535 22.64460553 24.4622945 26.27998348 28.09767245 28.73902491 28.87623316 29.0134414 29.21586308 30.00520562 30.79454816 31.55784616 32.28207736 33.00630855 33.67434191 34.31829048 34.96223905 35.73161963 37.6298882 39.52815678 41.42642536 43.07978536 44.48823678 45.89668819 48.54774025 51.78895072 55.37178237 57.10441671 57.84079096 57.87503743 39.22352289 39.70713197 55.31430475 71.39689863 66.73820686 67.32587543 68.01857644 69.13140718 70.24423791 71.35706865 72.93048844 74.8109676 76.69144676 78.59841311 80.50832248 82.04990166 82.11816013 82.1864186 82.25467706 83.33489643 85.08975639 86.84461635 90.4987965 94.36401222 98.22922794 101.5694584 103.6847233 105.7999882 107.9152531 109.4661822 110.7752531 112.0843239 
17.39666428 18.67468356 20.06063677 21.87832574 23.69601471 25.51370368 27.33139266 27.97274512 28.10995337 28.24716161 28.38436986 28.65200497 29.4413475 30.20464551 30.9288767 31.60493832 32.2488869 32.89283547 33.53678404 34.30616461 36.20443319 38.10270177 40.00097034 41.89923892 43.5036172 44.91206862 47.56312068 51.08383939 54.66667104 56.39930538 57.13567963 57.54164081 48.90348704 49.38709612 54.1534843 70.23607818 67.93824857 68.52591714 69.21861814 70.33144888 71.44427962 72.55711035 73.66994109 75.32012572 77.20060489 79.10757123 80.83331551 80.90157397 80.96983244 81.03809091 81.10634937 82.18656874 83.9414287 87.38457327 91.249789 95.11500472 98.98022044 102.3204509 104.4357158 106.5509807 108.6662456 110.7815105 112.2518202 113.5608911 
16.14468176 17.47666801 19.29435698 21.11204595 22.92973492 24.74742389 26.56511286 27.20646533 27.34367358 27.48088182 27.61809007 27.75529832 28.08814685 28.85144485 29.53553474 30.17948331 30.82343188 31.46738045 32.11132902 32.88070959 34.77897817 36.67724675 38.57551533 40.4737839 42.37205248 43.92744905 46.79589641 50.37872806 53.96155972 55.69419406 56.43056831 57.16694256 58.58345119 59.06706027 59.55066935 69.07525773 69.13829027 69.72595884 70.41865985 71.53149059 72.64432132 73.75715206 74.86998279 75.98281353 77.70976301 79.61672935 79.68498782 79.75324629 79.82150475 79.88976322 79.95802169 81.03824105 84.27035005 88.13556577 92.00078149 95.86599722 99.73121294 103.0714434 105.1867083 107.3019732 109.4172381 111.532503 113.6477679 115.0374582 
14.89269925 16.71038822 18.52807719 20.34576616 22.16345513 23.9811441 25.79883307 26.44018554 26.57739378 26.71460203 26.85181028 26.98901853 27.12622677 27.46613115 28.11007972 28.75402829 29.39797686 30.04192543 30.685874 31.45525457 33.35352315 35.25179173 37.15006031 39.04832889 40.94659747 42.84486604 46.09078508 49.67361674 53.25644839 54.98908273 55.72545698 56.46183123 68.26341534 68.74702442 69.2306335 69.7506634 70.33833197 70.92600055 71.61870155 72.73153229 73.84436303 74.95719376 76.0700245 77.18285523 78.29568597 78.46840166 78.53666013 78.6049186 78.67317707 78.74143553 78.809694 81.15612682 85.02134255 88.88655827 92.75177399 96.61698972 100.4822054 103.8224359 105.9377008 108.0529657 110.1682306 112.2834955 114.3987604 116.5140253 
14.82179896 16.68099056 18.49867953 20.3163685 22.13405747 23.95174644 25.76943541 26.45251623 26.58972448 26.72693273 26.86414098 27.00134922 27.13855747 27.47846185 28.12241042 28.76635899 29.41030756 30.05425613 30.6982047 31.51442718 33.41269576 35.31096434 37.20923291 39.10750149 41.00577007 42.8967924 45.96108799 49.54391964 53.1267513 54.85938564 55.59575989 56.33213414 66.33674283 66.82035191 67.30396099 69.15132959 69.73899816 70.32666673 71.01936774 72.13219848 73.24502921 74.35785995 75.47069068 76.58352142 78.49294876 79.56905373 79.6373122 79.70557066 79.77382913 79.8420876 79.91034606 81.10848742 84.97370315 88.83891887 92.7041346 96.56935032 100.434566 103.7747965 105.8900614 108.0053263 110.1205912 112.2358561 114.351121 116.6168458 
14.75089867 16.6515929 18.46928187 20.28697084 22.10465981 23.92234878 25.74003775 26.446301 26.60205518 26.73926343 26.87647167 27.01367992 27.15088817 27.49079254 28.13474111 28.77868968 29.42263826 30.06658683 30.7105354 31.57359978 33.47186836 35.37013694 37.26840552 39.1666741 41.06494268 42.94292176 45.83139089 49.41422255 52.9970542 54.72968854 55.46606279 56.20243704 64.41007032 64.8936794 65.37728848 68.95268867 69.13966435 69.72733292 70.42003392 71.53286466 72.6456954 73.75852613 74.87135687 75.98418761 78.91781058 80.66970579 80.73796426 80.80622273 80.87448119 80.94273966 81.01099813 81.82637567 84.92606375 88.79127947 92.6564952 96.52171092 100.3869266 103.7271571 105.842422 107.9576869 110.0729518 112.1882167 114.3034816 116.7196664 
14.67999838 16.58991542 18.43988421 20.25757318 22.07526215 23.89295112 25.7106401 26.41690334 26.61438588 26.75159412 26.88880237 27.02601062 27.16321886 27.50312324 28.14707181 28.79102038 29.43496895 30.07891752 30.769708 31.63277239 33.53104097 35.42930955 37.32757812 39.2258467 41.11976753 42.98905111 45.7016938 49.28452545 52.86735711 54.59999145 55.3363657 55.9017217 62.48339781 62.96700689 63.45061597 69.25491388 68.54033053 69.1279991 69.82070011 70.93353085 72.04636158 73.15919232 74.27202306 75.95385137 79.3426724 81.09456761 81.83861632 81.90687479 81.97513326 82.04339173 82.11165019 82.92702773 84.87842435 88.74364008 92.6088558 96.47407152 100.3392872 103.6795177 105.7947826 107.9100475 110.0253124 112.1405773 114.3728666 116.8224869 
14.60909808 16.51901513 18.41048655 20.22817552 22.04586449 23.86355347 25.68124244 26.38750568 26.6174436 26.76392482 26.90113307 27.03834131 27.17554956 27.51545394 28.15940251 28.80335108 29.44729965 30.09124822 30.82888061 31.69194499 33.59021357 35.48848215 37.38675073 39.28501931 41.16589689 43.03518047 45.65014179 49.15482836 52.73766001 54.47029435 55.2066686 55.55214401 60.5567253 61.04033438 63.28504783 69.55713909 67.94099672 68.52866529 69.2213663 70.33419703 71.44702777 72.5598585 73.67268924 76.37871319 79.76753422 81.51942943 82.93926839 83.00752686 83.07578532 83.14404379 83.21230226 84.02767979 85.34113671 88.69600068 92.5612164 96.42643213 100.2916478 103.6318783 105.7471432 107.8624081 109.977673 112.0929379 114.4756871 116.9253074 
14.53819779 16.44811483 18.35803188 20.19877786 22.01646683 23.83415581 25.65184478 26.35810802 26.58804595 26.77625552 26.91346376 27.05067201 27.18788026 27.52778463 28.17173321 28.81568178 29.45963035 30.14001151 30.88805321 31.7511176 33.64938618 35.54765476 37.44592333 39.34274266 41.21202624 43.08130982 45.69627115 49.02513126 52.60796292 54.34059726 55.07697151 55.20256631 58.63005279 59.11366187 63.58727304 69.8593643 67.3416629 67.92933148 68.62203248 69.73486322 70.84769395 71.96052469 73.41475397 76.803575 80.19239604 81.94429125 83.51430582 84.10817892 84.17643739 84.24469585 84.31295432 85.12833186 86.44178878 88.64836128 92.513577 96.37879273 100.2440085 103.5842389 105.6995038 107.8147687 109.9300336 112.1288874 114.5785076 117.0281279 
14.4672975 16.37721454 18.28713158 20.1693802 21.98706918 23.80475815 25.62244712 26.32871036 26.55864829 26.78858621 26.92579446 27.06300271 27.20021095 27.54011533 28.1840639 28.82801247 29.47196104 30.19918412 30.94722582 31.8102902 33.70855878 35.60682736 37.50509594 39.38887202 41.2581556 43.12743918 45.74240051 48.89543417 52.47826582 54.21090016 54.94727441 54.85298862 56.70338028 57.18698936 63.88949825 70.16158951 66.74232909 67.32999766 68.02269867 69.1355294 70.24836014 71.36119088 73.83961579 77.22843682 80.61725786 82.36915307 83.93916764 85.20883098 85.27708945 85.34534792 85.41360638 86.22898392 87.54244084 88.85589776 92.46593761 96.33115333 100.1963691 103.5365995 105.6518644 107.7671293 109.8823942 112.2317079 114.6813282 117.1309484 
14.39639721 16.30631425 18.21623129 20.12614833 21.95767152 23.77536049 25.59304946 26.2993127 26.52925063 26.75918855 26.93812516 27.07533341 27.21254165 27.55244603 28.1963946 28.84034317 29.51031502 30.25835672 31.00639842 31.86946281 33.76773139 35.66599997 37.56426854 39.43500138 41.30428496 43.17356854 45.78852986 48.76573707 52.34856873 54.08120307 54.74428378 54.50341092 54.77670777 55.26031685 64.19172345 70.46381471 67.0445543 66.73066385 67.42336485 68.53619559 69.64902633 70.87565658 74.26447761 77.65329864 81.04211968 82.79401489 84.36402946 85.93404402 86.37774151 86.44599998 86.51425845 87.32963599 88.64309291 89.95654983 92.41829821 96.28351393 100.1487297 103.4889601 105.604225 107.7194899 109.8849081 112.3345284 114.7841487 117.2337689 
14.32549692 16.23541396 18.145331 20.05524804 21.92827386 23.74596283 25.5636518 26.26991504 26.49985297 26.7297909 26.95045586 27.0876641 27.22487235 27.56477673 28.2087253 28.85267387 29.56948763 30.31752933 31.06557103 31.92863541 33.82690399 35.72517257 37.61184715 39.48113073 41.35041431 43.21969789 45.83465922 48.63603998 52.21887163 53.95150597 54.39470609 54.15383323 52.85003526 53.33364434 64.49394866 70.76603992 67.34677951 66.13133003 66.82403104 67.93686177 69.04969251 71.3005184 74.68933943 78.07816046 81.46698149 83.21887671 84.78889127 86.35890584 87.47839358 87.54665205 87.61491051 88.43028805 89.74374497 91.05720189 92.37065881 96.23587453 100.1010903 103.4413207 105.5565856 107.6718505 109.9877287 112.4373489 114.8869692 117.3365894 
14.25459663 16.16451367 18.07443071 19.98434775 21.89426479 23.71656517 25.53425414 26.24051738 26.47045531 26.70039324 26.93033116 27.0999948 27.23720305 27.57710742 28.22105599 28.88061853 29.62866023 30.37670193 31.12474363 31.98780802 33.8860766 35.78434518 37.65797651 39.52726009 41.39654367 43.26582725 45.88078857 48.68216933 52.08917454 53.82180888 54.04512839 53.80425553 50.92336275 53.30566248 64.79617387 71.06826513 67.64900471 65.53199622 66.22469722 67.33752796 68.4503587 71.72538021 75.11420125 78.50302228 81.89184331 83.64373853 85.21375309 86.78376766 88.35378223 88.64730411 88.71556258 89.53094011 90.84439703 92.15785395 93.47131087 96.18823514 100.0534509 103.3936813 105.5089462 107.6409289 110.0905492 112.5401694 114.9897897 117.43941 
14.18369633 16.09361338 18.00353042 19.91344746 21.8233645 23.68716751 25.50485648 26.21111972 26.44105765 26.67099558 26.9009335 27.1123255 27.24953374 27.58943812 28.23338669 28.93979114 29.68783284 30.43587454 31.18391624 32.04698062 33.9452492 35.83482228 37.70410586 39.57338944 41.44267302 43.31195661 45.92691793 48.72829869 51.95947744 53.69211178 53.6955507 53.45467784 48.99669024 53.60788769 65.09839908 71.37049034 67.95122992 64.9326624 65.62536341 66.73819415 68.761421 72.15024203 75.53906307 78.9278841 82.31670513 84.06860035 85.63861491 87.20862948 88.77864405 89.74795617 89.81621464 90.63159218 91.9450491 93.25850602 94.57196294 96.14059574 100.0058115 103.3460419 105.4613068 107.7437494 110.1933697 112.6429899 115.0926102 117.5422305 
14.11279604 16.02271308 17.93263013 19.84254717 21.75246421 23.65776985 25.47545882 26.18172206 26.41165999 26.64159792 26.87153584 27.10147377 27.26186444 27.60176882 28.25092204 28.99896374 29.74700544 30.49504714 31.24308884 32.10615323 34.00442181 35.88095164 37.75023522 39.6195188 41.48880238 43.35808596 45.97304729 48.77442805 51.82978035 53.56241469 53.345973 53.10510014 47.07001773 53.9101129 65.40062429 71.67271555 68.25345513 64.83419471 65.0260296 66.13886033 69.18628282 72.57510385 75.96392489 79.35274592 82.74156695 84.49346217 86.06347673 87.6334913 89.20350587 90.77352043 90.9168667 91.73224424 93.04570116 94.35915808 95.672615 96.98607192 99.95817206 103.2984025 105.4136674 107.8465699 110.2961902 112.7458105 115.1954307 117.645051 
14.04189575 15.95181279 17.86172983 19.77164688 21.68156392 23.59148096 25.44606116 26.1523244 26.38226233 26.61220026 26.84213819 27.07207611 27.27419514 27.61409951 28.31009465 29.05813635 29.80617805 30.55421975 31.30226145 32.16532583 34.05779741 35.92708099 37.79636458 39.66564816 41.53493174 43.40421532 46.01917664 48.8205574 51.70008325 53.23726817 52.99639531 52.75552245 45.14334522 54.2123381 65.7028495 71.97494076 68.55568034 65.13641992 64.42669578 66.22232361 69.61114464 72.99996567 76.38878671 79.77760774 83.16642877 84.91832398 86.48833855 88.05835312 89.62836768 91.19838225 92.01751877 92.83289631 94.14635323 95.45981015 96.77326707 98.08672398 99.91053267 103.2507631 105.4997702 107.9493905 110.3990107 112.848631 115.2982512 117.7478715 
13.97099546 15.8809125 17.79082954 19.70074659 21.61066363 23.52058067 25.4166635 26.12292674 26.35286467 26.5828026 26.81274053 27.04267845 27.27261638 27.62643021 28.36926725 29.11730895 29.86535065 30.61339235 31.36143405 32.22449844 34.10392677 35.97321035 37.84249393 39.71177751 41.58106109 43.45034467 46.065306 48.86668676 51.66806752 52.88769048 52.64681762 52.40594475 43.21667271 54.51456331 66.0050747 72.27716596 68.85790555 65.43864513 63.82736197 66.64718543 70.03600646 73.42482749 76.81364852 80.20246956 83.59129059 85.3431858 86.91320037 88.48321494 90.0532295 91.62324407 93.11817083 93.93354837 95.24700529 96.56046221 97.87391913 99.18737605 100.500833 103.2031237 105.6025907 108.052211 110.5018312 112.9514515 115.4010718 117.850692 
13.90009517 15.81001221 17.71992925 19.62984629 21.53976334 23.44968038 25.35959742 26.09352908 26.32346701 26.55340494 26.78334287 27.01328079 27.24321872 27.68039816 28.42843986 29.17648156 29.92452326 30.67256496 31.42060666 32.28077255 34.15005613 36.01933971 37.88862329 39.75790687 41.62719045 43.49647403 46.11143535 48.91281612 51.71419688 52.53811278 52.29723992 52.05636706 43.32627713 54.81678852 66.30729991 72.57939117 69.16013076 65.74087034 63.68322621 67.07204724 70.46086828 73.84968931 77.23851034 80.62733138 84.01615241 85.76804762 87.33806219 88.90807676 90.47809132 92.04810589 93.61812046 95.03420043 96.34765735 97.66111427 98.97457119 100.2880281 101.601485 103.255791 105.7054112 108.1550315 110.6046517 113.054272 115.5038923 117.9535125 
13.83003081 15.59346134 17.50337838 19.41329543 21.32321247 23.23312951 25.14304655 25.87697821 26.10691614 26.33685407 26.566792 26.79672993 27.02666785 27.75619269 28.51270421 29.26074591 30.00878761 30.75682931 31.50487101 32.3650369 34.23432048 36.10360406 37.97288764 39.84217122 41.7114548 43.48871634 45.96916256 48.77054332 51.57192408 52.39583999 52.15496713 51.91409427 42.96965807 54.33725383 65.82776522 72.09985648 68.68059606 65.26133565 63.54085142 66.92967245 70.31849348 73.70731451 77.09613555 80.48495658 83.69831722 85.40008089 86.97009546 88.54011003 90.11012459 91.68013916 93.28143117 94.94773071 96.26118763 97.57464455 98.88810147 100.2015584 101.5150153 103.2942205 105.6809298 108.1305501 110.5801704 113.0297906 115.4794109 117.9290311 
13.75996645 15.37691047 17.28682752 19.19674456 21.1066616 23.01657864 24.92649568 25.66042735 25.89036527 26.1203032 26.35024113 26.58017906 26.95984152 27.76422863 28.59696857 29.34501027 30.09305197 30.84109367 31.58913536 32.44930125 34.31858483 36.18786841 38.05715199 39.92643558 41.79571916 43.40734101 45.82688977 48.62827053 51.42965129 52.2535672 52.01269433 51.77182147 43.91243289 53.85771914 65.34823053 71.62032179 68.20106137 64.78180095 63.39847662 66.78729765 70.17611869 73.56493972 76.95376075 80.34258179 83.33035049 85.03211417 86.60212873 88.1721433 89.74215787 91.31217243 93.19496145 94.86126099 96.17471791 97.48817482 98.80163174 100.1150887 101.5399773 103.4584721 105.6564484 108.1060687 110.555689 113.0053092 115.4549295 117.9045497 
13.68990209 15.27429356 17.07027665 18.98019369 20.89011073 22.80002777 24.70994481 25.44387648 25.67381441 25.90375233 26.13369026 26.36362819 26.96787746 27.77226457 28.68123292 29.42927462 30.17731632 30.92535802 31.67339972 32.53356561 34.40284919 36.27213277 38.14141635 40.01069993 41.82477028 43.32596569 45.68461698 48.48599774 51.2873785 52.1112944 51.87042154 51.70655101 44.85520771 53.37818444 64.86869584 71.1407871 67.72152668 64.30226626 63.25610182 66.64492286 70.03374389 73.42256492 76.81138596 80.07487814 82.96238376 84.66414744 86.234162 87.80417657 89.37419114 90.9442057 93.10849172 94.77479126 96.08824818 97.4017051 98.71516202 100.0286189 101.7042288 103.6227236 105.6529374 108.0815873 110.5312076 112.9808278 115.4304481 117.8800684 
13.61983773 15.2042292 16.85372578 18.76364282 20.67355986 22.5834769 24.49339395 25.22732561 25.45726354 25.68720147 25.91713939 26.24689368 26.9759134 27.78030051 28.69773868 29.51353897 30.26158067 31.00962237 31.75766407 32.61782996 34.48711354 36.35639712 38.2256807 40.09496428 41.74339496 43.24459036 45.56940972 48.34372494 51.1451057 51.96902161 51.72814875 51.66328121 45.79798253 52.89864975 64.38916114 70.6612524 67.24199199 63.97258041 63.11372703 66.50254806 69.89136909 73.28019013 76.66901116 79.70691141 82.59441703 84.29618071 85.86619527 87.43620984 89.00622441 90.82645853 93.022022 94.68832154 96.00177846 97.31523538 98.6286923 99.99786505 101.8684804 103.7869752 105.8171889 108.0571059 110.5067262 112.9563464 115.4059667 117.855587 
13.54977337 15.13416484 16.7185563 18.54709195 20.45700899 22.36692604 24.27684308 25.01077474 25.24071267 25.4706506 25.70058853 26.25492962 26.98394934 27.78833645 28.70577462 29.59780333 30.34584503 31.09388673 31.84192843 32.70209431 34.57137789 36.44066147 38.30994506 40.16082423 41.66201963 43.16321504 45.4880344 48.20145215 51.00283291 51.82674882 51.58587595 51.62001142 46.74075735 52.41911506 63.90962645 70.18171771 66.76245729 63.83020562 62.97135223 66.36017327 69.7489943 73.13781533 76.45143905 79.33894468 82.22645031 83.92821398 85.49822855 87.06824311 88.63825768 90.73998881 92.93555227 94.60185181 95.91530873 97.22876565 98.54222257 100.1621166 102.0327319 103.9512268 105.9814405 108.0326245 110.4822448 112.931865 115.3814853 117.8311056 
13.47970901 15.06410048 16.64849194 18.33054108 20.24045813 22.15037517 24.06029221 24.79422387 25.0241618 25.25409973 25.53394584 26.26296556 26.99198528 27.79637238 28.71381056 29.63124874 30.43010938 31.17815108 31.92619278 32.78635867 34.65564225 36.52492583 38.39420941 40.0794489 41.58064431 43.08183971 45.40665907 48.05917936 50.86056012 51.68447602 51.44360316 51.57674162 47.68353217 52.15029289 63.43009176 69.70218302 66.2829226 63.68783082 62.82897744 66.21779847 69.6066195 72.99544054 76.08347233 78.97097795 81.85848358 83.56024725 85.13026182 86.70027638 88.45795562 90.65351908 92.84908255 94.51538209 95.82883901 97.14229593 98.45575285 100.3263682 102.1969835 104.1154783 106.145692 108.1759057 110.4577634 112.9073836 115.3570039 117.8066242 
13.40964465 14.99403612 16.57842759 18.16281905 20.02390726 21.9338243 23.84374134 24.577673 24.80761093 25.03754886 25.54198177 26.2710015 27.00002122 27.80440832 28.7218465 29.63928468 30.51437373 31.26241543 32.01045713 32.87062302 34.7399066 36.60919018 38.47847376 39.99807358 41.49926898 43.00046439 45.32528375 47.91690656 50.71828732 51.54220323 51.33433137 51.53347183 48.62630699 53.09306771 62.95055707 69.22264833 65.80338791 63.54545602 62.68660264 66.07542367 69.46424471 72.82799997 75.7155056 78.60301122 81.49051685 83.19228052 84.76229509 86.33230965 88.37148589 90.56704936 92.76261283 94.42891236 95.74236928 97.0558262 98.6200044 100.4906197 102.361235 104.2797299 106.3099436 108.3401573 110.433282 112.8829023 115.3325225 117.7821428 
13.33958029 14.92397176 16.50836323 18.09275469 19.80735639 21.71727343 23.62719047 24.36112214 24.59106006 24.82099799 25.55001771 26.27903744 27.00805716 27.81244426 28.72988244 29.64732062 30.56475879 31.34667979 32.09472149 32.95488737 34.82417095 36.69345454 38.41550285 39.91669825 41.41789366 42.91908906 45.24390842 47.77463377 50.57601453 51.39993044 51.29106157 51.49020203 49.56908181 54.03584252 62.47102237 68.74311363 65.32385322 63.40308123 62.54422785 65.93304888 69.32186991 72.46003324 75.34753887 78.23504449 81.12255012 82.82431379 84.39432836 86.08945271 88.28501617 90.48057964 92.6761431 94.34244264 95.65589956 96.96935648 98.78425595 100.6548713 102.5254866 104.4439814 106.4741951 108.5044088 110.5346226 112.8584209 115.3080411 117.7576614 
13.26951593 14.8539074 16.43829887 18.02269033 19.6070818 21.50072256 23.4106396 24.14457127 24.3745092 24.82903393 25.55805365 26.28707337 27.0160931 27.8204802 28.73791838 29.65535655 30.57279473 31.43094414 32.17898584 33.03915173 34.90843531 36.77771889 38.33412752 39.83532293 41.33651833 42.83771374 45.1625331 47.69325845 50.43374174 51.25765764 51.24779178 51.44693224 50.51185662 54.97861734 61.99148768 68.26357894 65.18147842 63.26070643 62.40185305 65.79067408 69.17949512 72.09206651 74.97957214 77.86707776 80.75458339 82.45634706 84.02636163 86.00298298 88.19854645 90.39410991 92.58967338 94.25597291 95.56942983 97.07789219 98.9485075 100.8191228 102.6897381 104.608233 106.6384467 108.6686604 110.6988741 112.8339395 115.2835597 117.73318 
13.19945158 14.78384304 16.36823451 17.95262597 19.53701744 21.28417169 23.19408874 23.9280204 24.15795833 24.83706987 25.56608959 26.29510931 27.02412904 27.82851614 28.74595432 29.66339249 30.58083067 31.49826885 32.26325019 33.12341608 34.99269966 36.75155679 38.2527522 39.7539476 41.25514301 42.75633841 45.08115777 47.61188312 50.29146895 51.11538485 51.20452198 51.40366244 51.45463144 55.92139216 61.51195299 67.78404425 65.03910362 63.11833164 62.25947825 65.64829929 68.83659416 71.72409978 74.61160541 77.49911104 80.38661666 82.08838033 83.72094979 85.91651326 88.11207672 90.30764019 92.50320365 94.16950319 95.48296011 97.24214374 99.11275905 100.9833744 102.8539897 104.7724845 106.8026982 108.8329119 110.8631257 112.8933394 115.2590783 117.7086986 
13.12938722 14.71377868 16.29817015 17.88256161 19.46695308 21.06762083 22.97753787 23.71146953 24.11608609 24.84510581 25.57412553 26.30314525 27.03216497 27.83655208 28.75399026 29.67142843 30.58886661 31.50630479 32.34751455 33.20768043 35.07696402 36.67018147 38.17137687 39.67257228 41.17376768 42.67496309 44.99978245 47.5305078 50.14919615 50.97311206 51.16125218 51.36039264 52.39740626 56.86416698 61.3309277 67.30450956 64.89672883 62.97595684 62.11710346 65.50592449 68.46862743 71.35613305 74.24363868 77.13114431 80.01864993 81.72041361 83.63448007 85.83004353 88.025607 90.22117046 92.41673393 94.08303347 95.53577998 97.40639529 99.27701061 101.1476259 103.0182412 104.9367361 106.9669498 108.9971635 111.0273772 113.0575909 115.2345969 117.6842172 
13.05932286 14.64371432 16.22810579 17.81249726 19.39688872 20.98128019 22.760987 23.49491866 24.12412203 24.85314175 25.58216147 26.31118119 27.04020091 27.84458802 28.76202619 29.67946437 30.59690255 31.51434072 32.4317789 33.29194479 35.08761073 36.58880614 38.09000155 39.59119695 41.09239236 42.59358776 44.91840712 47.44913247 50.00692336 50.91884193 51.11798239 51.31712285 53.34018108 57.8069418 62.27370252 66.82497486 64.75435403 62.83358205 61.97472866 65.21315507 68.1006607 70.98816633 73.87567195 76.76317758 79.6506832 81.35244688 83.54801034 85.74357381 87.93913727 90.13470074 92.3302642 93.99656374 95.70003153 97.57064685 99.44126216 101.3118775 103.1824928 105.1009876 107.1312013 109.1614151 111.1916288 113.2218425 115.2520562 117.6597358 
12.9892585 14.57364996 16.15804143 17.7424329 19.32682436 20.91121583 22.54443613 23.40313824 24.13215796 24.86117769 25.59019741 26.31921713 27.04823685 27.85262396 28.77006213 29.68750031 30.60493849 31.52237666 32.43981484 33.37620914 35.00623541 36.50743081 38.00862622 39.50982163 41.01101703 42.51221244 44.8370318 47.36775714 49.89848249 50.87557213 51.07471259 51.27385305 54.2829559 58.74971662 63.21647734 66.53275122 64.61197924 62.69120725 61.83235387 64.84518835 67.73269397 70.6201996 73.50770522 76.39521085 79.28271648 81.26597715 83.46154062 85.65710408 87.85266755 90.04823101 92.24379448 93.99366778 95.86428309 97.7348984 99.60551371 101.476129 103.3467443 105.2652392 107.2954529 109.3256666 111.3558803 113.386094 115.4163078 117.6352544 
12.91919414 14.5035856 16.08797707 17.67236854 19.25676 20.84115147 22.42554294 23.41117418 24.1401939 24.86921363 25.59823335 26.32725307 27.05627279 27.8606599 28.77809807 29.69553625 30.61297443 31.5304126 32.44785078 33.42366468 34.92486008 36.42605549 37.9272509 39.4284463 40.92964171 42.43083711 44.75565647 47.28638182 49.81710717 50.83230234 51.0314428 51.23058326 55.22573072 59.69249144 64.15925216 66.39037643 64.46960444 62.54883245 61.58971599 64.47722162 67.36472724 70.25223287 73.13973849 76.02724412 78.91474975 81.17950743 83.37507089 85.57063436 87.76619782 89.96176129 92.15732475 94.15791933 96.02853464 97.89914995 99.76976526 101.6403806 103.5109959 105.4294907 107.4597044 109.4899182 111.5201319 113.5503456 115.5805593 117.610773 
