1.073597839 1.062611401 1.051624962 1.040638524 1.029652085 1.018665647 1.007679209 0.9966927704 0.985706332 0.9747198937 0.9636591654 0.9512612182 0.9388632711 0.9264653239 0.9140673767 0.9016694296 0.8892714824 0.8768735353 0.8644755881 0.852077641 0.8396796938 0.8272817466 0.8148837995 0.8024858523 0.7843309035 0.7646407543 0.7449506051 0.7252604559 0.7055703067 0.6858801575 0.6661900082 0.646499859 0.6268097098 0.6071195606 0.5874294114 0.5677392622 0.5480491129 0.5279752257 0.5075559743 0.4871367228 0.4667174714 0.44629822 0.4258789685 0.4054597171 0.3850404656 0.3646212142 0.3442019628 0.3237827113 0.3033634599 0.2829442085 0.2625829989 0.2423843067 0.2221856145 0.2019869222 0.18178823 0.1615895378 0.1413908456 0.1211921533 0.1009934611 0.0807947689 0.06059607667 0.04039738445 0.02019869222 0 
3.016247199 3.00526076 2.994274322 2.983287884 2.972301445 2.961315007 2.950328569 2.934680601 2.835125112 2.735569623 2.640601373 2.628203426 2.615805479 2.603407531 2.591009584 2.578611637 2.56621369 2.553815743 2.541417796 2.529019849 2.42408333 2.294469859 2.164856388 2.035242917 1.900484746 1.764354655 1.628224565 1.492094474 1.447890653 1.428200503 1.408510354 1.388820205 1.369130056 1.349439907 1.329749757 1.310059608 1.290369459 1.270295572 1.24987632 1.229457069 1.209037817 1.188618566 1.168199315 1.147780063 1.127360812 1.10694156 1.059316764 0.9355164435 0.8117161227 0.687915802 0.5697477474 0.467350038 0.3649523285 0.2625546191 0.18178823 0.1615895378 0.1413908456 0.1211921533 0.1009934611 0.0807947689 0.06059607667 0.04039738445 0.02019869222 0 
4.958896558 4.94791012 4.936923682 4.925937243 4.910289276 4.810733787 4.711178298 4.611622809 4.51206732 4.412511831 4.317543581 4.305145633 4.292747686 4.280349739 4.267951792 4.255553845 4.150617326 4.021003855 3.891390384 3.761776913 3.632163442 3.502549971 3.3729365 3.243323029 3.108564858 2.972434767 2.836304677 2.700174586 2.564044495 2.427914404 2.291784314 2.155654223 2.111450402 2.091760253 2.072070103 2.052379954 2.032689805 2.012615918 1.992196666 1.971777415 1.951358163 1.930938912 1.883314116 1.759513795 1.635713475 1.511913154 1.388112833 1.264312512 1.140512192 1.016711871 0.8985438162 0.7961461068 0.6937483973 0.5913506879 0.4889529785 0.3865552691 0.2841575597 0.1817598502 0.1009934611 0.0807947689 0.06059607667 0.04039738445 0.02019869222 0 
6.901545918 6.885897951 6.786342462 6.686786973 6.587231484 6.487675995 6.388120505 6.288565016 6.189009527 6.089454038 5.994485788 5.982087841 5.877151322 5.747537851 5.61792438 5.488310909 5.358697438 5.229083967 5.099470496 4.969857025 4.840243554 4.710630083 4.581016612 4.451403141 4.31664497 4.18051488 4.044384789 3.908254698 3.772124607 3.635994517 3.499864426 3.363734335 3.227604244 3.091474154 2.955344063 2.819213972 2.775010151 2.754936264 2.707311468 2.583511147 2.459710826 2.335910506 2.212110185 2.088309864 1.964509543 1.840709223 1.716908902 1.593108581 1.46930826 1.34550794 1.227339885 1.124942176 1.022544466 0.9201467567 0.8177490473 0.7153513379 0.6129536284 0.510555919 0.4081582096 0.3057605002 0.2033627908 0.1009650813 0.02019869222 0 
9.118723793 9.029700313 8.930421982 8.830866493 8.731311004 8.631755515 8.532200026 8.432644537 8.333089048 8.233533559 8.13239607 8.002782599 7.873169128 7.743555657 7.613942186 7.484328715 7.354715244 7.225101773 7.095488302 6.965874831 6.83626136 6.706647889 6.53931975 6.170846715 5.734938919 5.414842334 5.278712244 5.142582153 5.006452062 4.870321972 4.734191881 4.59806179 4.461931699 4.325801609 4.189671518 4.053541427 3.917411336 3.787770598 3.663970277 3.540169957 3.416369636 3.292569315 3.168768994 3.044968674 2.921168353 2.797368032 2.673567712 2.549767391 2.42596707 2.095842081 1.658925049 1.259987258 1.126374804 1.023977094 0.9215793848 0.8191816754 0.716783966 0.6143862565 0.5119885471 0.4095908377 0.3071931283 0.2047954188 0.1023977094 0 
11.46260714 11.37358366 11.28456018 11.19054785 11.09099236 10.99143687 10.89188138 10.79232589 10.6927704 10.59321492 10.49207743 10.36246396 10.23285049 10.10323701 9.973623543 9.844010072 9.714396601 9.58478313 9.455169659 9.325556188 9.158228049 8.789755014 8.421281979 8.052808944 7.616901149 7.16301075 6.709120351 6.389023766 6.252893675 6.116763585 5.980633494 5.844503403 5.708373312 5.572243222 5.436113131 5.29998304 5.163852949 5.034212211 4.910411891 4.78661157 4.662811249 4.539010928 4.415210608 4.291410287 4.167609966 4.043809645 3.920009325 3.589884335 3.139403289 2.688922243 2.252005212 1.853067421 1.45412963 1.05519184 0.9215793848 0.8191816754 0.716783966 0.6143862565 0.5119885471 0.4095908377 0.3071931283 0.2047954188 0.1023977094 0 
13.80649048 13.717467 13.62844352 13.53942004 13.45039656 13.35111823 13.25156274 13.15200725 13.05245176 12.95289627 12.85175878 12.72214531 12.59253184 12.46291837 12.3333049 12.20369143 12.07407796 11.94446449 11.77713635 11.40866331 11.04019028 10.67171724 10.30324421 9.934771174 9.498863378 9.044972979 8.59108258 8.137192182 7.683301783 7.363205198 7.227075107 7.090945016 6.954814926 6.818684835 6.682554744 6.546424653 6.410294563 6.280653825 6.156853504 6.033053183 5.909252862 5.785452542 5.661652221 5.5378519 5.414051579 5.08392659 4.633445544 4.182964498 3.732483452 3.282002406 2.845085375 2.446147584 2.047209793 1.648272002 1.249334212 0.8503964208 0.716783966 0.6143862565 0.5119885471 0.4095908377 0.3071931283 0.2047954188 0.1023977094 0 
16.15037382 16.06135034 15.97232686 15.88330338 15.7942799 15.70525642 15.6112441 15.51168861 15.41213312 15.31257763 15.21144014 15.08182667 14.9522132 14.82259973 14.69298626 14.56337279 14.39604465 14.02757161 13.65909858 13.29062554 12.92215251 12.55367947 12.18520644 11.8167334 11.38082561 10.92693521 10.47304481 10.01915441 9.565264012 9.111373613 8.657483214 8.33738663 8.201256539 8.065126448 7.928996357 7.792866267 7.656736176 7.527095438 7.403295117 7.279494796 7.155694476 7.031894155 6.908093834 6.577968845 6.127487799 5.677006753 5.226525707 4.776044661 4.325563615 3.875082569 3.438165537 3.039227747 2.640289956 2.241352165 1.842414374 1.443476583 1.044538793 0.6456010019 0.5119885471 0.4095908377 0.3071931283 0.2047954188 0.1023977094 0 
18.49425717 18.40523369 18.31621021 18.22718673 18.13816325 18.04913977 17.96011629 17.87109281 17.77181448 17.67225899 17.5711215 17.44150803 17.31189456 17.18228109 17.01495295 16.64647991 16.27800688 15.90953384 15.54106081 15.17258777 14.80411474 14.4356417 14.06716867 13.69869563 13.26278784 12.80889744 12.35500704 11.90111664 11.44722624 10.99333584 10.53944544 10.08555504 9.631664646 9.311568061 9.175437971 9.03930788 8.903177789 8.773537051 8.64973673 8.525936409 8.402136089 8.072011099 7.621530053 7.171049007 6.720567961 6.270086915 5.819605869 5.369124824 4.918643778 4.468162732 4.0312457 3.632307909 3.233370119 2.834432328 2.435494537 2.036556746 1.637618955 1.238681165 0.8397433739 0.4408055831 0.3071931283 0.2047954188 0.1023977094 0 
20.83814051 20.74911703 20.66009355 20.57107007 20.48204659 20.39302311 20.30399963 20.21497615 20.12595267 20.03194034 19.93080286 19.80118938 19.63386125 19.26538821 18.89691518 18.52844214 18.15996911 17.79149607 17.42302304 17.05455 16.68607697 16.31760393 15.9491309 15.58065786 15.14475007 14.69085967 14.23696927 13.78307887 13.32918847 12.87529807 12.42140767 11.96751727 11.51362688 11.05973648 10.60584608 10.28574949 10.1496194 10.01997866 9.896178343 9.566053354 9.115572308 8.665091262 8.214610216 7.76412917 7.313648124 6.863167078 6.412686032 5.962204986 5.51172394 5.061242894 4.624325863 4.225388072 3.826450281 3.42751249 3.0285747 2.629636909 2.230699118 1.831761327 1.432823537 1.033885746 0.634947955 0.2360101642 0.1023977094 0 
23.6712595 23.58223602 23.49321254 23.40418906 23.31516558 23.2261421 23.13711863 23.04809515 22.95907167 22.87004819 22.73768141 22.36920837 22.00073534 21.6322623 21.26378927 20.89531623 20.5268432 20.15837016 19.78989713 19.42142409 19.05295106 18.68447802 18.31600499 17.94753195 17.26481401 16.81092361 16.35703321 15.90314281 15.44925241 14.99536201 14.54147161 14.08758121 13.63369082 13.17980042 12.72591002 12.27201962 11.81812922 11.36603322 10.91555217 10.46507113 10.01459008 9.564109034 9.113627988 8.663146942 8.212665896 7.76218485 7.311703804 6.861222758 6.410741712 5.960260667 5.18619128 4.787253489 4.388315699 3.989377908 3.590440117 3.191502326 2.792564535 2.393626745 1.994688954 1.595751163 1.196813372 0.7978755816 0.3989377908 0 
35.31062024 35.22159676 35.13257328 35.0435498 34.95452632 34.86550284 34.77647936 34.64927531 34.37889412 34.10851293 33.83296901 33.46449598 33.09602294 32.72754991 32.35907687 31.99060384 31.6221308 31.25365777 30.88518473 30.5167117 29.6406723 28.76463289 27.88859349 27.01255409 25.94496244 24.82629019 23.70761795 22.5889457 21.85514715 21.40125676 20.94736636 20.49347596 20.03958556 19.58569516 19.13180476 18.67791436 18.22402396 17.77192796 17.32144692 16.87096587 16.42048482 15.97000378 15.51952273 15.06904169 14.61856064 14.16807959 13.27964335 11.90459023 10.5295371 9.154483975 7.858171304 6.782331907 5.70649251 4.630653114 3.590440117 3.191502326 2.792564535 2.393626745 1.994688954 1.595751163 1.196813372 0.7978755816 0.3989377908 0 
46.94998097 46.86095749 46.77193401 46.68291053 46.55570648 46.28532529 46.0149441 45.74456291 45.47418173 45.20380054 44.92825662 44.55978358 44.19131055 43.82283751 43.45436448 43.08589144 42.20985204 41.33381264 40.45777324 39.58173383 38.70569443 37.82965503 36.95361563 36.07757622 35.00998458 33.89131233 32.77264008 31.65396784 30.53529559 29.41662334 28.2979511 27.17927885 26.4454803 25.9915899 25.53769951 25.08380911 24.62991871 24.17782271 23.72734166 23.27686061 22.82637957 22.37589852 21.48746228 20.11240915 18.73735603 17.3623029 15.98724978 14.61219665 13.23714353 11.8620904 10.56577773 9.489938332 8.414098935 7.338259538 6.262420141 5.186580744 4.110741347 3.03490195 1.994688954 1.595751163 1.196813372 0.7978755816 0.3989377908 0 
58.58934171 58.46213766 58.19175647 57.92137528 57.65099409 57.3806129 57.11023171 56.83985052 56.56946933 56.29908814 56.02354422 55.65507119 54.77903179 53.90299238 53.02695298 52.15091358 51.27487418 50.39883477 49.52279537 48.64675597 47.77071657 46.89467717 46.01863776 45.14259836 44.07500671 42.95633447 41.83766222 40.71898997 39.60031773 38.48164548 37.36297323 36.24430098 35.12562874 34.00695649 32.88828424 31.769612 31.03581345 30.58371745 29.69528121 28.32022808 26.94517496 25.57012183 24.1950687 22.82001558 21.44496245 20.06990933 18.6948562 17.31980308 15.94474995 14.56969682 13.27338415 12.19754476 11.12170536 10.04586596 8.970026565 7.894187168 6.818347772 5.742508375 4.666668978 3.590829581 2.514990184 1.439150787 0.3989377908 0 
65.82581996 65.51250874 65.19919751 64.91977842 64.64939723 64.37901604 64.10863485 63.83825366 63.56787247 63.29749128 62.99523335 62.11919394 61.24315454 60.36711514 59.49107574 58.61503634 57.73899693 56.86295753 55.98691813 55.11087873 54.23483932 53.18917241 52.08292424 50.97667607 49.86061942 48.74194718 47.62327493 46.50460268 45.38593044 44.26725819 43.14858594 42.0299137 40.91124145 39.7925692 38.49198034 36.98926192 35.4865435 33.91257188 32.27447239 30.6363729 29.15056341 27.77551028 26.40045715 25.02540403 23.6503509 22.27529778 20.90024465 19.52519152 18.1501384 16.77508527 15.34548149 13.76313587 12.18079025 10.75839397 9.682554572 8.606715175 7.530875778 6.455036381 5.379196984 4.303357587 3.227518191 2.151678794 1.075839397 0 
71.48984019 71.17652896 70.86321774 70.54990652 70.23659529 69.92328407 69.64386498 69.37348379 69.1031026 68.83272141 68.53046347 67.65442407 66.77838466 65.90234526 65.02630586 64.15026646 63.27422706 62.22856014 61.12231197 60.01606381 58.90981564 57.80356747 56.6973193 55.59107113 54.47501448 53.35634224 52.23766999 51.11899774 50.00032549 48.88165325 47.58106439 46.07834597 44.57562754 43.07290912 41.5701907 40.06747227 38.56475385 36.99078223 35.35268274 33.71458325 32.07648375 30.43838426 28.80028477 27.16218528 25.67637579 24.30132266 22.92626954 21.55121641 20.17616329 18.80111016 17.37150638 15.78916076 14.20681514 12.62446952 11.0421239 9.459778285 7.877432667 6.455036381 5.379196984 4.303357587 3.227518191 2.151678794 1.075839397 0 
77.15386041 76.84054919 76.52723796 76.21392674 75.90061552 75.58730429 75.27399307 74.96068184 74.64737062 74.36795153 74.06569359 73.18965419 72.31361479 71.26794787 70.1616997 69.05545154 67.94920337 66.8429552 65.73670703 64.63045886 63.5242107 62.41796253 61.31171436 60.20546619 59.08940954 57.97073729 56.67014844 55.16743001 53.66471159 52.16199317 50.65927474 49.15655632 47.65383789 46.15111947 44.64840105 43.14568262 41.6429642 40.06899258 38.43089309 36.7927936 35.15469411 33.51659461 31.87849512 30.24039563 28.60229614 26.96419665 25.32609715 23.68799766 22.20218817 20.82713505 19.39753126 17.81518565 16.23284003 14.65049441 13.06814879 11.48580317 9.903457553 8.321111935 6.738766316 5.156420698 3.574075079 2.151678794 1.075839397 0 
81.37440162 80.682475 80.36916377 80.05585255 79.74254132 79.4292301 79.11591888 78.80260765 78.48929643 78.1759852 77.82094046 76.71469229 75.60844412 74.50219595 73.39594778 72.28969962 71.18345145 70.07720328 68.97095511 67.86470694 66.75845878 65.65221061 64.54596244 63.33252338 61.87754209 60.37482366 58.87210524 57.36938681 55.86666839 54.36394997 52.86123154 51.35851312 49.85579469 48.35307627 46.85035785 45.34763942 43.95033005 42.10556413 40.22367251 38.58557302 36.94747353 35.30937404 33.67127454 32.03317505 30.39507556 28.75697607 27.11887658 25.48077709 23.84267759 22.2045781 20.57782017 18.98814742 17.4058018 15.82345619 14.24111057 12.65876495 11.07641933 9.494073711 7.911728093 6.329382474 4.747036856 3.164691237 1.582345619 0 
83.61015918 82.69737357 81.78458796 81.39239853 81.07908731 80.76577608 80.45246486 80.13915363 79.82584241 79.51253119 79.15748644 78.05123827 76.9449901 75.83874194 74.73249377 73.6262456 72.51999743 71.41374926 70.3075011 69.20125293 68.09500476 66.8815657 65.60559863 64.32963155 62.87465025 61.37193183 59.86921341 58.36649498 56.86377656 55.36105813 53.85833971 52.35562129 50.85290286 49.35018444 47.95287506 46.73626691 45.51965876 43.67489284 41.26478494 38.85467704 36.97278542 35.33468593 33.69658644 32.05848695 30.42038746 28.78228797 27.14418847 25.50608898 23.86798949 22.22989 20.60313207 19.0081305 17.41312893 15.82345619 14.24111057 12.65876495 11.07641933 9.494073711 7.911728093 6.329382474 4.747036856 3.164691237 1.582345619 0 
85.84591674 84.93313113 84.02034553 83.10755992 82.41563329 82.10232207 81.78901084 81.47569962 81.16238839 80.84907717 80.49403242 79.38778425 78.28153609 77.17528792 76.06903975 74.96279158 73.85654341 72.75029525 71.64404708 70.43060802 69.15464095 67.87867387 66.60270679 65.32673972 63.87175842 62.36904 60.86632157 59.36360315 57.86088473 56.3581663 54.85544788 53.35272945 51.95542008 50.73881193 49.52220377 48.30559562 47.08898747 45.24422156 42.83411366 40.42400576 38.01389786 35.60378996 33.72189834 32.08379884 30.44569935 28.80759986 27.16950037 25.53140088 23.89330139 22.25520189 20.62844396 19.0334424 17.43844083 15.84343926 14.24843769 12.65876495 11.07641933 9.494073711 7.911728093 6.329382474 4.747036856 3.164691237 1.582345619 0 
88.08167431 87.1688887 86.25610309 85.34331748 84.43053187 83.51774626 83.12555683 82.8122456 82.49893438 82.18562315 81.83057841 80.72433024 79.61808207 78.5118339 77.40558573 76.29933757 75.1930894 73.97965034 72.70368327 71.42771619 70.15174911 68.87578204 67.59981496 66.32384789 64.86886659 63.36614817 61.86342974 60.36071132 58.85799289 57.35527447 55.95796509 54.74135694 53.52474879 52.30814064 51.09153249 49.87492433 48.65831618 46.81355027 44.40344237 41.99333447 39.58322657 37.17311867 34.76301077 32.35290287 30.47101125 28.83291176 27.19481227 25.55671277 23.91861328 22.28051379 20.65375586 19.05875429 17.46375272 15.86875116 14.27374959 12.67874802 11.08374646 9.494073711 7.911728093 6.329382474 4.747036856 3.164691237 1.582345619 0 
90.31743187 89.40464626 88.49186065 87.57907504 86.66628943 85.75350382 84.84071821 84.14879158 83.83548036 83.52216914 83.16712439 82.06087622 80.95462805 79.84837988 78.74213172 77.52869266 76.25272558 74.97675851 73.70079143 72.42482436 71.14885728 69.87289021 68.59692313 67.32095605 65.86597476 64.36325633 62.86053791 61.35781949 59.96051011 58.74390196 57.52729381 56.31068565 55.0940775 53.87746935 52.6608612 51.44425305 50.22764489 48.38287898 45.97277108 43.56266318 41.15255528 38.74244738 36.33233948 33.92223158 31.51212368 29.10201578 27.22012416 25.58202467 23.94392518 22.30582569 20.67906775 19.08406619 17.48906462 15.89406305 14.29906149 12.70405992 11.10905835 9.514056787 7.919055221 6.329382474 4.747036856 3.164691237 1.582345619 0 
92.55318943 91.64040382 90.72761821 89.8148326 88.90204699 87.98926138 87.07647577 86.16369016 85.25090455 84.85871512 84.50367037 83.3974222 82.29117404 81.07773498 79.8017679 78.52580083 77.24983375 75.97386668 74.6978996 73.42193253 72.14596545 70.86999837 69.5940313 68.31806422 66.86308292 65.3603645 63.96305512 62.74644697 61.52983882 60.31323067 59.09662252 57.88001437 56.66340621 55.44679806 54.23018991 53.01358176 51.79697361 49.95220769 47.54209979 45.13199189 42.72188399 40.31177609 37.90166819 35.49156029 33.08145239 30.67134449 28.2612366 25.8511287 23.96923707 22.33113758 20.70437965 19.10937808 17.51437652 15.91937495 14.32437338 12.72937182 11.13437025 9.539368684 7.944367117 6.34936555 4.754363984 3.164691237 1.582345619 0 
94.78894699 93.87616138 92.96337577 92.05059016 91.13780455 90.22501894 89.31223333 88.39944772 87.48666211 86.5738765 85.84021636 84.6267773 83.35081022 82.07484315 80.79887607 79.522909 78.24694192 76.97097484 75.69500777 74.41904069 73.14307362 71.86710654 70.59113947 69.31517239 67.96560014 66.74899199 65.53238384 64.31577569 63.09916753 61.88255938 60.66595123 59.44934308 58.23273493 57.01612677 55.79951862 54.58291047 53.36630232 51.52153641 49.11142851 46.70132061 44.29121271 41.88110481 39.47099691 37.06088901 34.65078111 32.24067321 29.83056531 27.42045741 25.01034951 22.60024161 20.72969155 19.13468998 17.53968841 15.94468685 14.34968528 12.75468371 11.15968215 9.56468058 7.969679013 6.374677446 4.77967588 3.184674313 1.589672746 0 
95.89087246 94.29486155 93.25621865 92.34343304 91.43064743 90.51786182 89.60507621 88.6922906 87.77950499 86.86671938 85.93481896 84.65885188 83.38288481 82.10691773 80.83095066 79.55498358 78.2790165 77.00304943 75.72708235 74.45111528 73.1751482 71.89918113 70.32713269 68.24751619 66.84922207 65.63261392 64.41600577 63.19939761 61.98278946 60.76618131 59.54957316 58.33296501 57.11635686 55.8997487 54.68314055 53.56339678 53.26700022 51.19693169 47.53055838 45.05433125 42.64422335 40.23411545 37.82400755 35.41389965 33.00379175 30.59368385 28.18357595 25.77346805 23.36336015 20.95325225 19.08720841 18.74454393 17.54501723 15.95001567 14.3550141 12.76001253 11.16501097 9.5700094 7.975007833 6.380006267 4.7850047 3.190003133 1.595001567 0 
96.6904427 95.09443179 93.49842089 92.11816534 91.20537973 90.29259412 89.37980851 88.4670229 87.55423729 86.64145168 85.70955125 84.43358418 83.1576171 81.88165003 80.60568295 79.32971588 78.0537488 76.77778172 75.50181465 74.22584757 72.65379913 70.57418263 68.49456614 66.41494964 65.01665552 63.80004737 62.58343922 61.36683107 60.15022292 58.93361476 57.71700661 56.50039846 55.28379031 54.16404653 53.86764997 53.57125342 53.27485686 51.20478832 47.53841502 43.87204171 40.20566841 37.72944127 35.31933337 32.90922547 30.49911757 28.08900967 25.67890177 23.26879387 20.85868598 18.44857808 16.58253423 16.23986975 15.89720528 15.5545408 14.3550141 12.76001253 11.16501097 9.5700094 7.975007833 6.380006267 4.7850047 3.190003133 1.595001567 0 
97.49001294 95.89400203 94.29799113 92.70198022 91.10596931 90.06732641 89.1545408 88.24175519 87.32896958 86.41618397 85.48428355 84.20831647 82.9323494 81.65638232 80.38041525 79.10444817 77.8284811 76.55251402 74.98046558 72.90084908 70.82123258 68.74161609 66.66199959 64.58238309 63.18408897 61.96748082 60.75087267 59.53426452 58.31765637 57.10104822 55.88444006 54.76469629 54.46829973 54.17190317 53.87550661 53.57911005 53.28271349 51.21264496 47.54627166 43.87989835 40.21352504 36.54715174 32.88077843 30.4045513 27.9944434 25.5843355 23.1742276 20.7641197 18.3540118 15.9439039 14.07786006 13.73519558 13.3925311 13.04986662 12.70720214 12.36453766 11.16501097 9.5700094 7.975007833 6.380006267 4.7850047 3.190003133 1.595001567 0 
98.28958318 96.69357228 95.09756137 93.50155046 91.90553955 90.30952865 88.9292731 88.01648749 87.10370188 86.19091627 85.25901584 83.98304877 82.70708169 81.43111462 80.15514754 78.87918047 77.30713203 75.22751553 73.14789903 71.06828253 68.98866604 66.90904954 64.82943304 62.74981655 61.35152243 60.13491428 58.91830612 57.70169797 56.48508982 55.36534605 55.06894949 54.77255293 54.47615637 54.17975981 53.88336325 53.58696669 53.29057013 51.2205016 47.55412829 43.88775499 40.22138168 36.55500837 32.88863507 29.22226176 25.55588846 23.07966132 20.66955342 18.25944552 15.84933762 13.43922972 11.57318588 11.2305214 10.88785692 10.54519245 10.20252797 9.859863488 9.517199009 9.17453453 7.975007833 6.380006267 4.7850047 3.190003133 1.595001567 0 
99.08915342 97.49314252 95.89713161 94.3011207 92.7051098 91.10909889 89.51308798 87.91707707 86.87843417 85.96564856 85.03374814 83.75778106 82.48181399 81.20584691 79.63379847 77.55418198 75.47456548 73.39494898 71.31533248 69.23571599 67.15609949 65.07648299 62.9968665 60.91725 59.51895588 58.30234773 57.08573958 55.9659958 55.66959924 55.37320268 55.07680612 54.78040957 54.48401301 54.18761645 53.89121989 53.59482333 53.29842677 51.22835824 47.56198493 43.89561162 40.22923832 36.56286501 32.8964917 29.2301184 25.56374509 21.89737179 18.23099848 15.75477135 13.34466345 10.93455555 9.068511707 8.725847228 8.383182749 8.04051827 7.697853791 7.355189312 7.012524834 6.669860355 6.327195876 5.984531397 4.7850047 3.190003133 1.595001567 0 
99.88872367 98.29271276 96.69670185 95.10069095 93.50468004 91.90866913 90.31265822 88.71664732 87.12063641 85.74038086 84.80848044 83.53251336 81.96046492 79.88084842 77.80123192 75.72161543 73.64199893 71.56238243 69.48276594 67.40314944 65.32353294 63.24391645 61.16429995 59.08468345 57.68638933 56.56664556 56.270249 55.97385244 55.67745588 55.38105932 55.08466276 54.7882662 54.49186964 54.19547308 53.89907652 53.60267996 53.3062834 51.23621487 47.56984157 43.90346826 40.23709495 36.57072165 32.90434834 29.23797504 25.57160173 21.90522842 18.23885512 14.57248181 10.9061085 8.429881373 6.563837531 6.221173052 5.878508574 5.535844095 5.193179616 4.850515137 4.507850658 4.165186179 3.8225217 3.479857221 3.137192742 2.794528264 1.595001567 0 
100.5738521 99.13489242 97.53888152 95.94287061 94.3468597 92.75084879 91.15483789 89.55882698 87.96281607 86.36680517 84.74534133 82.66572484 80.58610834 78.50649184 76.42687534 74.34725885 72.26764235 70.18802585 68.10840936 66.02879286 63.94917636 61.86955987 59.78994337 57.71032687 56.9526751 56.65627854 56.35988198 56.06348542 55.76708886 55.4706923 55.17429574 54.87789918 54.58150263 54.28510607 53.98870951 53.69231295 53.39591639 51.54086507 47.87449177 44.20811846 40.54174516 36.87537185 33.20899854 29.54262524 25.87625193 22.20987862 18.54350532 14.87713201 11.21075871 7.5443854 4.752672312 4.410007833 4.067343354 3.724678875 3.382014396 3.039349917 2.696685438 2.354020959 2.011356481 1.668692002 1.326027523 0.9833630439 0.640698565 0 
100.6486243 100.2043223 98.60831143 97.01230052 95.41628961 93.8202787 92.2242678 90.62825689 89.03224598 87.43623508 85.81477124 83.73515475 81.65553825 79.57592175 77.49630526 75.41668876 73.33707226 71.25745576 69.17783927 67.09822277 65.01860627 62.93898978 60.85937328 59.70357845 58.03800705 57.18205203 56.88565547 56.58925891 56.29286235 55.99646579 55.70006924 55.40367268 55.10727612 54.81087956 54.514483 54.21808644 53.92168988 52.56834541 49.76204098 46.09566767 42.42929437 38.76292106 35.09654776 31.43017445 27.76380114 24.09742784 20.43105453 16.76468122 13.09830792 9.431934612 6.640221524 6.297557045 5.954892566 5.612228087 5.269563608 4.926899129 4.58423465 4.241570171 3.898905692 3.556241214 3.213576735 2.870912256 2.230213691 0 
100.7233966 100.4535959 99.67774134 98.08173043 96.48571952 94.88970862 93.29369771 91.6976868 90.10167589 88.50566499 86.88420115 84.80458466 82.72496816 80.64535166 78.56573517 76.48611867 74.40650217 72.32688568 70.24726918 68.16765268 66.08803619 64.00841969 62.85262486 61.74815346 60.08258205 58.26738398 57.41142896 57.1150324 56.81863585 56.52223929 56.22584273 55.92944617 55.63304961 55.33665305 55.04025649 54.74385993 54.44746337 53.0941189 50.78952132 47.98321689 44.31684358 40.65047027 36.98409697 33.31772366 29.65135035 25.98497705 22.31860374 18.65223044 14.98585713 11.31948382 8.527770735 8.185106257 7.842441778 7.499777299 7.15711282 6.814448341 6.471783862 6.129119383 5.786454904 5.443790425 5.101125947 4.460427382 2.230213691 0 
100.7981688 100.5283681 100.2585675 99.15116034 97.55514943 95.95913853 94.36312762 92.76711671 91.1711058 89.5750949 87.95363106 85.87401457 83.79439807 81.71478157 79.63516508 77.55554858 75.47593208 73.39631559 71.31669909 69.23708259 67.1574661 66.00167127 64.89719987 63.79272847 62.12715706 60.31195898 58.49676091 57.6408059 57.34440934 57.04801278 56.75161622 56.45521966 56.1588231 55.86242654 55.56602998 55.26963342 54.97323686 53.61989239 51.31529481 49.01069722 46.20439279 42.53801949 38.87164618 35.20527287 31.53889957 27.87252626 24.20615295 20.53977965 16.87340634 13.20703304 10.41531995 10.07265547 9.72999099 9.387326511 9.044662032 8.701997553 8.359333074 8.016668595 7.674004116 7.331339637 6.690641072 4.460427382 2.230213691 0 
100.872941 100.6031403 100.3333397 100.063539 98.62457934 97.02856844 95.43255753 93.83654662 92.24053572 90.64452481 89.02306098 86.94344448 84.86382798 82.78421148 80.70459499 78.62497849 76.54536199 74.4657455 72.386129 70.3065125 69.15071768 68.04624627 66.94177487 65.83730347 64.17173206 62.35653399 60.54133591 58.72613784 57.87018283 57.57378627 57.27738971 56.98099315 56.68459659 56.38820003 56.09180347 55.79540691 55.49901035 54.14566588 51.8410683 49.53647071 47.23187313 44.4255687 40.75919539 37.09282208 33.42644878 29.76007547 26.09370217 22.42732886 18.76095555 15.09458225 12.30286916 11.96020468 11.6175402 11.27487572 10.93221124 10.58954676 10.24688229 9.904217807 9.561553328 8.920854763 6.690641072 4.460427382 2.230213691 0 
100.9477132 100.6779126 100.4081119 100.1383113 99.69400926 98.09799835 96.50198744 94.90597653 93.30996563 91.71395472 90.09249089 88.01287439 85.93325789 83.8536414 81.7740249 79.6944084 77.6147919 75.53517541 73.45555891 72.29976408 71.19529268 70.09082128 68.98634988 67.88187848 66.21630707 64.401109 62.58591092 60.77071285 58.95551477 58.09955976 57.8031632 57.50676664 57.21037008 56.91397352 56.61757696 56.3211804 56.02478384 54.67143937 52.36684179 50.0622442 47.75764662 45.45304903 42.6467446 38.9803713 35.31399799 31.64762468 27.98125138 24.31487807 20.64850477 16.98213146 14.19041837 13.84775389 13.50508941 13.16242493 12.81976046 12.47709598 12.1344315 11.79176702 11.15106845 8.920854763 6.690641072 4.460427382 2.230213691 0 
101.0224854 100.7526848 100.4828841 100.2130835 99.94328282 99.16742826 97.57141735 95.97540644 94.37939554 92.78338463 91.1619208 89.0823043 87.0026878 84.92307131 82.84345481 80.76383831 78.68422182 76.60460532 75.44881049 74.34433909 73.23986769 72.13539629 71.03092489 69.92645348 68.26088208 66.445684 64.63048593 62.81528785 61.00008978 59.1848917 58.32893669 58.03254013 57.73614357 57.43974701 57.14335045 56.84695389 56.55055733 55.19721286 52.89261528 50.58801769 48.28342011 45.97882252 43.67422494 40.86792051 37.2015472 33.5351739 29.86880059 26.20242728 22.53605398 18.86968067 16.07796758 15.7353031 15.39263863 15.04997415 14.70730967 14.36464519 14.02198071 13.38128214 11.15106845 8.920854763 6.690641072 4.460427382 2.230213691 0 
101.0972576 100.827457 100.5576563 100.2878557 100.018055 99.74825439 98.64084726 97.04483636 95.44882545 93.85281454 92.23135071 90.15173421 88.07211771 85.99250122 83.91288472 81.83326822 79.75365173 78.5978569 77.4933855 76.3889141 75.28444269 74.17997129 73.07549989 71.97102849 70.30545708 68.49025901 66.67506093 64.85986286 63.04466478 61.22946671 59.41426863 58.55831362 58.26191706 57.9655205 57.66912394 57.37272738 57.07633082 55.72298635 53.41838877 51.11379118 48.8091936 46.50459601 44.19999843 41.89540084 39.08909641 35.42272311 31.7563498 28.0899765 24.42360319 20.75722988 17.96551679 17.62285232 17.28018784 16.93752336 16.59485888 16.2521944 15.61149584 13.38128214 11.15106845 8.920854763 6.690641072 4.460427382 2.230213691 0 
101.1720299 100.9022292 100.6324286 100.3626279 100.0928273 99.82302661 99.55322596 98.11426627 96.51825536 94.92224445 93.30078062 91.22116412 89.14154762 87.06193113 84.98231463 82.90269813 81.74690331 80.64243191 79.5379605 78.4334891 77.3290177 76.2245463 75.1200749 74.0156035 72.35003209 70.53483401 68.71963594 66.90443786 65.08923979 63.27404171 61.45884364 59.64364556 58.78769055 58.49129399 58.19489743 57.89850087 57.60210431 56.24875984 53.94416226 51.63956467 49.33496709 47.0303695 44.72577192 42.42117433 40.11657675 37.31027232 33.64389901 29.97752571 26.3111524 22.6447791 19.85306601 19.51040153 19.16773705 18.82507257 18.48240809 17.84170953 15.61149584 13.38128214 11.15106845 8.920854763 6.690641072 4.460427382 2.230213691 0 
101.2468021 100.9770014 100.7072008 100.4374001 100.1675995 99.89779883 99.62799818 99.18369618 97.58768527 95.99167436 94.37021053 92.29059403 90.21097754 88.13136104 86.05174454 84.89594971 83.79147831 82.68700691 81.58253551 80.47806411 79.37359271 78.26912131 77.1646499 76.0601785 74.3946071 72.57940902 70.76421095 68.94901287 67.1338148 65.31861672 63.50341865 61.68822057 59.87302249 59.01706748 58.72067092 58.42427436 58.1278778 56.77453334 54.46993575 52.16533817 49.86074058 47.556143 45.25154541 42.94694783 40.64235024 38.33775266 35.53144823 31.86507492 28.19870161 24.53232831 21.74061522 21.39795074 21.05528626 20.71262178 20.07192322 17.84170953 15.61149584 13.38128214 11.15106845 8.920854763 6.690641072 4.460427382 2.230213691 0 
101.3215743 101.0517737 100.781973 100.5121724 100.2423717 99.97257105 99.7027704 99.43296975 98.65711518 97.06110427 95.43964044 93.36002394 91.28040745 89.20079095 88.04499612 86.94052472 85.83605332 84.73158192 83.62711052 82.52263911 81.41816771 80.31369631 79.20922491 78.10475351 76.4391821 74.62398403 72.80878595 70.99358788 69.1783898 67.36319173 65.54799365 63.73279558 61.9175975 60.10239943 59.24644441 58.95004785 58.65365129 57.30030683 54.99570924 52.69111166 50.38651407 48.08191649 45.7773189 43.47272132 41.16812373 38.86352615 36.55892856 33.75262413 30.08625083 26.41987752 23.62816443 23.28549995 22.94283547 22.30213691 20.07192322 17.84170953 15.61149584 13.38128214 11.15106845 8.920854763 6.690641072 4.460427382 2.230213691 0 
101.3963465 101.1265459 100.8567452 100.5869446 100.3171439 100.0473433 99.77754262 99.50774196 99.23794131 98.13053418 96.50907035 94.42945385 92.34983736 91.19404253 90.08957113 88.98509973 87.88062833 86.77615692 85.67168552 84.56721412 83.46274272 82.35827132 81.25379992 80.14932852 78.48375711 76.66855903 74.85336096 73.03816288 71.22296481 69.40776673 67.59256866 65.77737058 63.96217251 62.14697443 60.33177636 59.47582134 59.17942478 57.82608032 55.52148273 53.21688515 50.91228756 48.60768998 46.30309239 43.99849481 41.69389722 39.38929964 37.08470205 34.78010447 31.97380004 28.30742673 25.51571364 25.17304916 24.5323506 22.30213691 20.07192322 17.84170953 15.61149584 13.38128214 11.15106845 8.920854763 6.690641072 4.460427382 2.230213691 0 
101.4711187 101.2013181 100.9315174 100.6617168 100.3919161 100.1221155 99.85231483 99.58251418 99.31271353 99.04291288 97.57850026 95.49888376 94.34308894 93.23861754 92.13414613 91.02967473 89.92520333 88.82073193 87.71626053 86.61178913 85.50731773 84.40284632 83.29837492 82.19390352 80.52833211 78.71313404 76.89793596 75.08273789 73.26753981 71.45234174 69.63714366 67.82194559 66.00674751 64.19154944 62.37635136 60.56115329 59.70519828 58.35185381 56.04725622 53.74265864 51.43806105 49.13346347 46.82886588 44.5242683 42.21967071 39.91507313 37.61047554 35.30587796 33.00128037 30.19497594 27.40326285 26.76256429 24.5323506 22.30213691 20.07192322 17.84170953 15.61149584 13.38128214 11.15106845 8.920854763 6.690641072 4.460427382 2.230213691 0 
101.545891 101.2760903 101.0062897 100.736489 100.4666884 100.1968877 99.92708705 99.6572864 99.38748575 99.1176851 98.64793017 97.49213535 96.38766394 95.28319254 94.17872114 93.07424974 91.96977834 90.86530694 89.76083553 88.65636413 87.55189273 86.44742133 85.34294993 84.23847853 82.57290712 80.75770905 78.94251097 77.1273129 75.31211482 73.49691675 71.68171867 69.86652059 68.05132252 66.23612444 64.42092637 62.60572829 60.79053022 58.8776273 56.57302971 54.26843213 51.96383454 49.65923696 47.35463937 45.05004179 42.7454442 40.44084662 38.13624903 35.83165145 33.52705386 31.22245628 28.99277798 26.76256429 24.5323506 22.30213691 20.07192322 17.84170953 15.61149584 13.38128214 11.15106845 8.920854763 6.690641072 4.460427382 2.230213691 0 
101.455395 101.2093359 100.9395352 100.6697346 100.3999339 100.1301333 99.86033264 99.59053199 99.32073134 99.05093069 98.7372 97.63272859 96.52825719 95.42378579 94.31931439 93.21484299 92.11037159 91.00590019 89.90142878 88.79695738 87.69248598 86.58801458 85.48354318 84.46540004 82.82959715 81.01439908 79.199201 77.38400293 75.56880485 73.75360678 71.9384087 70.12321063 68.30801255 66.49281448 64.6776164 62.86241833 61.04722025 58.97444349 56.6698459 54.36524832 52.06065073 49.75605315 47.45145556 45.14685798 42.84226039 40.53766281 38.23306522 35.92846764 33.62387005 31.31927247 29.07204764 26.84183395 24.61162025 22.38140656 20.15119287 17.92097918 15.69076549 13.4605518 11.23033811 9.000124419 6.769910728 4.539697037 2.309483347 0 
101.3454557 101.1259313 100.8561306 100.58633 100.3165293 100.0467287 99.77692804 99.50712738 99.23732673 98.96752608 98.65379539 97.54932399 96.44485259 95.34038119 94.23590978 93.13143838 92.02696698 90.92249558 89.81802418 88.71355278 87.60908138 86.50460997 85.41191061 84.53110789 82.8897016 81.0607497 79.24555162 77.43035355 75.61515547 73.7999574 71.98475932 70.16956125 68.35436317 66.5391651 64.72396702 62.90876895 61.09357087 59.02079411 56.71619652 54.41159894 52.10700135 49.80240377 47.49780618 45.1932086 42.88861101 40.58401343 38.27941584 35.97481826 33.67022067 31.3989743 29.16064313 26.93042944 24.70021575 22.47000206 20.23978837 18.00957468 15.77936099 13.5491473 11.31893361 9.088719917 6.858506226 4.628292535 2.363106937 0 
101.2355164 101.0187851 100.772726 100.5029254 100.2331247 99.96332408 99.69352343 99.42372278 99.15392213 98.88412148 98.57039079 97.46591938 96.36144798 95.25697658 94.15250518 93.04803378 91.94356238 90.83909098 89.73461957 88.63014817 87.52567677 86.42120537 85.47761846 84.59681575 82.95540945 81.11117553 79.29190224 77.47670417 75.66150609 73.84630802 72.03110994 70.21591187 68.40071379 66.58551572 64.77031764 62.95511957 61.13992149 59.06714473 56.76254714 54.45794956 52.15335197 49.84875439 47.5441568 45.23955922 42.93496163 40.63036405 38.32576646 36.02116888 33.72880007 31.4875698 29.24923863 27.01902494 24.78881125 22.55859756 20.32838387 18.09817018 15.86795649 13.6377428 11.40752911 9.177315415 6.947101724 4.716888033 2.363106937 0 
101.1255771 100.9088458 100.6893214 100.4195208 100.1497201 99.87991948 99.61011883 99.34031817 99.07051752 98.80071687 98.48698618 97.38251478 96.27804338 95.17357198 94.06910058 92.96462917 91.86015777 90.75568637 89.65121497 88.54674357 87.44227217 86.42412903 85.54332632 84.6625236 83.0211173 81.17688338 79.33825287 77.52305479 75.70785672 73.89265864 72.07746057 70.26226249 68.44706442 66.63186634 64.81666827 63.00147019 61.18627212 59.11349535 56.80889777 54.50430018 52.1997026 49.89510501 47.59050743 45.28590984 42.98131226 40.67671467 38.37211709 36.0675195 33.81739557 31.5761653 29.33783413 27.10762044 24.87740675 22.64719306 20.41697937 18.18676568 15.95655198 13.72633829 11.4961246 9.265910912 7.035697222 4.726213875 2.363106937 0 
101.0156379 100.7989066 100.5821753 100.3361162 100.0663155 99.79651487 99.52671422 99.25691357 98.98711292 98.71731227 98.40358158 97.29911017 96.19463877 95.09016737 93.98569597 92.88122457 91.77675317 90.67228177 89.56781036 88.46333896 87.3706396 86.48983688 85.60903417 84.72823145 83.08682515 81.24259123 79.39835731 77.56940541 75.75420734 73.93900926 72.12381119 70.30861311 68.49341504 66.67821696 64.86301889 63.04782081 61.23262274 59.15984597 56.85524839 54.5506508 52.24605322 49.94145563 47.63685805 45.33226046 43.02766288 40.72306529 38.41846771 36.14722134 33.90599107 31.6647608 29.42642963 27.19621594 24.96600225 22.73578855 20.50557486 18.27536117 16.04514748 13.81493379 11.5847201 9.35450641 7.089320812 4.726213875 2.363106937 0 
100.9056986 100.6889673 100.472236 100.2527116 99.98291092 99.71311027 99.44330962 99.17350897 98.90370831 98.63390766 98.32017697 97.21570557 96.11123417 95.00676277 93.90229137 92.79781996 91.69334856 90.58887716 89.48440576 88.37993436 87.43634745 86.55554474 85.67474202 84.79393931 83.15253301 81.30829908 79.46406516 77.61983124 75.80055796 73.98535988 72.17016181 70.35496373 68.53976566 66.72456758 64.90936951 63.09417143 61.27897336 59.20619659 56.90159901 54.59700142 52.29240384 49.98780625 47.68320867 45.37861108 43.0740135 40.76941591 38.47704711 36.23581684 33.99458657 31.7533563 29.51502513 27.28481143 25.05459774 22.82438405 20.59417036 18.36395667 16.13374298 13.90352929 11.6733156 9.443101908 7.089320812 4.726213875 2.363106937 0 
100.7957593 100.579028 100.3622967 100.1455654 99.89950631 99.62970566 99.35990501 99.09010436 98.82030371 98.55050306 98.23677237 97.13230096 96.02782956 94.92335816 93.81888676 92.71441536 91.60994396 90.50547256 89.40100115 88.38285802 87.5020553 86.62125259 85.74044987 84.85964716 83.21824086 81.37400694 79.52977302 77.68553909 75.84690858 74.03171051 72.21651243 70.40131436 68.58611628 66.77091821 64.95572013 63.14052206 61.32532398 59.25254722 56.94794963 54.64335205 52.33875446 50.03415688 47.72955929 45.42496171 43.12036412 40.81576654 38.56564261 36.32441234 34.08318206 31.84195179 29.60362062 27.37340693 25.14319324 22.91297955 20.68276586 18.45255217 16.22233848 13.99212479 11.7619111 9.45242775 7.089320812 4.726213875 2.363106937 0 
100.68582 100.4690887 100.2523574 100.0356261 99.81610171 99.54630106 99.27650041 99.00669976 98.7368991 98.46709845 98.15336776 97.04889636 95.94442496 94.83995356 93.73548216 92.63101075 91.52653935 90.42206795 89.32936859 88.44856587 87.56776316 86.68696044 85.80615773 84.92535501 83.28394871 81.43971479 79.59548087 77.75124695 75.90701302 74.07806113 72.26286305 70.44766498 68.6324669 66.81726883 65.00207075 63.18687268 61.3716746 59.29889784 56.99430025 54.68970267 52.38510508 50.0805075 47.77590991 45.47131233 43.16671474 40.89546837 38.6542381 36.41300783 34.17177756 31.93054729 29.69221612 27.46200243 25.23178874 23.00157505 20.77136136 18.54114767 16.31093398 14.08072029 11.81553469 9.45242775 7.089320812 4.726213875 2.363106937 0 
100.5758807 100.3591494 100.1424181 99.92568684 99.70895555 99.46289645 99.1930958 98.92329515 98.6534945 98.38369385 98.06996316 96.96549176 95.86102035 94.75654895 93.65207755 92.54760615 91.44313475 90.33866335 89.39507644 88.51427372 87.63347101 86.75266829 85.87186558 84.99106287 83.34965657 81.50542264 79.66118872 77.8169548 75.97272088 74.12848696 72.30921367 70.4940156 68.67881752 66.86361945 65.04842137 63.2332233 61.41802522 59.34524846 57.04065087 54.73605329 52.4314557 50.12685812 47.82226053 45.51766295 43.22529414 40.98406387 38.7428336 36.50160333 34.26037306 32.01914279 29.78081162 27.55059793 25.32038424 23.09017055 20.85995686 18.62974316 16.39952947 14.16931578 11.81553469 9.45242775 7.089320812 4.726213875 2.363106937 0 
100.4659414 100.2492101 100.0324788 99.81574756 99.59901626 99.37949185 99.1096912 98.83989055 98.57008989 98.30028924 97.98655855 96.88208715 95.77761575 94.67314435 93.56867295 92.46420154 91.35973014 90.34158701 89.46078429 88.57998158 87.69917886 86.81837615 85.93757343 85.05677072 83.41536442 81.5711305 79.72689657 77.88266265 76.03842873 74.19419481 72.3555643 70.54036622 68.72516815 66.90997007 65.094772 63.27957392 61.46437585 59.39159908 57.0870015 54.78240391 52.47780633 50.17320874 47.86861116 45.56401357 43.31388964 41.07265937 38.8314291 36.59019883 34.34896856 32.10773829 29.86940712 27.63919343 25.40897973 23.17876604 20.94855235 18.71833866 16.48812497 14.17864162 11.81553469 9.45242775 7.089320812 4.726213875 2.363106937 0 
100.3560021 100.1392709 99.92253956 99.70580827 99.48907698 99.27234569 99.02628659 98.75648594 98.48668529 98.21688464 97.90315395 96.79868255 95.69421114 94.58973974 93.48526834 92.38079694 91.28809757 90.40729486 89.52649214 88.64568943 87.76488672 86.884084 86.00328129 85.12247857 83.48107227 81.63683835 79.79260443 77.94837051 76.10413658 74.25990266 72.41566874 70.58671684 68.77151877 66.95632069 65.14112262 63.32592454 61.51072647 59.4379497 57.13335212 54.82875453 52.52415695 50.21955936 47.91496178 45.64371541 43.40248514 41.16125487 38.9200246 36.67879433 34.43756406 32.19633378 29.95800261 27.72778892 25.49757523 23.26736154 21.03714785 18.80693416 16.54174856 14.17864162 11.81553469 9.45242775 7.089320812 4.726213875 2.363106937 0 
100.2460629 100.0293316 99.81260028 99.59586899 99.37913769 99.1624064 98.94288199 98.67308134 98.40328068 98.13348003 97.81974934 96.71527794 95.61080654 94.50633514 93.40186374 92.29739233 91.35380543 90.47300271 89.5922 88.71139728 87.83059457 86.94979185 86.06898914 85.18818642 83.54678012 81.7025462 79.85831228 78.01407836 76.16984444 74.32561051 72.48137659 70.63714267 68.81786939 67.00267131 65.18747324 63.37227516 61.55707709 59.48430032 57.17970274 54.87510515 52.57050757 50.26590998 47.97354118 45.73231091 43.49108064 41.24985037 39.0086201 36.76738982 34.52615955 32.28492928 30.04659811 27.81638442 25.58617073 23.35595704 21.12574335 18.89552966 16.54174856 14.17864162 11.81553469 9.45242775 7.089320812 4.726213875 2.363106937 0 
100.1361236 99.91939228 99.70266099 99.4859297 99.26919841 99.05246712 98.83573583 98.58967673 98.31987608 98.05007543 97.73634474 96.63187334 95.52740193 94.42293053 93.31845913 92.300316 91.41951328 90.53871057 89.65790785 88.77710514 87.89630242 87.01549971 86.13469699 85.25389428 83.61248798 81.76825406 79.92402013 78.07978621 76.23555229 74.39131837 72.54708445 70.70285052 68.86422001 67.04902194 65.23382386 63.41862579 61.60342771 59.53065095 57.22605336 54.92145578 52.61685819 50.31226061 48.06213668 45.82090641 43.57967613 41.33844586 39.09721559 36.85598532 34.61475505 32.37352478 30.13519361 27.90497992 25.67476623 23.44455254 21.21433885 18.9048555 16.54174856 14.17864162 11.81553469 9.45242775 7.089320812 4.726213875 2.363106937 0 
100.0261843 99.809453 99.59272171 99.37599042 99.15925912 98.94252783 98.72579654 98.50627213 98.23647147 97.96667082 97.65294013 96.54846873 95.44399733 94.33952593 93.24682656 92.36602385 91.48522113 90.60441842 89.7236157 88.84281299 87.96201027 87.08120756 86.20040484 85.31960213 83.67819583 81.83396191 79.98972799 78.14549406 76.30126014 74.45702622 72.6127923 70.76855838 68.92432445 67.09537256 65.28017448 63.46497641 61.64977833 59.57700157 57.27240398 54.9678064 52.66320881 50.39196245 48.15073217 45.9095019 43.66827163 41.42704136 39.18581109 36.94458082 34.70335055 32.46212028 30.22378911 27.99357542 25.76336173 23.53314804 21.26796244 18.9048555 16.54174856 14.17864162 11.81553469 9.45242775 7.089320812 4.726213875 2.363106937 0 
99.91624501 99.69951371 99.48278242 99.26605113 99.04931984 98.83258855 98.61585726 98.39912597 98.15306687 97.88326622 97.56953553 96.46506413 95.36059272 94.25612132 93.31253442 92.4317317 91.55092899 90.67012627 89.78932356 88.90852084 88.02771813 87.14691541 86.2661127 85.38530998 83.74390368 81.89966976 80.05543584 78.21120192 76.366968 74.52273407 72.67850015 70.83426623 68.99003231 67.14579839 65.3265251 63.51132703 61.69612895 59.62335219 57.3187546 55.01415702 52.72178821 50.48055794 48.23932767 45.9980974 43.75686713 41.51563686 39.27440659 37.03317632 34.79194605 32.55071578 30.31238461 28.08217091 25.85195722 23.62174353 21.26796244 18.9048555 16.54174856 14.17864162 11.81553469 9.45242775 7.089320812 4.726213875 2.363106937 0 
99.80630572 99.58957443 99.37284314 99.15611185 98.93938056 98.72264926 98.50591797 98.28918668 98.06966227 97.79986161 97.48613092 96.38165952 95.27718812 94.25904498 93.37824227 92.49743955 91.61663684 90.73583412 89.85503141 88.97422869 88.09342598 87.21262327 86.33182055 85.45101784 83.80961154 81.96537761 80.12114369 78.27690977 76.43267585 74.58844193 72.744208 70.89997408 69.05574016 67.21150624 65.37287573 63.55767765 61.74247958 59.66970281 57.36510523 55.06050764 52.81038371 50.56915344 48.32792317 46.0866929 43.84546263 41.60423236 39.36300209 37.12177182 34.88054154 32.63931127 30.4009801 28.17076641 25.94055272 23.63106937 21.26796244 18.9048555 16.54174856 14.17864162 11.81553469 9.45242775 7.089320812 4.726213875 2.363106937 0 
99.69636644 99.47963514 99.26290385 99.04617256 98.82944127 98.61270998 98.39597869 98.1792474 97.9625161 97.71645701 97.40272632 96.29825492 95.20555555 94.32475284 93.44395012 92.56314741 91.68234469 90.80154198 89.92073926 89.03993655 88.15913383 87.27833112 86.3975284 85.51672569 83.87531939 82.03108547 80.18685155 78.34261762 76.4983837 74.65414978 72.80991586 70.96568194 69.12144801 67.27721409 65.43298017 63.60402827 61.7888302 59.71605343 57.41145585 55.14020948 52.89897921 50.65774894 48.41651867 46.1752884 43.93405813 41.69282786 39.45159758 37.21036731 34.96913704 32.72790677 30.4895756 28.25936191 25.99417631 23.63106937 21.26796244 18.9048555 16.54174856 14.17864162 11.81553469 9.45242775 7.089320812 4.726213875 2.363106937 0 
99.58642715 99.36969586 99.15296457 98.93623328 98.71950199 98.50277069 98.2860394 98.06930811 97.85257682 97.6330524 97.31932171 96.21485031 95.2712634 94.39046069 93.50965797 92.62885526 91.74805254 90.86724983 89.98644712 89.1056444 88.22484169 87.34403897 86.46323626 85.58243354 83.94102724 82.09679332 80.2525594 78.40832548 76.56409155 74.71985763 72.87562371 71.03138979 69.18715587 67.34292194 65.49868802 63.6544541 61.83518082 59.76240405 57.47003525 55.22880498 52.98757471 50.74634444 48.50511417 46.26388389 44.02265362 41.78142335 39.54019308 37.29896281 35.05773254 32.81650227 30.5781711 28.34795741 25.99417631 23.63106937 21.26796244 18.9048555 16.54174856 14.17864162 11.81553469 9.45242775 7.089320812 4.726213875 2.363106937 0 
99.47648787 99.25975657 99.04302528 98.82629399 98.6095627 98.39283141 98.17610012 97.95936883 97.74263753 97.52590624 97.23591711 96.21777397 95.33697126 94.45616854 93.57536583 92.69456311 91.8137604 90.93295768 90.05215497 89.17135225 88.29054954 87.40974682 86.52894411 85.64814139 84.0067351 82.16250117 80.31826725 78.47403333 76.62979941 74.78556549 72.94133156 71.09709764 69.25286372 67.4086298 65.56439588 63.72016195 61.88153144 59.80875468 57.55863075 55.31740048 53.0761702 50.83493993 48.59370966 46.35247939 44.11124912 41.87001885 39.62878858 37.38755831 35.14632804 32.90509777 30.6667666 28.35728325 25.99417631 23.63106937 21.26796244 18.9048555 16.54174856 14.17864162 11.81553469 9.45242775 7.089320812 4.726213875 2.363106937 0 
99.36654858 99.14981729 98.933086 98.71635471 98.49962342 98.28289212 98.06616083 97.84942954 97.63269825 97.41596696 97.16428454 96.28348182 95.40267911 94.5218764 93.64107368 92.76027097 91.87946825 90.99866554 90.11786282 89.23706011 88.35625739 87.47545468 86.59465196 85.71384925 84.07244295 82.22820903 80.3839751 78.53974118 76.69550726 74.85127334 73.00703942 71.16280549 69.31857157 67.47433765 65.63010373 63.78586981 61.94163588 59.88845652 57.64722624 55.40599597 53.1647657 50.92353543 48.68230516 46.44107489 44.19984462 41.95861435 39.71738408 37.47615381 35.23492354 32.99369327 30.72039019 28.35728325 25.99417631 23.63106937 21.26796244 18.9048555 16.54174856 14.17864162 11.81553469 9.45242775 7.089320812 4.726213875 2.363106937 0 
