1.749302482 2.134287799 2.519273117 2.904258435 3.289243753 3.67422907 4.059214388 4.564966901 5.122476784 5.679986667 6.23749655 6.795006433 7.352516315 7.993347655 8.759161181 9.524974706 10.29078823 11.05660176 11.82241528 12.60820052 13.57373118 14.53926183 15.50479248 16.47032314 17.43585379 18.40138445 20.41381084 22.68796117 24.9621115 27.62723106 30.50287251 33.37851396 30.09067016 33.42616043 36.76165071 39.91831926 42.74289031 45.56746136 48.17156613 49.89380578 51.61604543 53.33828508 55.06052473 56.78276438 58.50500403 59.84094111 61.13395569 62.42697026 63.71998484 65.01299942 66.306014 67.29827671 68.09003817 68.88179964 69.67356111 70.46532257 71.25708404 71.90449217 72.21507583 72.5256595 72.83624317 73.14682683 73.4574105 73.76799417 
3.114796886 3.886339337 4.271324654 4.656309972 5.04129529 5.426280608 5.811265925 6.317018439 6.874528322 7.432038204 7.989548087 8.54705797 9.263418207 10.39411913 11.37514376 12.14095729 12.90677081 13.67258434 14.43839786 15.30705811 16.93558886 17.90111952 18.86665017 19.83218083 20.79771148 21.76324214 23.77566853 26.04981886 28.30444768 30.62293489 33.49857634 36.37421779 33.47625019 36.81174047 40.14723074 42.78445314 45.65684922 48.48142027 51.08552504 52.80776469 54.53000434 56.25224399 57.97448364 59.69672329 62.06961803 64.05038869 65.34340327 66.63641785 67.92943242 69.222447 70.51546158 71.50772429 72.29948576 73.09124722 73.88300869 74.67477015 75.61806929 77.02627252 77.79768274 78.10826641 78.41885008 78.72943374 79.04001741 79.35060108 
4.48029129 5.294784534 6.023376192 6.40836151 6.793346827 7.178332145 7.563317463 8.069069976 8.626579859 9.184089742 9.741599625 10.40500974 11.49202081 12.62272173 13.81895746 14.75693987 15.52275339 16.28856692 17.05438044 17.92304069 19.71732147 21.26297721 22.22850786 23.19403852 24.15956917 25.12509983 27.13752622 29.41167655 31.5784586 33.77325377 36.49428018 39.36992163 36.86183023 40.1973205 43.26146905 45.48319943 48.57080813 51.39537918 53.99948395 55.7217236 57.44396325 59.1662029 60.88844255 63.18000541 65.71556392 67.69633458 69.55285085 70.84586543 72.13888001 73.43189458 74.72490916 75.71717187 76.50893334 77.3006948 78.09245627 78.95998657 80.50943637 81.9176396 82.99626752 83.69087332 84.00145698 84.31204065 84.62262432 84.93320799 
5.845785694 6.660278938 7.474772181 8.160413047 8.545398365 8.930383683 9.315369 9.821121514 10.3786314 10.93614128 11.54660128 12.63361234 13.7206234 14.85132433 16.04756006 17.24379579 18.13873597 18.9045495 19.67036302 20.53902327 22.33330405 24.12758483 25.59036555 26.55589621 27.52142686 28.48695751 30.49938391 32.77353424 34.85246951 37.04726468 39.48998402 42.36562547 40.24741026 43.58290054 45.96021534 48.18194573 51.48476704 54.30933809 56.91344286 58.63568251 60.35792216 62.08016181 64.29039278 66.8259513 69.36150981 71.34228048 73.26140804 75.05531301 76.34832759 77.64134217 78.93435674 79.92661945 80.71838092 81.51014239 82.30190385 83.85135365 85.40080345 86.80900668 87.8876346 88.96626252 89.58406389 89.89464756 90.20523123 90.51581489 
7.211280098 8.025773342 8.840266586 9.654759829 10.2974499 10.68243522 11.06742054 11.57317305 12.13068293 12.68819282 13.77520388 14.86221494 15.949226 17.07992693 18.27616266 19.47239839 20.66863411 21.52053208 22.2863456 23.15500585 24.94928663 26.74356741 28.53784818 29.9177539 30.88328455 31.8488152 33.8612416 36.04754515 38.12648042 40.3212756 42.57845688 45.3613293 43.63299029 46.96848057 48.65896164 50.88069202 54.18351333 57.223297 59.82740177 61.54964142 63.27188107 65.40078016 67.93633867 70.47189719 73.0074557 74.98822637 76.90735393 78.8264815 80.55777517 81.85078975 83.14380433 84.13606704 84.9278285 85.71958997 87.19327093 88.74272073 90.29217053 91.70037377 92.77900169 93.8576296 94.93625752 95.47725447 95.78783813 96.0984218 
8.576774503 9.391267746 10.20576099 11.02025423 11.83474748 12.43448676 12.81947208 13.32522459 13.88273447 14.91679542 16.00380648 17.09081754 18.1778286 19.30852953 20.50476526 21.70100098 22.89723671 24.09347244 24.90232818 25.77098844 27.56526921 29.35954999 31.15383076 32.94811154 34.24514224 35.21067289 37.22309929 39.32155606 41.40049133 43.59528651 45.85246779 48.35703314 47.01857033 49.71810344 51.35770793 53.57943831 56.88225963 60.13725592 62.74136069 64.46360034 66.51116753 69.04672605 71.58228456 74.11784308 76.65340159 78.63417226 80.55329983 82.47242739 84.39155496 86.06023733 87.35325191 88.34551462 89.13727609 90.53518822 92.08463802 93.63408781 95.18353761 96.59174085 97.67036877 98.74899669 99.82762461 100.9062525 101.370445 101.6810287 
9.942268907 10.75676215 11.57125539 12.38574864 13.20024188 14.01473512 14.57152361 15.07727613 16.05838695 17.14539801 18.23240908 19.31942014 20.4064312 21.53713213 22.73336786 23.92960358 25.12583931 26.32207504 27.51831077 28.38697102 30.18125179 31.97553257 33.76981334 35.56409412 37.35837489 38.57253058 40.51663171 42.59556697 44.67450224 46.86929742 49.1264787 51.38365998 50.40415036 52.41684973 54.05645422 56.27818461 59.58100592 62.88382724 65.6553196 67.62155491 70.15711342 72.69267194 75.22823045 77.76378897 80.29934749 82.28011815 84.19924572 86.11837328 88.03750085 89.95662842 91.56269949 92.5549622 93.8771055 95.4265553 96.9760051 98.5254549 100.0749047 101.4831079 102.5617358 103.6403638 104.7189917 105.7976196 106.8762475 107.2636356 
11.30776331 12.12225655 12.9367498 13.75124304 14.56573629 15.38022953 16.19472277 17.19997849 18.28698955 19.37400061 20.46101168 21.54802274 22.6350338 23.76573473 24.96197046 26.15820618 27.35444191 28.55067764 29.74691336 31.0029536 32.79723437 34.59151515 36.38579592 38.1800767 39.97435747 41.76863825 43.79064262 45.86957789 47.94851315 50.14330833 52.40048961 54.65767089 53.47599153 55.11559602 56.75520052 58.9769309 62.27975221 65.58257353 68.73194228 71.2675008 73.80305931 76.33861783 78.87417635 81.40973486 83.94529338 85.92606404 87.84519161 89.76431917 91.68344674 93.60257431 95.52170188 97.21902278 98.76847258 100.3179224 101.8673722 103.416822 104.9662718 106.374475 107.4531029 108.5317308 109.6103588 110.6889867 111.7676146 112.8462425 
12.39283191 13.20732515 14.0218184 14.83631164 15.65080488 16.46529813 17.26578998 18.0443562 19.13136726 20.21837832 21.30538938 22.39240045 23.47941151 24.46247463 25.64025563 26.83649135 28.03272708 29.22896281 30.42519854 31.68123877 33.47551954 35.26980032 37.06408109 38.85836187 40.65264265 42.47848032 44.25558108 46.33451634 48.41345161 50.60824679 52.86542807 55.12260935 54.17118782 55.81079231 57.45039681 59.54532814 62.84814945 66.15097077 69.50364585 72.19013909 74.7256976 77.26125612 79.79681463 82.33237315 84.86793167 86.84870233 88.7678299 90.68695746 92.60608503 94.5252126 96.49580002 98.95760725 100.5070571 102.0565069 103.6059566 105.1554064 106.7048562 108.1130595 109.1916874 110.2703153 111.3489432 112.4275712 113.5061991 114.9966875 
13.47790051 14.29239375 15.106887 15.92138024 16.73587348 17.55036673 18.3088544 18.97703911 19.97574497 21.06275603 22.14976709 23.23677816 24.32378922 25.30685234 26.3185408 27.51477653 28.71101225 29.90724798 31.10348371 32.35952394 34.15380472 35.94808549 37.74236627 39.53664704 41.33092782 43.2135679 44.72051953 46.7994548 48.87839007 51.07318525 53.33036653 55.58754781 54.86638411 56.50598861 58.1455931 60.11372537 63.41654669 66.719368 70.15460164 73.11277738 75.64833589 78.18389441 80.71945292 83.25501144 85.79056995 87.77134062 89.69046818 91.60959575 93.52872332 95.44785089 97.88157696 100.4609867 102.2456415 103.7950913 105.3445411 106.8939909 108.4434407 109.851644 110.9302719 112.0088998 113.0875277 114.1661556 115.2447835 117.1471326 
14.56296911 15.37746235 16.1919556 17.00644884 17.82094208 18.6307682 19.35191883 20.02010354 20.82012268 21.90713374 22.9941448 24.08115587 25.16816693 26.15123005 26.99682597 28.1930617 29.38929743 30.58553315 31.78176888 33.03780911 34.83208989 36.62637066 38.42065144 40.21493221 42.02814713 43.94865549 45.18545799 47.26439326 49.34332853 51.5381237 53.79530498 55.8833285 55.56158041 57.2011849 58.8407894 60.68212261 63.98494392 67.28776524 70.80555744 73.94485483 76.57097418 79.1065327 81.64209121 84.17764973 86.71320824 88.6939789 90.61310647 92.53223404 94.45136161 96.37048918 99.26735391 101.8467637 103.984226 105.5336758 107.0831256 108.6325754 110.1820252 111.5902284 112.6688563 113.7474843 114.8261122 115.9047401 117.303704 119.2975776 
15.64803771 16.46253095 17.27702419 18.09151744 18.90601068 19.67383262 20.39498325 21.06316796 21.70865299 22.75151145 23.83852251 24.92553358 26.01254464 26.99560775 27.82274896 28.87134687 30.0675826 31.26381833 32.46005405 33.71609429 35.51037506 37.30465584 39.09893661 40.89321739 42.76323471 44.68374307 45.77046273 47.72933171 49.80826698 52.00306216 54.26024344 56.13077841 56.2567767 57.89638119 59.43579878 61.25051985 64.55334116 67.89285517 71.45651323 74.59581062 77.49361247 80.02917098 82.5647295 85.10028801 87.63584653 89.61661719 91.53574476 93.45487233 95.3739999 97.70480627 100.6531309 103.2325406 105.5660071 107.2722603 108.8217101 110.3711599 111.9206097 113.3288129 114.4074408 115.4860687 116.5646966 117.6433246 119.454149 121.4480226 
16.73310631 17.54759955 18.36209279 19.17658604 19.99107928 20.71689704 21.43804767 22.10623239 22.75171742 23.59588916 24.68290022 25.76991128 26.85692235 27.83998546 28.66712666 29.54963204 30.74586777 31.9421035 33.13833923 34.39437946 36.18866023 37.98294101 39.77722178 41.57781394 43.4983223 45.41883066 46.50555031 48.19427017 50.27320544 52.46800062 54.7251819 56.37822832 56.95197299 58.59157749 60.00419602 61.81891708 65.1217384 68.54381096 72.10746902 75.24676642 78.38606381 80.95180927 83.48736779 86.0229263 88.55848482 90.53925548 92.45838305 94.37751062 96.29663818 99.09058321 102.0389078 104.6183175 106.9517841 109.0108447 110.5602945 112.1097443 113.6591941 115.0673974 116.1460253 117.2246532 118.3032811 119.6107205 121.604594 123.5984676 
17.81817491 18.63266815 19.44716139 20.26165464 21.03881084 21.75996147 22.4811121 23.14929681 23.79478184 24.44026687 25.52727793 26.61428899 27.70130006 28.68436317 29.51150437 30.33864557 31.42415294 32.62038867 33.8166244 35.07266463 36.86694541 38.66122618 40.45550696 42.31290152 44.23340988 46.15391824 47.2406379 48.65920863 50.7381439 52.93293907 55.19012035 56.62567823 57.64716929 59.28677378 60.57259325 62.38731432 65.69013563 69.19476675 72.75842482 75.89772221 79.03701961 81.87444756 84.41000608 86.94556459 89.48112311 91.46189377 93.38102134 95.3001489 97.52803558 100.4763602 103.4246847 106.0040945 108.337561 110.6710275 112.298879 113.8483288 115.3977786 116.8059818 117.8846098 118.9632377 120.0418656 121.7611655 123.755039 125.7489126 
18.9032435 19.71773675 20.53222999 21.34672324 22.08187526 22.80302589 23.52417652 24.19236123 24.83784626 25.48333129 26.37165564 27.4586667 28.54567777 29.52874088 30.35588208 31.18302328 32.10243812 33.29867384 34.49490957 35.7509498 37.54523058 39.33951135 41.13379213 43.04798911 44.96849747 46.88900583 47.97572548 49.12414709 51.20308235 53.39787753 55.58256263 56.87312813 58.34236558 59.98197007 61.14099049 62.95571155 66.25853287 69.84572254 73.40938061 76.548678 79.6879754 82.79708585 85.33264436 87.86820288 90.4037614 92.38453206 94.30365963 96.22278719 98.91381252 101.8621371 104.8104617 107.3898714 109.723338 112.0568045 114.0374635 115.5869133 117.1363631 118.5445663 119.6231942 120.7018221 121.9177369 123.9116105 125.905484 127.8993576 
19.9883121 20.80280535 21.61729859 22.40378905 23.12493968 23.84609031 24.56724095 25.23542566 25.88091069 26.52639572 27.21603335 28.30304441 29.39005547 30.37311859 31.20025979 32.02740099 32.85454219 33.97695902 35.17319474 36.42923498 38.22351575 40.01779653 41.86256833 43.78307669 45.70358505 47.62409341 48.71081307 49.58908554 51.66802081 53.86281599 55.83001254 57.12057804 59.03756187 60.67716637 61.70938773 63.52410879 66.82693011 70.49667834 74.0603364 77.1996338 80.33893119 83.47822859 86.25528265 88.79084117 91.32639968 93.30717035 95.22629791 97.35126488 100.2995895 103.2479141 106.1962386 108.7756484 111.1091149 113.4425814 115.7760479 117.3254977 118.8749475 120.2831508 121.3617787 122.4404066 124.0681819 126.0620555 128.0559291 130.0498026 
21.0733807 21.88787395 22.70236719 23.44685347 24.16800411 24.88915474 25.61030537 26.27849008 26.92397511 27.56946014 28.21494517 29.14742212 30.23443318 31.2174963 32.0446375 32.8717787 33.6989199 34.65524419 35.85147992 37.10752015 38.90180092 40.6960817 42.59765592 44.51816428 46.43867264 48.359181 49.44590065 50.32417313 52.13295927 54.32775444 56.07746244 57.36802795 59.73275817 61.26434865 62.27778496 64.09250603 67.4778859 71.14763413 74.71129219 77.85058959 80.98988698 84.12918438 87.17792094 89.71347946 92.24903797 94.22980863 96.1489362 98.73704183 101.6853664 104.633691 107.5820156 110.1614253 112.4948918 114.8283584 117.1618249 119.0640822 120.613532 122.0217352 123.1003632 124.2247534 126.2186269 128.2125005 130.2063741 132.2002476 
22.1584493 22.97294255 23.76876727 24.4899179 25.21106853 25.93221916 26.65336979 27.3215545 27.96703953 28.61252456 29.25800959 29.99179983 31.07881089 32.06187401 32.88901521 33.71615641 34.54329761 35.37043881 36.52976509 37.78580532 39.5800861 41.41223515 43.33274351 45.25325186 47.17376022 49.09426858 50.18098824 51.05926071 52.59789773 54.7926929 56.32491235 57.61547786 60.42795446 61.83274589 62.8461822 64.66090326 68.12884169 71.79858992 75.36224799 78.50154538 81.64084278 84.78014017 87.91943757 90.63611774 93.17167626 95.15244692 97.17449419 100.1228188 103.0711434 106.0194679 108.9677925 111.5472023 113.8806688 116.2141353 118.5476018 120.8026667 122.3521165 123.7603197 124.8389476 126.3751984 128.3690719 130.3629455 132.3568191 134.3506926 
23.2435179 24.05801114 24.81183169 25.53298232 26.25413295 26.97528359 27.69643422 28.36461893 29.01010396 29.65558899 30.30107402 30.94655905 31.9231886 32.90625172 33.73339292 34.56053412 35.38767532 36.21481652 37.20805026 38.46409049 40.25837127 42.14732273 44.06783109 45.98833945 47.90884781 49.82935617 50.91607582 51.7943483 53.06283618 55.25763136 56.57236226 57.86292776 61.12315075 62.40114312 63.41457944 65.2293005 68.77979748 72.44954571 76.01320378 79.15250117 82.29179857 85.43109596 88.57039336 91.55875603 94.09431455 96.07508521 98.56027114 101.5085957 104.4569203 107.4052449 110.3535695 112.9329792 115.2664457 117.5999123 119.9333788 122.2668453 124.090701 125.4989042 126.5775321 128.5256434 130.519517 132.5133905 134.5072641 136.5011377 
24.3285865 25.13374548 25.85489611 26.57604675 27.29719738 28.01834801 28.73949864 29.40768335 30.05316838 30.69865341 31.34413844 31.98962347 32.76756631 33.75062943 34.57777063 35.40491183 36.23205303 37.05919423 37.88633543 39.14237566 40.96190196 42.88241032 44.80291868 46.72342704 48.64393539 50.56444375 51.65116341 52.52943588 53.52777464 55.52924666 56.81981217 58.11037767 61.81834705 62.96954036 63.98297667 65.79769774 69.43075328 73.10050151 76.66415957 79.80345697 82.94275436 86.08205176 89.22134915 92.36064655 95.01695284 96.9977235 99.94604808 102.8943727 105.8426972 108.7910218 111.7393464 114.3187562 116.6522227 118.9856892 121.3191557 123.6526222 125.8292854 127.2374887 128.6822148 130.6760884 132.669962 134.6638355 136.6577091 138.6515827 
25.4136551 26.17680991 26.89796054 27.61911117 28.3402618 29.06141243 29.78256306 30.45074778 31.09623281 31.74171784 32.38720287 33.0326879 33.67817293 34.59500714 35.42214834 36.24928954 37.07643074 37.90357194 38.73071314 39.82066084 41.69698954 43.6174979 45.53800626 47.45851462 49.37902298 51.29953134 52.38625099 53.26452347 54.14279595 55.77669657 57.06726207 58.35782758 62.51354334 63.5379376 64.55137391 66.41196084 70.08170907 73.7514573 77.31511536 80.45441276 83.59371015 86.73300755 89.87230494 93.01160234 95.93959113 98.38350044 101.331825 104.2801496 107.2284742 110.1767988 113.1251234 115.7045331 118.0379996 120.3714661 122.7049327 125.0383992 127.3718657 128.9760731 130.8326598 132.8265334 134.820407 136.8142806 138.8081541 140.8020277 
26.4987237 27.21987433 27.94102496 28.66217559 29.38332623 30.10447686 30.82562749 31.4938122 32.13929723 32.78478226 33.43026729 34.07575232 34.72123735 35.43938485 36.26652605 37.09366725 37.92080845 38.74794965 39.57509085 40.51156877 42.43207713 44.35258549 46.27309385 48.19360221 50.11411057 52.03461892 53.12133858 53.99961105 54.87788353 56.02414648 57.31471198 58.60527749 63.09289852 64.10633483 65.11977115 67.06291663 70.73266486 74.40241309 77.96607116 81.10536855 84.24466595 87.38396334 90.52326074 93.66255813 96.80185553 99.76927739 102.717602 105.6659266 108.6142511 111.5625757 114.5109003 117.0903101 119.4237766 121.7572431 124.0907096 126.4241761 128.7576427 130.9892313 132.9831049 134.9769784 136.970852 138.9647256 140.9585991 142.9524727 
27.62838818 28.50660809 29.22775873 29.94890936 30.67005999 31.39121062 32.11236125 32.78054596 33.42603099 34.07151602 34.71700105 35.36248608 35.99933787 36.70021888 37.52736008 38.35450128 39.18164248 40.00878368 40.83592488 41.67420485 43.4999887 45.42049705 47.34100541 49.26151377 51.18202213 53.10253049 54.18925015 55.06752262 56.12559459 57.57647544 58.86704095 60.15760645 65.28222439 66.08649405 67.09993037 68.03005798 71.41037253 75.08012076 78.64377882 81.78307622 84.92237361 88.06167101 91.2009684 94.3402658 97.40660817 99.39659853 102.3449231 105.2932477 108.2415723 111.1898969 114.1382214 116.694133 119.0158504 121.3493169 123.6827834 126.0162499 128.3497164 130.5813051 132.5751786 134.5690522 136.5629258 138.5567994 140.5506729 143.2608694 
28.75805267 29.65372472 30.51449249 31.23564312 31.95679375 32.67794439 33.39909502 34.06727973 34.71276476 35.35824979 36.00373482 36.64346435 37.2601719 37.96105291 38.78819411 39.61533531 40.44247651 41.26961771 42.01040153 42.8486815 44.65078421 46.48840862 48.40891698 50.32942534 52.2499337 54.17044206 55.25716171 56.13543419 58.00260388 59.30918236 60.41936991 61.70993542 67.64744041 68.06665327 69.08008959 70.0102172 72.0880802 75.75782843 79.32148649 82.46078389 85.60008128 88.73937868 91.87867607 94.95413782 98.00224144 99.9922318 101.9722442 104.9205688 107.8688934 110.817218 113.7655426 116.3214541 118.6157569 120.9413907 123.2748572 125.6083237 127.9417902 130.1733789 132.1672524 134.161126 136.1549996 138.1488731 140.7794782 143.5692661 
29.88771716 30.78338921 31.67906126 32.52237689 33.24352752 33.96467815 34.68582878 35.35401349 35.99949852 36.64498355 37.28759083 37.90429838 38.52100593 39.22188694 40.04902814 40.87616934 41.70331054 42.45368962 43.18487818 44.02315815 45.82526086 47.62736358 49.47682855 51.39733691 53.31784527 55.23835363 56.32507328 57.20334576 59.87961317 61.18619165 61.97169887 63.26226438 70.01265642 70.07533522 71.06024881 71.99037642 72.76578786 76.43553609 79.99919416 83.13849155 86.27778895 89.41708634 92.50166747 95.54977109 98.59787471 100.5878651 102.4602873 104.54789 107.4962146 110.4445391 113.3928637 115.9487752 118.243078 120.5373808 122.866931 125.2003975 127.533864 129.7654527 131.7593262 133.7531998 135.7470734 138.298087 141.0878749 143.8776628 
31.01738164 31.9130537 32.80872575 33.7043978 34.53026128 35.25141191 35.97256255 36.64074726 37.28623229 37.93171732 38.54842486 39.16513241 39.78183996 40.48272096 41.30986216 42.13700337 42.89697771 43.62816627 44.35935483 45.1976348 46.99973751 48.80184023 50.60394294 52.46524848 54.38575684 56.3062652 57.39298485 59.08035505 61.75662245 63.06320094 63.63225461 64.81459334 72.37787244 72.44055123 73.04040802 73.97053564 74.74594708 77.11324376 80.67690183 83.81619922 86.95549662 90.04919712 93.09730074 96.14540436 99.19350798 101.1834983 103.0559206 104.9283428 107.1235357 110.0718603 113.0201849 115.5760964 117.8703992 120.164702 122.4590048 124.7924713 127.1259378 129.3575265 131.3514 133.3452736 135.8166958 138.6064837 141.3962716 144.1860596 
32.14704613 33.04271818 33.93839023 34.83406229 35.72973434 36.53814568 37.25929631 37.92748102 38.57296605 39.19255135 39.80925889 40.42596644 41.04267399 41.74355499 42.57069619 43.34026581 44.07145436 44.80264292 45.53383147 46.37211144 48.17421416 49.97631687 51.77841959 53.5805223 55.45366841 57.37417677 58.46089642 60.95736433 63.63363174 64.94021022 65.5092639 66.36692231 74.74308845 74.80576725 75.02056724 75.95069485 76.7261063 77.79095143 81.35460949 84.49390689 87.59672677 90.64483039 93.69293401 96.74103763 99.78914126 101.7791316 103.6515538 105.523976 107.3963982 109.6991814 112.647506 115.2034175 117.4977203 119.7920231 122.0863259 124.3845451 126.7180116 128.9496002 130.9434738 133.3353046 136.1250925 138.9148804 141.7046683 144.4944563 
33.27671062 34.17238267 35.06805472 35.96372677 36.85939882 37.75507087 38.54603007 39.21421479 39.83667783 40.45338537 41.07009292 41.68680047 42.30350801 43.00438902 43.7835539 44.51474246 45.24593101 45.97711957 46.70830812 47.54658809 49.34869081 51.15079352 52.95289624 54.75499895 56.55710167 58.44208833 60.15810621 62.83437362 65.51064103 66.81721951 67.38627319 67.95532686 77.10830447 77.17098326 77.23366206 77.93085407 78.70626552 79.48167697 82.03231716 85.14425642 88.19236004 91.24046366 94.28856728 97.3366709 100.3847745 102.3747649 104.2471871 106.1196093 107.9920315 109.8644537 112.2748271 114.8307386 117.1250414 119.4193442 121.713647 124.0079498 126.3100854 128.541674 130.8539133 133.6437013 136.4334892 139.2232771 142.0130651 144.802853 
34.4063751 35.30204715 36.19771921 37.09339126 37.98906331 38.88473536 39.78040741 40.48080431 41.09751186 41.7142194 42.33092695 42.9476345 43.56434204 44.22684199 44.95803055 45.6892191 46.42040766 47.15159621 47.88278477 48.72106474 50.52316746 52.32527017 54.12737289 55.9294756 57.73157832 59.53368103 62.0351155 64.71138291 67.38765031 68.6942288 69.26328247 69.83233615 79.47352048 79.53619928 79.59887807 79.91101329 80.68642474 81.46183619 82.69178607 85.73988969 88.78799331 91.83609693 94.88420055 97.93230418 100.9804078 102.9703981 104.8428204 106.7152426 108.5876648 110.460087 112.3325092 114.4580598 116.7523626 119.0466654 121.3409682 123.635271 125.9295738 128.3725221 131.1623101 133.952098 136.7418859 139.5316738 142.3214618 145.1112497 
32.83294174 33.7286138 34.62428585 35.5199579 36.41562995 37.311302 38.48318186 39.29230222 39.90061536 40.51732291 41.13403045 41.750738 42.36744555 43.0299455 43.76113405 44.49232261 45.22351116 45.95469972 46.68588827 48.02836814 50.68566459 52.4877673 54.28987002 56.09197273 57.89407545 59.69617816 62.19761263 64.87388004 67.47888214 68.23815118 68.80720486 69.37625853 78.81654632 78.91779005 78.98046884 79.29260407 80.06801552 80.84342696 82.34721788 86.24576217 89.29386579 92.34196941 95.39007303 98.43817665 101.4862803 103.4762706 105.3486928 107.2211151 109.0935373 110.9659595 112.8887184 115.0545384 117.3488412 119.643144 121.9374468 124.2317496 126.7137865 129.7137358 132.3033868 135.0931747 137.8829627 140.6727506 143.4625385 146.2523265 
31.25950839 32.15518044 33.05085249 33.94652454 34.84219659 35.96804181 37.3240602 38.13318057 38.70791607 39.32042641 39.93713396 40.5538415 41.17054905 41.833049 42.56423755 43.29542611 44.02661466 44.75780322 45.88629245 47.22877231 50.0998672 52.65026443 54.45236715 56.25446986 58.05657258 59.85867529 62.36010976 65.03637717 67.32068541 67.94756294 68.35112724 68.92018092 78.12714256 78.29938082 78.36205962 78.67419484 79.44960629 80.23187507 81.75966665 86.0226855 89.79973826 92.84784188 95.8959455 98.94404912 101.9921527 103.9821431 105.8545653 107.7269875 109.5994097 111.5121014 113.4851971 115.651017 117.9453198 120.2396226 122.5339254 124.9220953 128.1550686 131.1550179 133.6112443 136.2342515 139.0240394 141.8138273 144.6036153 147.3934032 
29.68607503 30.58174708 31.47741913 32.37309118 33.45290177 34.80892016 36.16493854 36.97405891 37.54879441 38.12352991 38.74023746 39.356945 39.97365255 40.6361525 41.36734106 42.09852961 42.82971817 43.91406288 45.08669663 46.42917649 49.30027138 52.17136626 54.61486428 56.41696699 58.21906971 60.02117242 62.52260689 65.1988743 67.16248867 67.78936621 67.89504962 68.4641033 77.4377388 77.67571274 77.74365039 78.05578562 78.83119706 79.64432384 81.17211542 85.43513427 89.69815312 93.35371436 96.40181798 99.4499216 102.4980252 104.4880156 106.3604378 108.23286 110.1354843 112.10858 114.0816757 116.2474957 118.5417985 120.8361013 123.1304041 126.3633774 129.5963508 132.5963 135.0525264 137.5087528 140.1651162 142.9549041 145.744692 148.53448 
28.11264167 29.00831372 29.90398577 30.93776172 32.29378011 33.6497985 35.00581689 35.81493725 36.38967275 36.96440826 37.54334096 38.16004851 38.77675605 39.439256 40.17044456 40.90163311 41.94183331 43.11446706 44.28710081 45.62958067 48.50067555 51.37177044 54.24286532 56.57946412 58.38156684 60.18366955 62.68510402 65.04067756 67.00429194 67.63116947 67.53826563 68.00802568 76.74833504 76.98630898 77.12524117 77.43737639 78.21278784 79.0567726 80.58456418 84.84758303 89.11060189 93.37362074 96.90769045 99.95579407 103.0038977 104.993888 106.8663103 108.7588672 110.7319629 112.7050586 114.6781543 116.8439743 119.1382771 121.4325799 124.5716862 127.8046595 131.0376329 134.0375822 136.4938086 138.950035 141.4062614 144.0959808 146.8857688 149.6755567 
26.53920831 27.43488036 28.42262168 29.77864007 31.13465845 32.49067684 33.84669523 34.6558156 35.2305511 35.8052866 36.3800221 36.96315201 37.57985956 38.24235951 38.97354806 39.96960373 41.14223748 42.31487123 43.48750498 44.82998485 47.70107973 50.57217462 53.4432695 56.31436438 58.54406397 60.34616668 62.84760115 64.88248083 66.8460952 67.47297274 67.3800689 67.55194806 76.05893127 76.29690522 76.50683194 76.81896716 77.6252366 78.46922137 79.99701295 84.2600318 88.52305065 92.78606951 97.04908836 100.4616665 103.5097702 105.4997605 107.3822501 109.3553458 111.3284415 113.3015372 115.2746329 117.4404529 119.7347557 122.779995 126.0129683 129.2459417 132.478915 135.4788643 137.9350907 140.3913171 142.8475435 145.3037699 148.0268455 150.8166334 
24.96577495 25.90748164 27.26350002 28.61951841 29.9755368 31.33155519 32.68757357 33.49669394 34.07142944 34.64616494 35.22090044 35.79563594 36.38296306 37.04546301 37.99737416 39.17000791 40.34264166 41.51527541 42.68790916 44.03038903 46.90148391 49.77257879 52.64367368 55.51476856 58.38586344 60.50866381 62.76066972 64.72428409 66.68789847 67.314776 67.22187216 67.12896832 75.36952751 75.60750146 75.8454754 76.20055794 77.03768537 77.88167013 79.40946171 83.67248057 87.93549942 92.19851827 96.46153712 100.724556 104.0156426 106.005633 107.9787287 109.9518244 111.9249201 113.8980159 115.8711116 118.0369315 120.9883037 124.2212771 127.4542504 130.6872238 133.9201971 136.9201464 139.3763728 141.8325992 144.2888256 146.745052 149.2012784 151.9577102 
23.39234159 24.74835998 26.10437837 27.46039675 28.81641514 30.17243353 31.52845192 32.33757228 32.91230779 33.48704329 34.06177879 34.63651429 35.21124979 36.02514459 37.19777834 38.37041209 39.54304584 40.71567959 41.88831334 43.2307932 46.10188809 48.97298297 51.84407786 54.71517274 57.58626762 60.45736251 62.60247298 64.56608736 66.52970173 67.15657927 67.06367543 66.97077159 74.68012375 74.9180977 75.15607164 75.60614937 76.45013413 77.2941189 78.82191048 83.08492933 87.34794818 91.61096704 95.87398589 100.1370047 104.4000236 106.6021116 108.5752073 110.548303 112.5213988 114.4944945 116.4675902 119.1966125 122.4295858 125.6625592 128.8955326 132.1285059 135.3614793 138.3614285 140.8176549 143.2738813 145.7301077 148.1863341 150.6425605 153.0987869 
23.37340933 24.69169717 26.04771555 27.40373394 28.75975233 30.11577072 31.4717891 32.3781812 32.95291671 33.52765221 34.10238771 34.67712321 35.25185871 36.06575351 37.23838726 38.41102101 39.58365476 40.75628851 41.92892226 43.27567844 46.14677332 49.01786821 51.88896309 54.76005797 57.63115286 60.57564895 62.54549784 64.50911222 66.47272659 67.09960413 67.00670028 66.91379644 74.37620091 74.61417485 74.8521488 75.89731527 76.74130003 77.5852848 79.11307638 83.37609523 87.63911408 91.90213294 96.16515179 100.4281706 104.4390333 106.8323514 108.8054472 110.7785429 112.7516386 114.7247343 116.69783 119.1166183 122.3495916 125.582565 128.8155384 132.0485117 135.2814851 138.2814343 140.7376607 143.1938871 145.6501135 148.1063399 150.5625663 153.0908966 
23.35447707 24.63503435 25.99105274 27.34707113 28.70308952 30.0591079 31.41512629 32.37555824 32.99352563 33.56826113 34.14299663 34.71773213 35.29246763 36.10636243 37.27899618 38.45162993 39.62426368 40.79689743 41.96953118 43.32056367 46.19165856 49.06275344 51.93384833 54.80494321 57.67603809 60.75265635 62.4885227 64.45213707 66.41575145 67.04262898 66.94972514 66.8568213 74.07227806 74.31025201 74.54822595 76.12511508 77.03246593 77.8764507 79.40424228 83.66726113 87.93027998 92.19329884 96.45631769 100.7193365 104.4059984 107.0625913 109.035687 111.0087827 112.9818784 114.9549741 116.9280698 119.2434468 122.2695975 125.5025708 128.7355442 131.9685175 135.2014909 138.2014401 140.6576665 143.1138929 145.5701193 148.0263457 150.4825721 153.0830062 
23.33554482 24.60771753 25.93438993 27.29040832 28.6464267 30.00244509 31.35846348 32.31889543 33.03413455 33.60887005 34.18360555 34.75834105 35.33307655 36.14697135 37.3196051 38.49223885 39.6648726 40.83750635 42.01441642 43.36544891 46.23654379 49.10763868 51.97873356 54.84982844 57.76496405 60.92966376 62.43154755 64.39516193 66.3587763 66.98565384 66.89275 66.82559906 73.76835522 74.00632916 74.24430311 76.27370727 77.32363183 78.1676166 79.69540818 83.95842703 88.22144588 92.48446474 96.74748359 100.8303909 104.3729635 107.0295564 109.2659268 111.2390225 113.2121182 115.1852139 117.1583096 119.4736866 122.1896033 125.4225766 128.65555 131.8885233 135.1214967 138.1214459 140.5776723 143.0338987 145.4901251 147.9463515 150.4586587 153.0751159 
23.31661256 24.58878527 25.87772712 27.2337455 28.58976389 29.94578228 31.30180067 32.26223262 33.05312752 33.64947897 34.22421447 34.79894997 35.37368547 36.18758027 37.36021402 38.53284777 39.70548152 40.87811527 42.05930165 43.41033414 46.28142903 49.15252391 52.02361879 54.89471368 57.94197145 61.10667116 62.47856465 64.33818679 66.30180116 66.9286787 66.83577486 66.80173478 73.46443238 73.70240632 74.29792301 76.42229946 77.61479773 78.4587825 79.98657408 84.24959293 88.51261178 92.77563064 97.03864949 100.797356 104.3399287 106.9965215 109.4961666 111.4692623 113.442358 115.4154537 117.3885495 119.7039264 122.2474908 125.3425824 128.5755558 131.8085291 135.0415025 138.0414517 140.4976781 142.9539045 145.4101309 147.8663574 150.4507684 153.0672255 
23.2976803 24.56985301 25.84202572 27.17708269 28.53310108 29.88911947 31.24513785 32.20556981 32.99646471 33.69008789 34.26482339 34.83955889 35.41429439 36.22818919 37.40082294 38.57345669 39.74609044 40.92205021 42.10418689 43.45521938 46.32631426 49.19740915 52.06850403 54.95427915 58.11897886 61.28367856 62.65557206 64.28121164 66.24482602 66.87170355 66.77879971 66.77787051 73.16050953 73.39848348 74.4465152 76.57089166 77.90596363 78.7499484 80.27773998 84.54075883 88.80377768 93.06679654 97.22174846 100.7643211 104.3068938 106.9634866 109.5216372 111.6995021 113.6725978 115.6456936 117.6187893 119.9341662 122.4777307 125.2625882 128.4955616 131.7285349 134.9615083 137.9614575 140.417684 142.8739104 145.3301368 147.8264208 150.442878 153.0593352 
23.27874804 24.55092075 25.82309346 27.12041988 28.47643827 29.83245665 31.18847504 32.14890699 32.9398019 33.73069681 34.30543231 34.88016781 35.45490331 36.26879811 37.44143186 38.61406561 39.78669936 40.96693545 42.14907212 43.50010461 46.3711995 49.24229438 52.11338926 55.13128656 58.29598626 61.46068597 62.83257946 64.2242365 66.18785088 66.81472841 66.72182457 66.75400623 72.85658669 73.09456063 74.59510739 76.71948385 78.19712953 79.0411143 80.56890588 84.83192473 89.09494358 93.35796244 97.18871357 100.7312862 104.2738589 106.9304517 109.4886023 111.929742 113.9028377 115.8759334 117.8490291 120.164406 122.7079705 125.2515349 128.4155674 131.6485407 134.8815141 137.8814634 140.3376898 142.7939162 145.2501426 147.8185305 150.4349877 153.0514448 
23.25981578 24.53198849 25.80416121 27.07633392 28.41977545 29.77579384 31.13181223 32.09224418 32.88313909 33.67403399 34.34604123 34.92077673 35.49551223 36.30940703 37.48204078 38.65467453 39.82968401 41.01182068 42.19395735 43.54498985 46.41608473 49.28717962 52.1582745 55.30829396 58.47299367 61.63769337 63.00958687 64.16726136 66.13087573 66.75775327 66.67588638 66.73014196 72.55266384 72.79063779 74.74369959 76.86807604 78.34572173 79.3322802 80.86007178 85.12309063 89.38610948 93.61310603 97.15567868 100.6982513 104.240824 106.8974168 109.4555674 112.013718 114.1330775 116.1061732 118.0792689 120.3946459 122.9382103 125.4817747 128.3355732 131.5685465 134.8015199 137.8014692 140.2576956 142.713922 145.194183 147.8106401 150.4270973 153.0435545 
23.24088352 24.51305624 25.78522895 27.05740166 28.36311264 29.71913103 31.07514942 32.03558137 32.82647627 33.61737118 34.38665015 34.96138565 35.53612115 36.35001595 37.5226497 38.69528345 39.87456925 41.05670592 42.23884259 43.58987508 46.46096997 49.33206485 52.32060166 55.48530137 58.65000107 61.81470078 63.18659427 64.11028621 66.07390059 66.70077812 66.65202211 66.70627768 72.248741 72.48671494 74.89229178 77.01666823 78.49431392 79.6234461 81.15123768 85.41425653 89.67727538 93.58007114 97.12264379 100.6652164 104.2077891 106.8643819 109.4225325 111.9806832 114.3633173 116.336413 118.3095087 120.6248857 123.1684501 125.7120145 128.255579 131.4885523 134.7215257 137.721475 140.1777014 142.6339278 145.1862926 147.8027498 150.419207 153.0356641 
23.22195127 24.49412398 25.76629669 27.0384694 28.31064211 29.66246822 31.0184866 31.97891855 32.76981346 33.56070837 34.35160327 35.00199457 35.57673007 36.39062487 37.56325862 38.73731781 39.91945448 41.10159115 42.28372782 43.63476032 46.5058552 49.37695008 52.49760907 55.66230877 58.82700848 61.99170818 63.36360168 64.28729362 66.01692545 66.64380298 66.62815783 66.68241341 71.94481816 72.56826787 75.04088397 77.16526042 78.64290611 79.914612 81.44240358 85.70542243 89.96844128 93.54703625 97.0896089 100.6321816 104.1747542 106.831347 109.3894976 111.9476483 114.5057989 116.5666528 118.5397485 120.8551255 123.3986899 125.9422544 128.4858188 131.4085581 134.6415315 137.6414808 140.0977072 142.5619451 145.1784023 147.7948594 150.4113166 153.0277738 
23.20301901 24.47519172 25.74736443 27.01953714 28.29170985 29.6058054 30.96182379 31.92225574 32.71315065 33.50404556 34.29494046 35.04260349 35.61733899 36.43123379 37.60386754 38.78220304 39.96433971 41.14647639 42.32861306 43.67964555 46.55074044 49.50991677 52.67461647 55.83931618 59.00401588 62.16871558 63.54060908 64.46430102 65.9599503 66.58682784 66.60429356 66.65854914 71.64089531 72.71686006 75.18947616 77.31385262 78.7914983 80.2057779 81.73356948 85.99658833 89.9714287 93.51400136 97.05657401 100.5991467 104.1417193 106.7983121 109.3564628 111.9146134 114.472764 116.7968926 118.7699884 121.0853653 123.6289297 126.1724942 128.7160586 131.3285639 134.5615373 137.5614866 140.017713 142.5540547 145.1705119 147.7869691 150.4034263 153.0198834 
23.18408675 24.45625946 25.72843217 27.00060488 28.2727776 29.54914259 30.90516098 31.86559293 32.65648784 33.44738274 34.23827765 35.02917256 35.65794791 36.47184271 37.64495161 38.82708828 40.00922495 41.19136162 42.37349829 43.72453079 46.59562567 49.68692417 52.85162387 56.01632358 59.18102328 62.34572299 63.71761648 64.64130843 65.90297516 66.5298527 66.58042929 66.63468486 71.33697247 72.86545226 75.33806835 77.46244481 78.9400905 80.41773618 82.02473538 86.28775423 89.93839382 93.48096647 97.02353913 100.5661118 104.1086844 106.7652773 109.3234279 111.8815785 114.4397291 116.9978797 119.0002282 121.3156051 123.8591696 126.402734 128.9462984 131.4898629 134.4815431 137.4814924 139.9377188 142.5461644 145.1626216 147.7790787 150.3955359 153.0119931 
23.16515449 24.4373272 25.70949991 26.98167263 28.25384534 29.52601805 30.84849817 31.80893012 32.59982502 33.39071993 34.18161484 34.97250974 35.69855683 36.51245163 37.68983684 38.87197351 40.05411018 41.23624686 42.41838353 43.76941602 46.69923187 49.86393157 53.02863128 56.19333098 59.35803069 62.52273039 63.89462389 64.81831583 65.84600002 66.50230944 66.55656501 66.61082059 71.03304962 73.01404445 75.48666055 77.611037 79.08868269 80.56632837 82.31590128 86.36278627 89.90535893 93.44793158 96.99050424 100.5330769 104.0756495 106.7322424 109.290393 111.8485436 114.4066942 116.9648448 119.230468 121.5458449 124.0894094 126.6329738 129.1765382 131.7201027 134.4015489 137.4014982 139.9218169 142.538274 145.1547312 147.7711884 150.3876456 153.0041027 
23.14622223 24.41839494 25.69056765 26.96274037 28.23491308 29.50708579 30.79183535 31.7522673 32.54316221 33.33405712 34.12495202 34.91584693 35.70674184 36.55306055 37.73472207 38.91685875 40.09899542 41.28113209 42.46326876 43.81430126 46.87623927 50.04093898 53.20563868 56.37033839 59.53503809 62.6997378 64.07163129 64.99532324 65.91901518 66.47844516 66.53270074 66.58695631 70.72912678 73.16263664 75.63525274 77.75962919 79.23727488 80.71492057 82.60706718 86.32975138 89.87232404 93.41489669 96.95746935 100.500042 104.0426147 106.6992075 109.2573581 111.8155087 114.3736593 116.9318099 119.4607078 121.7760848 124.3196492 126.8632136 129.4067781 131.9503425 134.4939069 137.321504 139.9139265 142.5303837 145.1468409 147.763298 150.3797552 152.9962124 
23.12728997 24.39946268 25.6716354 26.94380811 28.21598082 29.48815353 30.76032624 31.69560449 32.4864994 33.27739431 34.06828921 34.85918412 35.65007902 36.59747064 37.77960731 38.96174398 40.14388065 41.32601733 42.508154 43.88854697 47.05324668 50.21794638 53.38264609 56.54734579 59.7120455 62.8767452 64.2486387 65.17233064 66.09602258 66.45458089 66.50883646 66.56309204 70.83861273 73.31122883 75.78384493 77.90822139 79.38586707 80.86351276 82.75414384 86.29671649 89.83928915 93.3818618 96.92443446 100.4670071 104.0095798 106.6661726 109.2243232 111.7824738 114.3406244 116.8987751 119.4569257 122.0063246 124.549889 127.0934534 129.6370179 132.1805823 134.7241467 137.289579 139.9060362 142.5224933 145.1389505 147.7554077 150.3718649 152.988322 
23.0126244 24.25968506 25.53185777 26.80403048 28.0762032 29.34837591 30.62054862 31.55582687 32.34672177 33.13761668 33.92851159 34.71940649 35.5103014 36.68672704 37.88874729 39.07088396 40.25302063 41.4351573 42.61729397 43.99768695 47.16238665 50.32708636 53.49178606 56.65648577 59.82118547 62.86039287 64.16594027 65.08963221 66.01332416 66.37188246 66.42613804 66.48039361 70.76282242 73.23439918 75.70701528 77.83139174 79.30903742 80.78668311 82.59761729 86.14018995 89.6827626 93.22533526 96.76790791 100.3104806 103.8279565 106.4773789 109.0355295 111.5936801 114.1518307 116.7099813 119.2776088 121.9028226 124.446387 126.9899515 129.5335159 132.0770804 134.6206448 137.1365225 139.7569093 142.3733665 144.9898237 147.6062809 150.222738 152.8391952 
22.89795882 24.11990744 25.39208015 26.66425286 27.93642557 29.20859828 30.48077099 31.41604924 32.20694415 32.99783906 33.78873396 34.57962887 35.41716738 36.61691481 37.99788726 39.18002393 40.36216061 41.54429728 42.72643395 44.10682692 47.27152663 50.43622633 53.60092604 56.76562574 59.93032545 62.74364668 64.08324184 65.00693378 65.93062573 66.28918403 66.34343961 66.39769518 70.69801931 73.15756954 75.63018563 77.75456209 79.23220778 80.70985346 82.44109074 85.9836634 89.52623605 93.06880871 96.61138136 100.153954 103.6391628 106.2885852 108.8467358 111.4048864 113.963037 116.5211876 119.1741069 121.7993207 124.3428851 126.8864495 129.430014 131.9735784 134.4916255 136.9756066 139.6077825 142.2242397 144.8406968 147.457154 150.0736112 152.6900684 
22.78329324 23.9996614 25.25230252 26.52447524 27.79664795 29.06882066 30.34099337 31.27627162 32.06716653 32.85806143 33.64895634 34.43985125 35.34735515 36.54710259 38.10702724 39.28916391 40.47130058 41.65343725 42.83557392 44.2159669 47.3806666 50.54536631 53.71006601 56.87476572 59.96417004 62.6269005 64.00054341 64.92423536 65.8479273 66.2064856 66.26074118 66.30745664 70.63321621 73.08073989 75.55335599 77.67773244 79.15537813 80.63302381 82.2845642 85.82713685 89.36970951 92.91228216 96.45485482 99.97950127 103.4503691 106.0997914 108.6579421 111.2160927 113.7742433 116.3323939 119.0706049 121.6958187 124.2393831 126.7829476 129.326512 131.8700764 134.3307096 136.8146907 139.4573458 142.0751128 144.69157 147.3080272 149.9244844 152.5409415 
22.66862767 23.88499583 25.1125249 26.38469761 27.65687032 28.92904303 30.20121575 31.13649399 31.9273889 32.71828381 33.50917871 34.33116935 35.27754293 36.47729037 38.05709859 39.39830388 40.58044056 41.76257723 42.9447139 44.32510688 47.48980658 50.65450629 53.81920599 56.98390569 59.84742385 62.51015431 63.90271265 64.84153693 65.76522887 66.12378718 66.17804275 66.21506377 70.56841311 73.00391024 75.47652634 77.60090279 79.07854848 80.52077332 82.12803765 85.6706103 89.21318296 92.75575561 96.29832827 99.79070755 103.2615754 105.9109977 108.4691483 111.027299 113.5854496 116.2194151 118.9671029 121.5923167 124.1358812 126.6794456 129.22301 131.7538158 134.1697937 136.6537748 139.2964299 141.925986 144.5424432 147.1589003 149.7753575 152.3918147 
22.55396209 23.77033025 24.98669841 26.24491999 27.5170927 28.78926541 30.06143812 30.99671637 31.78761128 32.57850618 33.36940109 34.26135713 35.20773071 36.40747815 37.98728637 39.50744386 40.68958053 41.8717172 43.05385388 44.43424685 47.59894656 50.76364626 53.92834597 57.06794721 59.73067767 62.39340813 63.78596647 64.7588385 65.68253044 66.04108875 66.09534433 66.12267091 70.50361001 72.92708059 75.39969669 77.52407314 79.00171883 80.36424678 81.9715111 85.51408376 89.05665641 92.59922907 96.131046 99.60191384 103.0727817 105.722204 108.2803546 110.8385052 113.3966559 116.1159131 118.863601 121.4888148 124.0323792 126.5759437 129.1195081 131.5928999 134.0088779 136.4928589 139.135514 141.7768592 144.3933163 147.0097735 149.6262307 152.2426878 
22.43929651 23.65566467 24.87203284 26.10514236 27.37731507 28.64948779 29.9216605 30.85693875 31.64783365 32.43872856 33.24517133 34.19154491 35.13791849 36.33766592 37.91747415 39.49728237 40.79872051 41.98085718 43.16299385 44.54338683 47.70808653 50.87278624 54.03748594 56.95120102 59.61393149 62.27666195 63.66922028 64.67614007 65.59983202 65.95839032 66.0126459 66.03027804 70.43880691 72.85203265 75.32286704 77.4472435 78.92488918 80.20772023 81.81498456 85.35755721 88.90012986 92.44270252 95.94225228 99.41312012 102.883988 105.5334103 108.0915609 110.6497115 113.2647233 116.0124112 118.760099 121.3853128 123.9288773 126.4724417 129.0160061 131.4319841 133.847962 136.331943 138.9745981 141.6172532 144.2441895 146.8606467 149.4771038 152.093561 
22.32463094 23.5409991 24.75736726 25.97373542 27.23753745 28.50971016 29.78188287 30.71716112 31.50805603 32.29895093 33.17535911 34.12173269 35.06810626 36.2678537 37.84766192 39.42747015 40.90786048 42.08999716 43.27213383 44.6525268 47.81722651 50.98192621 54.14662592 56.83445484 59.4971853 62.15991576 63.5524741 64.59344165 65.51713359 65.87569189 65.92671599 65.93788517 70.37400381 72.78722955 75.24603739 77.37041385 78.84805954 80.05119368 81.65845801 85.20103066 88.74360332 92.28259073 95.75345857 99.22432641 102.6951942 105.3446166 107.9027672 110.4609178 113.1612214 115.9089092 118.6565971 121.2818109 123.8253753 126.3689397 128.8550902 131.2710682 133.6870461 136.1710271 138.8136822 141.4563373 144.0950626 146.7115198 149.327977 151.9444342 
22.20996536 23.42633352 24.64270168 25.85906984 27.09775982 28.36993254 29.64210525 30.5773835 31.3682784 32.15917331 33.10554689 34.05192046 34.99829404 36.19804148 37.7778497 39.35765793 40.93746615 42.19913713 43.3812738 44.76166678 47.92636648 51.09106619 54.0549782 56.71770866 59.38043912 62.04316958 63.43572791 64.51074322 65.43443516 65.79299347 65.83432312 65.84549231 70.3092007 72.72242645 75.16920775 77.2935842 78.77122989 79.89466713 81.50193146 85.04450412 88.58707677 92.09379702 95.56466486 99.03553269 102.5064005 105.1558229 107.7139735 110.3100316 113.0577194 115.8054073 118.5530951 121.1783089 123.7218733 126.2654378 128.6941744 131.1101523 133.5261302 136.0101113 138.6527663 141.2954214 143.9380764 146.562393 149.1788502 151.7953073 
22.09529978 23.31166795 24.52803611 25.74440427 26.96077243 28.23015491 29.50232762 30.43760587 31.22850078 32.08936109 33.03573466 33.98210824 34.92848182 36.12822926 37.70803748 39.2878457 40.86765393 42.30827711 43.49041378 44.87080675 48.03550646 51.20020616 53.93823201 56.60096247 59.26369293 61.9264234 63.31898173 64.39399703 65.35173673 65.71029504 65.74193026 65.75309944 70.2443976 72.65762335 75.0923781 77.21675455 78.61470334 79.73814059 81.34540491 84.88797757 88.43055022 91.9050033 95.37587114 98.84673898 102.3176068 104.9670292 107.5251798 110.2065296 112.9542174 115.7019053 118.4495932 121.074807 123.6183714 126.1172805 128.5332585 130.9492364 133.3652143 135.8491954 138.4918504 141.1345055 143.7771606 146.4132661 149.0297233 151.6461805 
21.98063421 23.19700237 24.41337053 25.62973869 26.84610685 28.09037729 29.36255 30.29782825 31.08872315 32.01954886 32.96592244 33.91229602 34.8586696 36.05841703 37.63822526 39.21803348 40.7978417 42.37764993 43.59955375 44.97994673 48.14464643 51.15875537 53.82148583 56.48421629 59.14694675 61.80967721 63.20223555 64.27725085 65.26903831 65.62759661 65.64953739 65.66070658 70.1795945 72.59282025 75.01554845 77.1399249 78.45817679 79.58161404 81.18887837 84.73145102 88.24534175 91.71620959 95.18707743 98.65794527 102.1288131 104.7782354 107.3553398 110.1030276 112.8507155 115.5984033 118.3460912 120.971305 123.5148694 125.9563647 128.3723426 130.7883205 133.2042984 135.6882795 138.3309345 140.9735896 143.6162447 146.2588997 148.8805965 151.4970537 
21.86596863 23.08233679 24.29870495 25.51507311 26.73144128 27.95059966 29.22277238 30.15805062 31.00336306 31.94973664 32.89611022 33.8424838 34.78885737 35.98860481 37.56841303 39.14822126 40.72802948 42.3078377 43.70869373 45.08908671 48.25378641 51.04200918 53.70473964 56.3674701 59.03020057 61.69293103 63.08548936 64.16050467 65.18633988 65.54489818 65.55714453 65.56831371 70.1147914 72.52801715 74.94124289 77.06309526 78.30165025 79.42508749 81.03235182 84.57492447 88.05654803 91.52741587 94.99828371 98.46915155 101.9400194 104.5894417 107.2518378 109.9995257 112.7472135 115.4949014 118.2425892 120.867803 123.3794708 125.7954488 128.2114267 130.6274046 133.0433825 135.5273636 138.1700187 140.8126737 143.4553288 146.0979838 148.7314696 151.3479268 
21.75130306 22.96767122 24.18403938 25.40040754 26.6167757 27.83314386 29.08299475 30.018273 30.93355084 31.87992442 32.826298 33.77267157 34.71904515 35.91879259 37.49860081 39.07840904 40.65821726 42.23802548 43.81783371 45.19822668 48.26253254 50.925263 53.58799346 56.25072392 58.91345438 61.57618484 62.96874318 64.04375848 65.10364145 65.45358248 65.46475166 65.47592084 70.0499883 72.46321404 74.87643979 76.98626561 78.1451237 79.26856094 80.87582527 84.39688648 87.86775432 91.33862216 94.80949 98.28035784 101.7512257 104.400648 107.1483359 109.8960237 112.6437116 115.3913994 118.1390873 120.7643011 123.218555 125.6345329 128.0505108 130.4664887 132.8824666 135.3664477 138.0091028 140.6517578 143.2944129 145.9370679 148.579723 151.1988 
21.63663748 22.85300564 24.0693738 25.28574196 26.50211012 27.71847828 28.94321713 29.91736504 30.86373862 31.8101122 32.75648577 33.70285935 34.64923293 35.84898037 37.42878859 39.00859681 40.58840504 42.16821326 43.74802148 45.30736666 48.14578635 50.80851681 53.47124728 56.13397774 58.7967082 61.45943866 62.851997 63.9270123 65.0020276 65.36118961 65.37235879 65.38352798 69.9851852 72.39841094 74.81163669 76.8651599 77.98859715 79.1120344 80.71929872 84.20809277 87.67896061 91.14982844 94.62069628 98.09156412 101.562432 104.2971461 107.0448339 109.7925218 112.5402096 115.2878975 118.0355853 120.6416612 123.0576391 125.473617 127.8895949 130.3055728 132.7215508 135.2055318 137.8481869 140.4908419 143.133497 145.7761521 148.4188071 151.0496731 
21.5219719 22.73834006 23.95470822 25.17107638 26.38744455 27.60381271 28.82018087 29.84755282 30.7939264 31.74029997 32.68667355 33.63304713 34.57942071 35.77916814 37.35897637 38.93878459 40.51859281 42.09840104 43.67820926 45.36630971 48.02904017 50.69177063 53.35450109 56.01723155 58.67996201 61.34269248 62.73525081 63.81026612 64.88528142 65.26879675 65.27996593 65.29113511 69.92038209 72.33360784 74.74683359 76.70863336 77.8320706 78.95550785 80.54843121 84.01929905 87.49016689 90.96103473 94.43190257 97.90277041 101.3736382 104.1936441 106.941332 109.6890198 112.4367077 115.1843955 117.9320834 120.4807453 122.8967232 125.3127011 127.728679 130.144657 132.5606349 135.0446159 137.687271 140.3299261 142.9725811 145.6152362 148.2578912 150.9005463 
