2.715831863 2.760449912 2.805067961 2.849686011 2.89430406 2.938922109 2.983540159 3.020935256 3.055234802 3.089534348 3.123833895 3.158133441 3.192432987 3.22163034 3.243174403 3.264718466 3.286262529 3.307806591 3.329350654 3.355551695 3.423665537 3.49177938 3.559893222 3.628007064 3.696120907 3.764234749 3.985820928 4.24577519 4.505729453 4.811214952 5.14121727 5.471219588 6.283196881 7.236791455 8.190386029 8.58924693 7.957888155 7.32652938 6.796332099 6.670780796 6.545229493 6.41967819 6.294126887 6.168575584 6.043024281 6.018782736 6.00579783 5.992812925 5.979828019 5.966843114 5.953858209 5.882833487 5.773115555 5.663397623 5.553679691 5.443961759 5.334243827 5.289159551 5.394887138 5.500614725 5.606342311 5.712069898 5.817797485 5.923525072 
5.476289221 5.52090727 5.56552532 5.610143369 5.654761418 5.699379468 5.924714033 6.241819714 6.441944127 6.476243673 6.510543219 6.544842766 6.579142312 6.831265714 7.312594753 7.334138816 7.355682878 7.377226941 7.398771004 7.424972045 7.493085887 7.561199729 7.629313572 7.697427414 7.782188258 8.516182161 9.235614818 9.495569081 9.755523343 10.06100884 10.39101116 10.59515136 11.18343967 12.13443418 13.08802875 12.86295901 11.76365225 11.13229347 10.61278594 10.54068338 10.41646829 10.29091699 10.16536569 10.03981438 9.914263081 10.12889502 10.20216999 10.18918508 10.17620018 10.16321527 10.15023037 10.47528747 10.77815477 10.66843684 10.55871891 10.44900098 10.33928304 10.29419877 10.39992635 10.50565394 10.61138153 10.71710912 10.80537616 10.83350131 
8.236746579 8.281364629 8.325982678 8.370600727 8.444524158 8.684511414 8.92449867 9.241604351 9.591760785 9.862952998 9.897252544 9.93155209 9.965851637 10.21797504 10.79683422 11.37569341 11.42510323 11.44664729 11.46819135 11.49439239 11.56250624 11.63062008 11.69873392 11.93331778 12.66731168 13.40130559 14.23237206 14.74536297 15.00531723 15.31080273 15.64080505 15.15969594 16.08499579 17.03207691 17.98567148 17.76060173 15.56941634 14.93805756 14.41855003 14.34644747 14.27434491 14.16215579 14.03660449 13.91105318 13.78550188 14.00013382 14.25256391 14.38555724 14.37257234 14.35958743 14.34660253 14.67165963 15.22207807 15.67347606 15.56375813 15.45404019 15.34432226 15.29923799 15.40496557 15.51069316 15.61642075 15.68722724 15.7153524 15.74347755 
10.99720394 11.04182199 11.08644004 11.20432154 11.44430879 11.68429605 11.92428331 12.24138899 12.59154542 12.94170186 13.28396187 13.31826142 13.35256096 13.60468436 14.18354355 14.76240273 15.34126192 15.51606764 15.5376117 15.56381274 15.63192659 15.70004043 16.0844473 16.8184412 17.55243511 18.28642901 19.11749548 19.9728301 20.25511112 20.56059662 20.51301259 19.72424052 20.98655192 21.93304735 22.88331421 22.65824446 20.24422669 18.74382165 18.22431412 18.15221156 18.080109 18.00800644 17.90784329 17.78229198 17.65674068 17.87137262 18.12380271 18.37623279 18.5689445 18.55595959 18.54297469 18.86803179 19.41845023 19.96886867 20.51928711 20.45907941 20.34936148 20.3042772 20.41000479 20.51573238 20.56907832 20.59720348 20.62532864 20.6534538 
13.7576613 13.80227935 13.96411892 14.20410617 14.44409343 14.68408069 14.92406794 15.24117362 15.59133006 15.94148649 16.29164293 16.64179936 16.73927029 16.99139369 17.57025287 18.14911206 18.72797124 19.30683043 19.60703205 19.63323309 19.70134694 20.23557682 20.96957072 21.70356463 22.43755853 23.17155243 24.00261891 24.85795352 25.50490502 25.81039051 25.07755716 24.2887851 25.88810804 26.83460348 27.78109892 27.55588719 25.14186941 22.72785164 22.03007821 21.95797565 21.88587309 21.81377053 21.74166797 21.65353078 21.52797948 21.74261143 21.99504151 22.24747159 22.49990167 22.75233175 22.73934685 23.06440395 23.61482239 24.16524083 24.71565927 25.26607772 25.3544007 25.30931642 25.41504401 25.45092941 25.47905456 25.50717972 25.53530488 25.56343004 
16.51811865 16.7239163 16.96390356 17.20389081 17.44387807 17.68386532 17.92385258 18.24095826 18.5911147 18.94127113 19.29142756 19.641584 19.99174043 20.37810301 20.9569622 21.53582138 22.11468057 22.69353975 23.27239894 23.70265344 24.38670634 25.12070025 25.85469415 26.58868805 27.32268195 28.05667586 28.88774233 29.74307695 30.59841156 30.43087381 29.64210174 28.85332968 30.78966417 31.7361596 32.68265504 32.45352991 30.03951214 27.62549437 25.8358423 25.76373974 25.69163718 25.61953462 25.54743206 25.4753295 25.39921828 25.61385023 25.86628031 26.11871039 26.37114047 26.62357055 26.87600063 27.26077611 27.81119455 28.36161299 28.91203143 29.46244988 30.01286832 30.30465533 30.33278049 30.36090565 30.38903081 30.41715596 30.44528112 30.47340628 
19.43559488 19.67558214 19.91556939 20.15555665 20.3955439 20.63553116 21.06935671 21.90936496 22.34256432 22.69272076 23.04287719 23.39303363 23.74319006 24.1848276 24.76368678 25.34254597 25.92140515 26.50026434 27.07912352 27.10835728 27.55170729 28.2857012 29.0196951 29.753689 30.4876829 31.22167681 31.40725086 32.26258548 33.11792009 32.90458536 32.11581329 31.32704123 34.5229463 35.46944174 36.41593717 36.19382104 33.77980327 31.3657855 29.7652761 29.69317354 29.62107098 29.54896842 29.47686586 29.4047633 29.33115544 29.55092884 29.80335892 30.055789 30.30821908 30.56064916 30.69432186 30.47239107 30.80473246 31.35515091 31.90556935 32.45598779 33.00640623 33.40013669 33.42826184 33.456387 33.48451216 33.51263732 33.54076247 33.61994578 
22.37924092 22.61922817 22.85921543 23.09920269 23.33918994 23.76583629 24.36478335 25.2047916 26.1481118 26.56944789 26.91960432 27.26976076 27.61991719 28.06155472 28.64041391 29.2192731 29.79813228 30.37699147 30.37990579 30.37157792 30.71280981 31.16401507 31.89800897 32.63200287 33.36599678 34.09999068 33.70154778 34.38782486 35.24315947 35.02982474 34.24105267 34.26112309 38.0615161 39.00801154 39.95789057 39.74122023 37.32720246 35.00357466 33.71532152 33.64321896 33.5711164 33.49901384 33.42691128 33.3533441 33.27920735 33.49898075 33.75141083 34.00384092 34.256271 34.39534175 34.37786868 34.15593789 33.79770197 34.14821645 34.69863489 35.24905333 35.79947177 36.19320223 36.22132738 36.24945254 36.2775777 36.30570286 36.38367049 36.47257916 
25.32288695 25.56287421 25.80286147 26.04284872 26.46231588 27.06126294 27.66020999 28.50021825 29.44353844 30.38685864 30.79633145 31.14648788 31.49664432 31.93828185 32.51714104 33.09600022 33.67485941 33.69029427 33.64312643 33.63479856 33.97603045 34.31726235 34.77632284 35.51031674 36.24431065 36.97830455 36.57986165 36.51306424 37.36839885 37.15506412 36.36629205 37.35302787 41.6000859 42.54658134 43.50528977 43.28861943 40.87460166 38.95362008 37.66536695 37.59326438 37.52116182 37.44905926 37.37553277 37.30139602 37.22725927 37.44703267 37.69946275 37.95189283 38.09636165 38.07888857 38.0614155 37.83948471 37.48124878 37.12301286 37.49170043 38.04211887 38.59253731 38.98626777 39.01439292 39.04251808 39.07064324 39.1473952 39.23630387 39.32521254 
28.26653299 28.50652025 28.7465075 29.15879546 29.75774252 30.35668958 30.95563663 31.79564489 32.73896508 33.68228528 34.62560548 35.02321501 35.37337145 35.81500898 36.39386817 36.97272735 37.00068275 36.95351491 36.90634707 36.8980192 37.2392511 37.58048299 37.92171488 38.38863062 39.12262452 39.85661842 39.45817552 38.77662342 39.49363823 39.2803035 39.26091819 40.44493266 45.1386557 46.08617223 47.05268896 46.83601862 44.49595628 42.9036655 41.61541237 41.54330981 41.47120725 41.39772144 41.32358468 41.24944793 41.17531118 41.39508458 41.64751466 41.79738154 41.77990847 41.76243539 41.74496232 41.52303153 41.1647956 40.80655968 40.44832375 40.83518441 41.38560285 41.77933331 41.80745846 41.83558362 41.91111992 42.00002858 42.08893725 42.17784592 
31.21017903 31.45016629 31.85527505 32.45422211 33.05316916 33.65211622 34.25106327 35.09107153 36.03439173 36.97771192 37.92103212 38.86435231 39.25009857 39.69173611 40.27059529 40.31107124 40.2639034 40.21673555 40.16956771 40.16123985 40.50247174 40.84370363 41.18493552 41.52616741 42.00093839 42.73493229 42.33648939 41.65493729 41.61887761 41.40554288 42.35282297 43.53683744 48.67722551 49.63357142 50.60008816 50.38341782 48.4460017 46.85371092 45.56545779 45.49335523 45.4199101 45.34577335 45.2716366 45.19749985 45.1233631 45.34313649 45.49840144 45.48092836 45.46345529 45.44598221 45.42850914 45.20657835 44.84834242 44.4901065 44.13187057 43.77363465 44.17866839 44.57239885 44.600524 44.67484463 44.76375329 44.85266196 44.94157063 45.0304793 
34.15382507 34.55175463 35.15070169 35.74964875 36.3485958 36.94754286 37.54648992 38.38649817 39.32981837 40.27313856 41.21645876 42.15977895 43.10309915 43.56846324 43.62145972 43.57429188 43.52712404 43.4799562 43.43278836 43.42446049 43.76569238 44.10692427 44.44815616 44.78938806 45.13061995 45.61324616 45.21480326 44.53325116 43.85169906 44.26071328 45.44472776 46.62874223 52.21579531 53.18097062 54.14748735 53.9883379 52.39604712 50.80375634 49.51550321 49.44209877 49.36796201 49.29382526 49.21968851 49.14555176 49.07141501 49.19942133 49.18194826 49.16447518 49.14700211 49.12952903 49.11205596 48.89012517 48.53188924 48.17365332 47.81541739 47.45718147 47.09894554 47.36546439 47.43856934 47.52747801 47.61638667 47.70529534 47.79420401 47.88311267 
37.30018378 37.8541155 38.45306256 39.05200962 39.65095667 40.24990373 40.84885078 41.68885904 42.63217923 43.57549943 44.51881963 45.46213982 46.40546002 46.75912464 46.71195679 46.66478895 46.61762111 46.57045327 46.52328543 46.39830803 46.61122544 46.95245733 47.29368922 47.63492111 47.97615301 48.3173849 47.8403896 47.15883749 46.47728539 47.07160444 48.25561892 49.43963339 55.08956497 56.05608171 57.02259844 57.09576169 55.50347091 53.91118014 52.55641993 52.47897816 52.40484141 52.33070466 52.25656791 52.18243116 52.10829441 52.08515496 52.06768189 52.05020881 52.03273574 52.01526266 51.99778958 51.76942263 51.4111867 51.05295078 50.69471485 50.33647892 49.978243 49.90278647 49.99169514 50.08060381 50.16951247 50.25842114 50.34732981 50.43623848 
40.71682605 41.16572201 41.76466906 42.36361612 42.96256317 43.56151023 44.16045729 45.00046554 45.94378574 46.88710593 47.83042613 48.77374633 49.62178022 49.60983666 49.57215578 49.52498794 49.4778201 49.43065226 49.38348442 49.25850702 48.89984172 49.24107361 49.5823055 49.92353739 50.26476929 50.60600118 50.12900588 49.44745377 48.76590167 49.50781077 50.69182525 51.87583972 57.31400797 58.03480866 59.00132539 59.07968998 57.4873992 55.89510842 54.54034821 54.30096087 54.22682412 54.15268737 54.07855062 54.00441387 53.93027711 53.90713767 53.8896646 53.87219152 53.85471844 53.83724537 53.81057776 53.5763876 53.21815168 52.85991575 52.50167983 52.1434439 51.78520797 52.01975535 52.14547751 52.23438617 52.32329484 52.41220351 52.50111217 52.59002084 
44.13346832 44.51805666 45.07627556 45.67522262 46.27416968 46.87311673 47.47206379 48.31207204 49.25539224 50.19871244 51.14203263 52.08535283 52.46648382 52.45454026 52.43235477 52.38518693 52.33801909 52.29085125 52.2436834 52.11870601 51.29344258 51.52968989 51.87092178 52.21215367 52.55338557 52.89461746 52.41762216 51.73607005 51.1145797 51.9440171 53.12803158 54.31204605 59.70950713 60.01353561 60.98005235 61.05841693 59.47132749 57.87903671 56.5242765 56.12294358 56.04880683 55.97467008 55.90053333 55.82639657 55.75225982 55.72912038 55.7116473 55.69417423 55.67670115 55.65922808 55.61754274 55.38335258 55.02511665 54.66688073 54.3086448 53.95040887 53.89389382 54.12844119 54.29925987 54.38816854 54.4770772 54.56598587 54.65489454 54.7438032 
47.5501106 47.93469894 48.38788207 48.98682912 49.58577618 50.18472324 50.78367029 51.62367855 52.56699874 53.51031894 54.45363914 55.32073029 55.31118743 55.29924387 55.28369925 55.24538591 55.19821807 55.15105023 55.10388239 54.97890499 54.15364156 53.81830617 54.15953806 54.50076995 54.84200185 55.18323374 54.70623844 54.02468633 53.46325772 54.31234434 55.56423791 56.74825238 62.1050063 61.99226256 62.9587793 63.03714388 61.45525578 59.862965 58.50820479 58.10356686 57.87078954 57.79665279 57.72251603 57.64837928 57.57424253 57.55110309 57.53363001 57.51615694 57.49868386 57.47262922 57.42450771 57.19031755 56.83208163 56.4738457 56.11560978 55.75737385 56.00257966 56.23712704 56.41806942 56.5419509 56.63085957 56.71976823 56.8086769 56.89758557 
50.96675287 51.35134121 51.73592955 52.29843563 52.89738268 53.49632974 54.0952768 54.93528505 55.87860525 56.82192544 57.76524564 58.16543389 58.15589104 58.14394748 58.12840286 58.1055849 58.05841706 58.01124922 57.96408138 57.83910398 57.01384055 56.18857712 56.44815434 56.78938624 57.13061813 57.47185002 56.99485472 56.31330262 55.81193574 56.66102236 58.00044424 59.18445871 64.50050546 63.97098951 64.93750625 65.01587083 63.43918406 61.84689329 60.49213308 60.08749514 59.69277224 59.61863549 59.54449874 59.47036199 59.39622524 59.3730858 59.35561272 59.33813964 59.32066657 59.2795942 59.23147269 58.99728253 58.6390466 58.28081068 57.92257475 57.85374456 58.1112655 58.34581288 58.52675526 58.69573326 58.78464193 58.8735506 58.96245927 59.05136793 
54.38339514 54.76798348 55.15257183 55.61004213 56.20898919 56.80793624 57.4068833 58.24689155 59.19021175 60.13353195 61.01968036 61.0101375 61.00059465 60.98865109 60.97310647 60.95756185 60.91861605 60.87144821 60.82428037 60.69930297 59.87403954 59.04877611 58.73677062 59.07800252 59.41923441 59.7604663 59.283471 58.6019189 58.16061377 59.00970039 60.43665057 61.62066504 66.89600463 65.97239794 66.9162332 66.99459779 65.42311235 63.83082157 62.47606136 62.07142343 61.6667855 61.4406182 61.36648145 61.2923447 61.21820795 61.1950685 61.17759543 61.16012235 61.13468068 61.08655917 61.03843766 60.8042475 60.44601158 60.08777565 59.72953973 59.9624304 60.21995135 60.45449872 60.63544111 60.81638349 60.9384243 61.02733296 61.11624163 61.2051503 
57.80003741 58.18462576 58.5692141 58.95380244 59.52059569 60.11954275 60.7184898 61.55849806 62.50181825 63.44513845 63.86438397 63.85484111 63.84529825 63.83335469 63.81781008 63.80226546 63.77881503 63.73164719 63.68447935 63.55950195 62.73423852 61.9089751 61.08371167 61.3666188 61.70785069 62.04908258 61.57208728 60.94569392 60.50929179 61.35837841 62.8728569 64.05687137 69.29150379 68.36789711 68.89496015 68.97332474 67.4022639 65.81474986 64.45998965 64.05535172 63.65071378 63.26260091 63.18846416 63.11432741 63.04019066 63.01705121 62.99957814 62.98210506 62.94164566 62.89352415 62.84540264 62.61121248 62.25297655 61.89474063 61.81359529 62.07111624 62.32863719 62.56318457 62.74412695 62.92506933 63.09220666 63.18111533 63.27002399 63.35893266 
61.21667969 61.60126803 61.98585637 62.37044471 62.83220219 63.43114925 64.03009631 64.87010456 65.81342476 66.71863043 66.70908757 66.69954472 66.69000186 66.6780583 66.66251368 66.64696907 66.63142445 66.59184618 66.54467834 66.41970094 65.59443751 64.76917408 63.94391066 63.65523508 63.99646697 64.33769886 63.86070356 63.29437194 62.85796982 63.70705643 65.2483293 66.4930777 71.68700296 70.76339627 70.8736871 70.95205169 69.38099085 67.79867815 66.44391794 66.03928 65.63464207 65.23000414 65.01044687 64.93631012 64.86217336 64.83903392 64.82156084 64.79673214 64.74861063 64.70048912 64.65236761 64.41817745 64.05994153 63.7017056 63.92228114 64.17980208 64.43732303 64.67187041 64.85281279 65.03375518 65.21469756 65.33489769 65.42380636 65.51271503 
64.63332196 65.0179103 65.40249864 65.78708699 66.17167533 66.74275575 67.34170281 68.18171106 69.12503126 69.56333404 69.55379118 69.54424833 69.53470547 69.52276191 69.50721729 69.49167267 69.47612805 69.45204517 69.40487733 69.27989993 68.4546365 67.62937307 66.80410964 65.97884622 66.28508325 66.62631514 66.14931984 65.64304997 65.20664784 66.05573446 67.59700733 68.92928403 74.08250212 73.15889544 72.85241405 72.93077864 71.3597178 69.78260644 68.42784623 68.02320829 67.61857036 67.21393243 66.83242957 66.75829282 66.68415607 66.66101663 66.64354355 66.60369712 66.55557561 66.5074541 66.45933259 66.22514243 65.8669065 65.77344603 66.03096698 66.28848793 66.54600888 66.78055625 66.96149864 67.14244102 67.3233834 67.48868006 67.57758872 67.66649739 
68.04996423 68.43455258 68.81914092 69.20372926 69.5883176 70.05436225 70.65330931 71.49331757 72.4175805 72.40803764 72.39849479 72.38895193 72.37940908 72.36746552 72.3519209 72.33637628 72.32083166 72.30528704 72.26507631 72.14009891 71.31483549 70.48957206 69.66430863 68.8390452 68.57369953 68.91493142 68.43793612 67.99172799 67.55532586 68.40441248 69.94568535 71.36549036 76.47800129 75.5543946 74.831141 74.90950559 73.33844476 71.76653472 70.41177451 70.00713658 69.60249865 69.19786071 68.79322278 68.58027553 68.50613878 68.48299934 68.45878361 68.41066209 68.36254058 68.31441907 68.26629756 68.0321074 67.67387148 67.88213188 68.13965282 68.39717377 68.65469472 68.8892421 69.07018448 69.25112686 69.43206925 69.61301163 69.73137109 69.82027975 
71.46660651 71.85119485 72.23578319 72.62037153 73.00495987 73.38954822 73.96491581 74.80492407 75.26228411 75.25274125 75.2431984 75.23365554 75.22411268 75.21216912 75.19662451 75.18107989 75.16553527 75.14999065 75.1252753 75.0002979 74.17503447 73.34977104 72.52450762 71.69924419 70.87398076 71.2035477 70.77680814 70.34040601 69.90400389 70.75309051 72.29436337 73.80169669 78.87350045 77.94989377 77.02628709 76.88823254 75.31717171 73.74611087 72.3957028 71.99106487 71.58642693 71.181789 70.77715107 70.40225824 70.32812149 70.30498204 70.26574858 70.21762707 70.16950556 70.12138405 70.07326254 69.83907238 69.73329677 69.99081772 70.24833867 70.50585961 70.76338056 70.99792794 71.17887032 71.35981271 71.54075509 71.72169747 71.88515345 71.97406212 
74.88324878 75.26783712 75.65242546 76.03701381 76.42160215 76.80619049 77.27652232 78.11653057 78.10698772 78.09744486 78.087902 78.07835915 78.06881629 78.05687273 78.04132811 78.0257835 78.01023888 77.99469426 77.97914964 77.86049689 77.03523346 76.20997003 75.3847066 74.55944318 73.73417975 73.49216398 73.12548617 72.68908404 72.25268191 73.10176853 74.6430414 76.18431427 81.26899962 80.34539293 79.42178625 78.86695949 77.29589866 75.72483782 74.37963109 73.97499315 73.57035522 73.16571729 72.76107935 72.35644142 72.1501042 72.12083507 72.07271356 72.02459204 71.97647053 71.92834902 71.88022751 71.64603735 71.84198261 72.09950356 72.35702451 72.61454546 72.8720664 73.10661378 73.28755617 73.46849855 73.64944093 73.83038332 74.0113257 74.12784448 
78.29989105 78.68447939 79.06906774 79.45365608 79.83824442 80.22283276 80.6074211 80.96123418 80.95169132 80.94214847 80.93260561 80.92306276 80.9135199 80.90157634 80.88603172 80.8704871 80.85494249 80.83939787 80.82385325 80.72069587 79.89543245 79.07016902 78.24490559 77.41964216 76.59437874 75.78078026 75.47416419 75.03776206 74.60135993 75.45044655 76.99171942 78.53299229 83.66449878 82.7408921 81.81728542 80.84568644 79.27462561 77.70356477 76.36355938 75.95892144 75.55428351 75.14964557 74.74500764 74.34036971 73.9720869 73.92780004 73.87967853 73.83155702 73.78343551 73.735314 73.68719249 73.69314751 73.95066846 74.2081894 74.46571035 74.7232313 74.98075225 75.21529963 75.39624201 75.57718439 75.75812678 75.93906916 76.12001154 76.28162685 
80.95982234 81.34441068 81.72899902 82.11358736 82.4981757 82.88276405 83.06656451 83.02496526 83.01542241 83.00587955 82.99633669 82.98679384 82.97725098 82.96530742 82.9497628 82.93421819 82.91867357 82.90312895 82.88758433 82.80020129 81.97493786 81.14967443 80.32441101 79.49914758 78.67388415 77.88699836 77.47110781 77.03470568 76.59830355 77.44739017 78.98866304 80.5299359 84.91530621 83.99169952 83.06809284 82.56279777 80.99173694 79.4206761 78.20494633 77.80030839 77.39567046 76.99103253 76.58639459 76.18175666 75.97357132 75.97114018 75.92301867 75.87489715 75.82677564 75.77865413 75.73053262 75.64500453 75.90252548 76.16004643 76.41756737 76.67508832 76.93260927 77.16715665 77.34809903 77.52904142 77.7099838 77.89092618 78.07186857 78.17843741 
83.05222038 83.43680872 83.82139706 84.2059854 84.59057375 84.78981943 84.40214669 84.38089309 84.49342409 84.48388124 84.47433838 84.46479553 84.45525267 84.44330911 84.42776449 84.41221987 84.39667525 84.38113064 84.37602426 84.29418653 83.4689231 82.64365967 81.81839625 80.99313282 80.20411493 79.48545603 79.20425061 78.76784849 78.33144636 79.18053298 80.72180585 82.14502976 85.30759483 84.38398815 83.57042744 84.08369739 82.51263655 80.94157572 79.93942728 79.53478935 79.13015141 78.72551348 78.32087555 78.10414879 78.12658172 78.14760749 78.14364017 78.09551866 78.04739715 77.99927564 77.95115413 77.84985517 77.73676088 77.99428183 78.25180278 78.50932373 78.76684468 79.00139205 79.18233444 79.36327682 79.5442192 79.72516159 79.83438663 79.88251912 
85.14461842 85.52920676 85.9137951 86.29838345 86.51307435 86.12540162 85.73772888 85.71647528 85.85225844 85.96188292 85.95234007 85.94279721 85.93325436 85.9213108 85.90576618 85.89022156 85.87467694 85.86924437 85.8700095 85.78817177 84.96290834 84.13764491 83.31238149 82.52123151 81.80257261 81.08391371 80.81095432 80.5009913 80.06458917 80.91367579 82.45494866 83.66393558 85.69988345 84.77627677 85.09132705 85.604597 84.03353617 82.66298026 81.67390823 81.2692703 80.86463237 80.45999443 80.23472626 80.25715919 80.27959211 80.30061788 80.3214873 80.31614016 80.26801865 80.21989714 80.17177563 80.07047668 79.9337261 79.82851724 80.08603819 80.34355913 80.60108008 80.83562746 81.01656984 81.19751223 81.37845461 81.49033585 81.53846834 81.58660084 
87.23701646 87.6216048 88.00619315 88.23632927 87.84865654 87.4609838 87.07331107 87.05205746 87.18784063 87.32362379 87.43034176 87.4207989 87.41125605 87.39931248 87.38376787 87.36822325 87.36246448 87.36322961 87.36399474 87.28215701 86.45689358 85.63163015 84.83834809 84.11968919 83.40103029 82.68237139 82.409412 82.23413411 81.79773198 82.6468186 84.07878688 85.18284141 86.09217208 85.16856539 86.61222667 87.12549662 85.55443578 84.39746122 83.40838918 83.00375125 82.59911332 82.36530373 82.38773666 82.41016958 82.43260251 82.45362828 82.47449769 82.49536711 82.48864016 82.44051864 82.39239713 82.29109818 82.1543476 82.01759702 81.92027359 82.17779454 82.43531549 82.66986287 82.85080525 83.03174763 83.14628507 83.19441756 83.24255006 83.29068255 
89.3294145 89.71400285 89.95958419 89.57191146 89.18423872 88.79656599 88.40889325 88.38763965 88.52342282 88.65920598 88.79498915 88.89880059 88.88925773 88.87731417 88.86176955 88.85568459 88.85644972 88.85721485 88.85797998 88.77614225 87.95087882 87.15546466 86.43680577 85.71814687 84.99948797 84.28082907 84.00786968 83.84633516 83.53087479 84.37996141 85.5976927 86.70174723 86.4844607 86.49752436 88.13312628 88.64639623 87.26712272 86.13194217 85.14287014 84.7382322 84.4958812 84.51831412 84.54074705 84.56317998 84.58561291 84.60663867 84.62750809 84.64837751 84.66924692 84.66114015 84.61301864 84.51171969 84.3749691 84.23821852 84.10146794 84.01202995 84.26955089 84.50409827 84.68504066 84.80223429 84.85036678 84.89849928 84.94663177 84.99476426 
91.42181255 91.68283912 91.29516638 90.90749365 90.51982091 90.13214817 89.74447544 89.72322184 89.859005 89.99478817 90.13057133 90.2663545 90.36725942 90.35531586 90.3489047 90.34966983 90.35043496 90.35120009 90.35196522 90.27012749 89.47258124 88.75392234 88.03526344 87.31660455 86.59794565 85.87928675 85.60632736 85.44479284 85.2640176 86.012544 87.11659852 88.22065305 86.87674932 88.01842398 89.6540259 90.16729585 89.00160367 87.86642312 86.87735109 86.62645867 86.64889159 86.67132452 86.69375745 86.71619037 86.7386233 86.75964907 86.78051849 86.8013879 86.82225732 86.84312673 86.83364014 86.73234119 86.59559061 86.45884003 86.32208945 86.18533887 86.1037863 86.33833368 86.45818351 86.50631601 86.5544485 86.60258099 86.65071348 86.69884598 
93.62791215 93.24023941 92.85256668 92.46489394 92.07722121 91.68954847 91.30187574 91.1112103 91.24699346 91.38277663 91.5185598 91.65434296 91.79012613 91.78699635 91.78776148 91.78852661 91.78929174 91.79005687 91.790822 91.83894718 91.16800927 90.44935037 89.73069147 89.01203257 88.29337368 87.57471478 87.30175539 87.14022087 86.97868636 87.55281871 88.65687324 89.76092777 87.96215564 89.59775756 91.23335947 91.86132752 90.72614697 89.59096641 88.53445783 88.55689075 88.57932368 88.60175661 88.62418954 88.64662246 88.66905539 88.69008116 88.71095057 88.73181999 88.75268941 88.77355882 88.79442824 88.8109226 88.67417202 88.53742144 88.40067086 88.26392028 88.1271697 87.97070574 88.01883823 88.06697072 88.11510322 88.16323571 88.2113682 88.2595007 
96.51622112 96.12854839 95.74087565 95.35320292 94.96553018 94.57785745 94.0974317 93.27436429 92.94941959 93.08520276 93.22098592 93.35676909 93.49255225 93.33174041 92.8958475 92.89661263 92.89737776 92.89814289 92.89890802 92.94703321 93.42139889 92.72660049 92.00794159 91.28928269 90.5706238 89.8519649 89.57900551 89.41747099 89.26312839 89.22130677 90.3253613 91.42941583 89.89209299 91.52769491 93.16329683 93.52624484 92.39106429 91.25588373 89.82351934 89.151853 89.17428593 89.19671885 89.21915178 89.24158471 89.26401764 89.2850434 89.30591282 89.32678224 89.34765165 89.36852107 89.85326049 90.03726347 89.90051289 89.76376231 89.62701173 89.49026115 89.20688841 88.82486624 88.71893097 88.76706347 88.81519596 88.86332845 88.91146095 88.95959344 
99.4045301 99.01685736 98.62918463 98.24151189 97.85383916 97.37567568 96.87488951 96.0518221 95.09063416 94.78762888 94.92341205 95.05919521 95.19497838 95.03416653 94.42846217 94.00469866 94.00546378 94.00622891 94.00699404 94.05511923 94.52948492 95.00385061 94.28519171 93.56653281 92.84787391 92.12921502 91.85625563 91.69472111 91.55715965 91.40044234 91.99384936 93.09790389 91.82203035 93.45763226 94.91595321 95.19116217 94.05598161 92.75213347 91.15784819 90.42582539 89.76924817 89.7916811 89.81411403 89.83654695 89.85897988 89.88000565 89.90087507 89.92174448 89.9426139 90.41446804 91.07960136 91.26360434 91.12685376 90.99010318 90.85335259 90.57696187 90.09111092 89.70908875 89.56933373 89.46715621 89.5152887 89.5634212 89.61155369 89.65968618 
102.2928391 101.9051663 101.5174936 101.1298209 100.6539197 100.1531335 99.65234733 98.82927992 97.86809197 96.90690403 96.62583817 96.76162134 96.8974045 96.73659266 96.1308883 95.52518393 95.11354981 95.11431494 95.11508007 95.16320525 95.63757094 96.11193663 96.56244183 95.84378293 95.12512403 94.40646514 94.13350574 93.9784782 93.85119091 93.6944736 93.66233742 94.76639195 93.7519677 95.38756962 96.58087053 96.85607949 95.72089893 94.08646232 92.49217704 91.76015425 91.02813145 90.38664335 90.40907627 90.4315092 90.45394213 90.47496789 90.49583731 90.51670673 90.97567559 91.64080891 92.30594223 92.4899452 92.35319462 92.21644404 91.94703532 91.46118438 90.97533343 90.59331127 90.45355624 90.31380122 90.21538145 90.26351394 90.31164643 90.35977893 
105.181148 104.7934753 104.4058026 103.9321636 103.4313775 102.9305913 102.4298051 101.6067377 100.6455498 99.68436184 98.7231739 98.46404746 98.59983063 98.43901878 97.83331442 97.22761006 96.6219057 96.22240096 96.22316609 96.27129127 96.74565696 97.22002265 97.69438834 98.12103305 97.40237415 96.68371525 96.41075586 96.27250946 96.14522217 95.98850486 95.81594062 96.43488001 95.68190505 97.21113839 98.24578785 98.52099681 97.23064208 95.42079117 93.82650589 93.0944831 92.3624603 91.63043751 91.00403852 91.02647145 91.04890437 91.06993014 91.09079956 91.53688315 92.20201646 92.86714978 93.53228309 93.71628607 93.57953549 93.31710878 92.83125783 92.34540689 91.85955594 91.47753378 91.33777875 91.19802373 91.0582687 90.96360668 91.01173918 91.05987167 
108.069457 107.6817843 107.2104076 106.7096214 106.2088353 105.7080491 105.207263 104.3841955 103.4230076 102.4618197 101.5006317 100.5394438 100.3022568 100.1414449 99.53574054 98.93003618 98.32433182 97.71862746 97.33125211 97.3793773 97.85374299 98.32810868 98.80247437 99.27684006 99.67962427 98.96096537 98.69382801 98.56654072 98.43925342 98.28253612 98.10997188 98.10336807 97.61184241 98.87605571 99.91070518 100.1859141 98.56497093 96.75512002 95.16083474 94.42881195 93.69678916 92.96476636 92.23274357 91.62143369 91.64386662 91.66489239 92.0980907 92.76322401 93.42835733 94.09349065 94.75862396 94.94262694 94.68718223 94.20133129 93.71548034 93.2296294 92.74377846 92.36175629 92.22200126 92.08224624 91.94249121 91.80273619 91.71183192 91.75996441 
110.957766 110.4886516 109.9878654 109.4870793 108.9862931 108.4855069 107.9847208 107.1616534 106.2004654 105.2392775 104.2780895 103.3169016 102.3557136 101.843871 101.2381667 100.6324623 100.0267579 99.42105358 98.81534922 98.48746332 98.96182901 99.4361947 99.91056039 100.3849261 100.8592918 101.2382155 100.9878593 100.860572 100.7332847 100.5765674 100.4040031 100.2314389 99.50632357 100.540973 101.5756225 101.7091507 99.89929978 98.08944887 96.49516359 95.7631408 95.03111801 94.29909521 93.56707242 92.83504963 92.23882886 92.65929825 93.32443157 93.98956488 94.6546982 95.31983151 95.98496483 96.05725569 95.57140474 95.0855538 94.59970286 94.11385191 93.62800097 93.2459788 93.10622377 92.96646875 92.82671372 92.6869587 92.54720368 92.46005716 
112.1392212 111.3898285 110.8890423 110.3882561 109.88747 109.3866838 108.8858976 108.2028476 107.2416597 106.2804718 105.3192838 104.3580959 103.3969079 102.5779134 101.972209 101.3665047 100.7608003 100.155096 99.5493916 98.93769132 99.41205701 99.8864227 100.3607884 100.8351541 101.3095198 101.6251971 101.7000605 101.5727732 101.4454859 101.2887686 101.1162044 100.9436401 100.0881403 101.1227897 102.1574392 102.1675522 100.3577013 98.54785037 96.95356509 96.2215423 95.4895195 94.75749671 94.02547392 93.29345112 92.8899836 92.9874473 93.65258062 94.31771393 94.98284725 95.64798056 96.31311388 96.70406845 96.2182175 95.73236656 95.24651561 94.76066467 94.27481372 93.89279156 93.75303653 93.61328151 93.47352648 93.33377146 93.19401644 93.12420612 
112.6379349 111.5404929 111.0397068 110.5389206 110.0381344 109.5373483 109.0365621 108.4935296 107.5883486 106.6271606 105.6659727 104.7047847 103.7435968 102.9246023 102.3188979 101.7131936 101.1074892 100.5017848 99.89608048 99.12477611 99.5991418 100.0735075 100.5478732 101.0222389 101.4966046 101.2939 101.7795297 101.6522424 101.5249551 101.3682378 101.1956736 101.0231094 100.1751658 101.2713662 102.3060156 102.2871673 100.4657318 98.65588092 97.06159564 96.32957285 95.59755006 94.86552726 94.13350447 93.40148168 93.64198247 92.95631963 93.62145294 94.28658626 94.95171957 95.61685289 96.28198621 96.97037778 96.77006636 96.28421542 95.79836447 95.31251353 94.82666258 94.44464041 94.30488539 94.16513037 94.02537534 93.88562032 93.74586529 93.77397757 
113.1366486 111.9255579 111.1903713 110.6895851 110.1887989 109.6880128 109.1872266 108.644194 107.9350375 106.9738495 106.0126616 105.0514736 104.0902857 103.2712912 102.6655868 102.0598824 101.4541781 100.8484737 100.1027086 99.31186089 99.78622658 100.2605923 100.734958 101.2093237 101.5461594 100.9626028 101.858999 101.7317117 101.6044244 101.4477071 101.2751428 100.9925252 100.2534211 101.4199426 102.4545921 102.4357437 100.5737624 98.76391148 97.1696262 96.4376034 95.70558061 94.97355782 94.24153502 93.81178307 94.39398134 93.61242545 93.59032527 94.25545859 94.9205919 95.58572522 96.25085853 96.93925011 97.32191522 96.83606427 96.35021333 95.86436239 95.37851144 94.99648927 94.85673425 94.71697922 94.5772242 94.43746918 94.36366202 94.42374902 
113.6353623 112.4242716 111.3410357 110.8402496 110.3394634 109.8386773 109.3378911 108.7948585 108.2337204 107.3205384 106.3593505 105.3981625 104.4369746 103.6179801 103.0122757 102.4065713 101.800867 101.1951626 100.2897934 99.49894568 99.97331137 100.4476771 100.9220428 101.3964084 101.2148623 100.6313056 101.7540425 101.8111809 101.6838936 101.5271763 101.3546121 100.9085819 100.3316765 101.5685191 102.6031685 102.5843202 100.6817929 98.87194203 97.27765675 96.54563396 95.81361116 95.08158837 94.34956558 94.56378195 95.14598021 94.36442433 93.5591976 94.22433091 94.88946423 95.55459754 96.21973086 96.90812243 97.61201951 97.38791313 96.90206219 96.41621124 95.9303603 95.54833813 95.40858311 95.26882808 95.12907306 94.98931803 95.01343347 95.07352047 
114.134076 112.9229853 111.7118946 110.9909141 110.4901279 109.9893417 109.4885556 108.945523 108.3843849 107.6672273 106.7060393 105.7448514 104.7836634 103.9646689 103.3589646 102.7532602 102.1475558 101.4083052 100.4768782 99.68603047 100.1603962 100.6347618 101.1091275 101.4671218 100.8835651 100.3000085 101.4227453 101.8906501 101.7633628 101.6066455 101.4340813 100.8246386 100.4099318 101.7170955 102.751745 102.7328966 100.7898235 98.97997258 97.3856873 96.65366451 95.92164172 95.18961892 94.73358255 95.31578082 95.89797909 95.1164232 94.18333907 94.19320324 94.85833655 95.52346987 96.18860318 96.87699476 97.58089184 97.93976199 97.45391105 96.9680601 96.48220916 96.10018699 95.96043196 95.82067694 95.68092192 95.60311792 95.66320492 95.72329192 
114.6327898 113.4216991 112.2106083 111.1415786 110.6407924 110.1400062 109.6392201 109.0961875 108.5350493 107.9739112 107.0527282 106.0915403 105.1303523 104.3113578 103.7056535 103.0999491 102.4942447 101.59539 100.663963 99.87311526 100.3474809 100.8218466 101.2962123 101.1358246 100.552268 99.96871134 101.0914482 101.9701194 101.8428321 101.6861148 101.5135505 100.7406952 100.4881871 101.8417532 102.9003214 102.8814731 100.9061287 99.08800314 97.49371786 96.76169506 96.02967227 95.29764948 95.48558143 96.06777969 96.64997796 95.86842207 94.93533795 94.16207556 94.82720888 95.4923422 96.15747551 96.84586708 97.54976416 98.25366124 98.0057599 97.51990896 97.03405801 96.65203585 96.51228082 96.3725258 96.23277077 96.25288937 96.31297637 96.37306336 
115.1315035 113.9204128 112.7093221 111.4982314 110.7914569 110.2906707 109.7898845 109.246852 108.6857138 108.1245757 107.3994171 106.4382292 105.4770412 104.6580467 104.0523423 103.446638 102.7139018 101.7824748 100.8510478 100.0602 100.5345657 101.0089314 101.3880841 100.8045275 100.2209708 99.63741418 100.760151 102.0495886 101.9223013 101.765584 101.4963062 100.6567519 100.5664424 101.9200086 103.0488979 103.0300495 101.0547052 99.19603369 97.60174841 96.86972562 96.13770282 95.65538203 96.2375803 96.81977856 97.40197683 96.62042094 95.68733682 94.75425269 94.79608121 95.46121452 96.12634784 96.81473941 97.51863649 98.22253357 98.55760876 98.07175782 97.58590687 97.2038847 97.06412968 96.92437466 96.84257382 96.90266082 96.96274781 97.02283481 
115.6302172 114.4191265 113.2080358 111.9969451 110.9421214 110.4413352 109.940549 109.3975165 108.8363783 108.2752402 107.714102 106.784918 105.8237301 105.0047356 104.3990312 103.7933269 102.9009866 101.9695596 101.0381326 100.2472848 100.7216505 101.1960162 101.056787 100.4732303 99.88967367 99.30611703 100.4288539 101.978164 102.0017705 101.8450532 101.4123629 100.5728085 100.6446978 101.9982639 103.1974743 103.178626 101.2032816 99.30406424 97.70977896 96.97775617 96.24573338 96.4073809 96.98957917 97.57177744 98.1539757 97.37241982 96.43933569 95.50625156 94.76495353 95.43008685 96.09522016 96.78361174 97.48750882 98.1914059 98.89530298 98.62360668 98.13775573 97.75573356 97.61597854 97.47622351 97.49234527 97.55243227 97.61251926 97.67260626 
116.1289309 114.9178402 113.7067495 112.4956588 111.2845681 110.5919997 110.0912135 109.548181 108.9870428 108.4259046 107.8647665 107.1316069 106.170419 105.3514245 104.7457201 104.0194984 103.0880714 102.1566444 101.2252174 100.4343696 100.9087353 101.3090464 100.7254898 100.1419332 99.55837651 98.97481987 100.0975567 101.6468669 102.0812398 101.9245224 101.3284195 100.4888652 100.7229531 102.0765192 103.3460508 103.3272024 101.3518581 99.4120948 97.81780952 97.08578672 96.57718151 97.15937978 97.74157804 98.32377631 98.90597458 98.12441869 97.19133456 96.25825044 95.32516631 95.39895917 96.06409249 96.75248406 97.45638114 98.16027822 98.8641753 99.17545553 98.68960459 98.30758242 98.1678274 98.08202972 98.14211672 98.20220371 98.26229071 98.32237771 
116.6276446 115.4165539 114.2054632 112.9943725 111.7832818 110.7426642 110.241878 109.6988454 109.1377073 108.5765691 108.015431 107.4542928 106.5171078 105.6981133 105.092409 104.2065831 103.2751561 102.3437291 101.4123021 100.6214544 101.0958201 100.9777493 100.3941926 99.810636 99.22707936 98.64352272 99.76625954 101.3155697 102.160709 102.0039917 101.2444762 100.4049219 100.8012084 102.1547745 103.4946272 103.4757789 101.5004345 99.52509015 97.92584007 97.19381728 97.32918038 97.91137865 98.49357692 99.07577518 99.65797345 98.87641756 97.94333344 97.01024931 96.07716518 95.3678315 96.03296482 96.72135639 97.42525347 98.12915055 98.83304763 99.53694471 99.24145345 98.85943128 98.71967625 98.73180117 98.79188817 98.85197516 98.91206216 98.97214916 
117.1263583 115.9152676 114.7041769 113.4930862 112.2819955 111.0709048 110.3925425 109.8495099 109.2883718 108.7272336 108.1660955 107.6049573 106.8637967 106.0448022 105.3250949 104.3936679 103.4622409 102.5308139 101.5993869 100.8085392 101.2300088 100.6464521 100.0628955 99.47933885 98.8957822 98.31222556 99.43496239 100.9842726 102.2401782 102.0000871 101.1605328 100.3209785 100.8794637 102.2330299 103.586596 103.6243553 101.649011 99.6736666 98.03387062 97.49898099 98.08117925 98.66337752 99.24557579 99.82777405 100.4099723 99.62841643 98.69533231 97.76224818 96.82916406 95.89607993 96.00183714 96.69022872 97.39412579 98.09802287 98.80191995 99.50581703 99.7933023 99.41128014 99.32148562 99.38157262 99.44165961 99.50174661 99.56183361 99.62192061 
117.625072 116.4139813 115.2028906 113.9917999 112.7807092 111.5696185 110.543207 110.0001744 109.4390363 108.8778981 108.3167599 107.7556218 107.1944836 106.3914911 105.5121797 104.5807527 103.6493257 102.7178987 101.7864717 100.995624 100.8987116 100.315155 99.73159833 99.14804169 98.56448505 97.98092841 99.10366523 100.6529754 102.2022856 101.9161438 101.0765895 100.2370352 100.9577191 102.3112852 103.6648513 103.7729318 101.7975874 99.82224305 98.14190118 98.25097986 98.83317813 99.41537639 99.99757466 100.5797729 101.1619712 100.3804153 99.44733118 98.51424705 97.58116293 96.6480788 95.97070947 96.65910104 97.36299812 98.0668952 98.77079228 99.47468936 100.1785864 99.96312899 99.97125707 100.0313441 100.0914311 100.1515181 100.2116051 100.2716921 
118.1237857 116.912695 115.7016043 114.4905136 113.2794229 112.0683322 110.8572415 110.1508389 109.5897007 109.0285626 108.4674244 107.9062863 107.3451481 106.6306915 105.6992645 104.7678375 103.8364105 102.9049835 101.9735565 101.1509711 100.5674145 99.98385782 99.40030118 98.81674454 98.2331879 97.64963125 98.77236808 100.3216783 101.8709885 101.8322005 100.9926462 100.1530919 101.0359744 102.3895405 103.7431066 103.9215082 101.9461639 99.9708195 98.42078047 99.00297873 99.585177 100.1673753 100.7495735 101.3317718 101.9139701 101.1324142 100.1993301 99.26624593 98.3331618 97.40007768 96.46699355 96.62797337 97.33187045 98.03576753 98.73966461 99.44356169 100.1474588 100.5609415 100.6210285 100.6811155 100.7412025 100.8012895 100.8613765 100.9214635 
117.9583263 116.6808338 115.4697431 114.2586524 113.0475617 111.836471 110.6253803 109.8692563 109.3081182 108.74698 108.1858419 107.6247037 107.0635655 106.3426916 105.4149898 104.4835628 103.5521358 102.6207088 101.6892818 100.7926418 100.2090851 99.62552851 99.04197187 98.45841523 97.87485858 97.34092548 98.66928765 100.2185978 101.767908 101.7644563 100.924902 100.0853477 101.0196294 102.3731955 103.7267617 103.9677807 101.9924364 100.017092 98.21399595 98.68939594 99.2715942 99.85379247 100.4359907 101.018189 101.6003873 100.8188314 99.88574726 98.95266313 98.01957901 97.08649488 96.17164237 96.42033919 97.12423627 97.82813335 98.53203043 99.23592751 99.93982459 100.4505786 100.5106656 100.5707526 100.6308396 100.6909266 100.7510136 100.9957106 
117.6821715 116.32721 115.1161193 113.9050286 112.6939379 111.4828472 110.2717565 109.5156326 108.9544944 108.3933563 107.8322181 107.27108 106.6463743 105.8885902 105.0521551 104.1207281 103.1893011 102.2578741 101.3264471 100.4298071 99.84625048 99.26269384 98.6791372 98.09558055 97.51202391 97.08861595 98.60424334 100.1535535 101.7028637 101.699412 100.8598577 100.0203034 100.9875177 102.3410838 103.69465 103.9970026 102.0216583 100.0463139 97.96068511 98.1982162 98.78041447 99.36261273 99.944811 100.5270093 101.1092075 100.3276516 99.39456752 98.46148339 97.52839927 96.59531514 96.12713723 96.30510258 96.88718434 97.59108142 98.2949785 98.99887558 99.70277266 100.2135267 100.2736137 100.3337007 100.3937877 100.4538747 100.5139617 100.974037 
117.4060166 116.0368262 114.7624956 113.5514049 112.3403142 111.1292235 109.9181328 109.1620089 108.6008707 108.0397325 107.4785944 106.9174562 106.1922729 105.4344888 104.6893204 103.7578934 102.8264664 101.8950394 100.9636124 100.0669724 99.48341581 98.89985917 98.31630253 97.73274588 97.19430155 96.83630643 98.53919903 100.0885092 101.6378194 101.6343677 100.7948134 99.93592663 100.955406 102.3089721 103.6625383 104.0262245 102.0508802 100.0755358 97.70737427 97.80412581 98.28923473 98.87143299 99.45363126 100.0358295 100.6180278 99.83647191 98.90338778 97.97030365 97.03721953 96.1041354 96.0826321 96.26059744 96.65013241 97.35402949 98.05792657 98.76182365 99.46572073 99.97647478 100.0365618 100.0966488 100.1567358 100.2168228 100.4527288 100.9523633 
117.1298617 115.7606713 114.4088719 113.1977812 111.9866905 110.7755997 109.564509 108.8083851 108.247247 107.6861088 107.1249706 106.5043661 105.7381715 104.9803873 104.235219 103.3950587 102.4636317 101.5322047 100.6007777 99.70413778 99.12058114 98.5370245 97.95346785 97.36991121 96.94199202 96.5839969 98.36332429 100.0234649 101.5727751 101.5693234 100.7297691 99.84720007 100.9232943 102.2768604 103.686197 104.0554464 102.0801021 99.93754445 97.45406343 97.55081497 97.79805499 98.38025325 98.96245152 99.54464979 100.1268481 99.34529217 98.41220804 97.47912391 96.54603979 96.05963026 96.03812696 96.2160923 96.52703675 97.11697756 97.82087464 98.52477172 99.2286688 99.73942285 99.79950985 99.85959685 99.91968385 99.97977085 100.4310552 100.9306897 
116.8537068 115.4845164 114.115326 112.8441574 111.6330667 110.421976 109.2108853 108.4547614 107.8936232 107.3324851 106.7713469 106.0502647 105.2840701 104.5262859 103.7811176 103.0322241 102.1007971 101.1693701 100.2379431 99.34130311 98.75774647 98.17418982 97.59063318 97.04767762 96.6896825 96.33168738 98.11101476 99.95842061 101.5077308 101.5042791 100.6647248 99.75847352 100.8911826 102.2447487 103.7154189 104.0846683 102.1093239 99.68423361 97.20075259 97.29750413 97.39425566 97.88907351 98.47127178 99.05347005 99.63566831 98.85411243 97.9210283 96.98794417 96.05486005 96.01512513 95.99362182 96.17158717 96.48253161 96.87992563 97.58382271 98.28771979 98.99161687 99.50237092 99.56245792 99.62254492 99.68263192 99.90974699 100.4093815 100.9090161 
116.5775519 115.2083615 113.8391711 112.4905337 111.279443 110.0683523 108.8572616 108.1011376 107.5399995 106.9788613 106.3623579 105.5961633 104.8299686 104.0721845 103.3270162 102.5818478 101.7379624 100.8065354 99.8751084 98.97846844 98.3949118 97.81135515 97.22779851 96.79536809 96.43737297 96.07937785 97.85870524 99.8933763 101.4426865 101.4392348 100.5996804 99.66974697 100.8590709 102.2126371 103.7446408 104.1138902 102.1385458 99.43092277 96.94744175 97.04419328 97.14094482 97.39789377 97.98009204 98.56229031 99.14448857 98.36293269 97.42984856 96.49676443 95.99212329 95.97061999 95.94911669 96.12708203 96.43802647 96.74897091 97.34677078 98.05066786 98.75456494 99.265319 99.32540599 99.38549299 99.44557999 99.88807336 100.3877079 100.8873425 
116.301397 114.9322066 113.5630162 112.1938258 110.9258192 109.7147285 108.5036378 107.7475139 107.1863757 106.6252376 105.9082565 105.1420619 104.3758672 103.6180831 102.8729148 102.1277464 101.3751277 100.4437007 99.51227373 98.61563377 98.03207712 97.44852048 96.90105369 96.54305857 96.18506345 95.82706833 97.60639571 99.82833199 101.3776422 101.3741904 100.5172369 99.58102042 100.8269592 102.1805254 103.7738627 104.1431121 102.1677677 99.17761193 96.69413091 96.79088244 96.88763398 96.98438551 97.4889123 98.07111057 98.65330883 97.87175295 96.93866882 96.00558469 95.94761816 95.92611485 95.90461155 96.08257689 96.39352134 96.70446578 97.10971885 97.81361593 98.51751301 99.02826707 99.08835406 99.14844106 99.36676518 99.86639973 100.3660343 100.8656688 
116.0252421 114.6560517 113.2868613 111.9176709 110.5721955 109.3611048 108.1500141 107.3938902 106.832752 106.2203497 105.4541551 104.6879605 103.9217658 103.1639817 102.4188134 101.673645 100.9284767 100.0808661 99.14943906 98.2527991 97.66924245 97.08568581 96.64874416 96.29074904 95.93275392 95.5747588 97.35408619 99.6677442 101.3125979 101.3091461 100.4285104 99.49229387 100.7948475 102.1713616 103.8030846 104.1723339 102.0528402 98.92430109 96.44082007 96.5375716 96.63432314 96.73107467 96.99773256 97.57993083 98.16212909 97.38057321 96.44748908 95.92461632 95.90311302 95.88160972 95.86010641 96.03807176 96.3490162 96.65996064 96.97090508 97.576564 98.28046108 98.79121514 98.85130213 98.91138913 99.34509155 99.8447261 100.3443607 100.8439952 
115.7490872 114.3798968 113.0107064 111.641516 110.2723257 109.0074811 107.7963904 107.0402664 106.4791283 105.7662483 105.0000537 104.233859 103.4676644 102.7098803 101.9647119 101.2195436 100.4743753 99.71803139 98.78660439 97.88996442 97.30640778 96.75442975 96.39643464 96.03843952 95.6804444 95.32244928 97.10177666 99.41543468 101.2475536 101.2441018 100.3397838 99.40356732 100.7627358 102.2005835 103.8323064 104.2015558 101.7995294 98.67099025 96.18750923 96.28426076 96.3810123 96.47776383 96.57451536 97.08875109 97.67094935 96.88939347 95.95630934 95.88011119 95.85860788 95.83710458 95.81560128 95.99356662 96.30451106 96.6154555 96.92639994 97.33951207 98.04340915 98.55416321 98.61425021 98.82378337 99.32341792 99.82305248 100.322687 100.8223216 
115.4729323 114.1037419 112.7345515 111.3653612 109.9961708 108.6538573 107.4427666 106.6866427 106.0783415 105.3121469 104.5459523 103.7797576 103.013563 102.2557789 101.5106105 100.7654422 100.0202738 99.2751055 98.42376972 97.52712975 96.94357311 96.50212023 96.14412511 95.78612999 95.42813487 95.07013975 96.84946714 99.16312515 101.1825093 101.1790575 100.2510573 99.31484076 100.7306242 102.2298054 103.8615283 104.2307777 101.5462186 98.41767941 95.93419839 96.03094992 96.12770146 96.22445299 96.32120452 96.59757135 97.17976961 96.39821373 95.85710935 95.83560605 95.81410275 95.79259944 95.77109614 95.94906148 96.26000593 96.57095037 96.88189481 97.19283925 97.80635722 98.31711128 98.37719828 98.80210974 99.3017443 99.80137885 100.3010134 100.800648 
115.1967774 113.827587 112.4583966 111.0892063 109.7200159 108.3508255 107.0891429 106.333019 105.6242401 104.8580455 104.0918509 103.3256562 102.5594616 101.8016775 101.0565091 100.3113408 99.56617243 98.82100408 98.06093505 97.16429508 96.60780582 96.2498107 95.89181558 95.53382047 95.17582535 94.81783023 96.59715761 98.91081562 101.1174649 101.0985473 100.1623307 99.22611421 100.6985125 102.2590273 103.8907502 104.2599996 101.2929077 98.16436857 95.68088755 95.77763908 95.87439062 95.97114215 96.06789368 96.16464522 96.68858987 95.90703399 95.81260422 95.79110091 95.76959761 95.74809431 95.726591 95.90455635 96.21550079 96.52644523 96.83738967 97.14833411 97.56930529 98.08005935 98.28080156 98.78043612 99.28007067 99.77970522 100.2793398 100.7789743 
114.9206225 113.5514321 112.1822418 110.8130514 109.443861 108.0746706 106.7355191 105.9363334 105.1701387 104.4039441 103.6377494 102.8715548 102.1053602 101.347576 100.6024077 99.85723936 99.11207102 98.36690267 97.62173433 96.80146041 96.3554963 95.99750118 95.63950606 95.28151094 94.92351582 94.5655207 96.34484809 98.6585061 100.9721641 101.0098207 100.0736042 99.13738766 100.6664008 102.2882491 103.9199721 104.168136 101.0395969 97.91105773 95.42757671 95.52432824 95.62107978 95.71783131 95.81458284 95.91133438 96.19741013 95.78960239 95.76809908 95.74659578 95.72509248 95.70358917 95.68208587 95.86005121 96.17099565 96.48194009 96.79288454 97.10382898 97.41477342 97.84300742 98.25912794 98.75876249 99.25839704 99.75803159 100.2576661 100.7573007 
114.6444676 113.2752773 111.9060869 110.5368965 109.1677061 107.7985157 106.4293253 105.4822319 104.7160373 103.9498427 103.183648 102.4174534 101.6512588 100.8934746 100.1483063 99.40313795 98.6579696 97.91280126 97.16763292 96.46118189 96.10318677 95.74519165 95.38719653 95.02920142 94.6712063 94.31321118 96.09253856 98.40619657 100.7198546 100.9210942 99.98487763 99.04866111 100.6857481 102.317471 103.949194 103.9148252 100.786286 97.65774689 95.17426587 95.2710174 95.36776894 95.46452047 95.561272 95.65802354 95.75477507 95.74509725 95.72359395 95.70209064 95.68058734 95.65908404 95.63758073 95.81554608 96.12649052 96.43743496 96.7483794 97.05932384 97.37026828 97.73781976 98.23745431 98.73708886 99.23672341 99.73635796 100.2359925 100.7356271 
