42.10357155 40.36098257 38.61839359 36.87580462 35.13321564 33.39062666 31.64803768 29.90544871 28.16285973 26.42027075 24.7169768 23.7209934 22.72500999 21.72902659 20.73304318 19.73705978 18.74107637 17.74509296 16.74910956 15.75312615 14.75714275 13.76115934 12.76517594 11.76919253 11.21647282 10.78195675 10.34744069 9.912924622 9.478408558 9.043892494 8.609376429 8.174860365 7.740344301 7.305828237 6.871312172 6.436796108 6.002280044 5.670866969 5.432246585 5.193626201 4.955005817 4.716385433 4.477765049 4.239144665 4.000524281 3.761903897 3.523283514 3.28466313 3.046042746 2.807422362 2.599223863 2.476206643 2.353189422 2.230172202 2.107154982 1.984137762 1.861120542 1.738103321 1.615086101 1.492068881 1.369051661 1.24603444 1.12301722 1 
34.55199246 32.80940348 31.0668145 29.32422552 27.58163655 25.83904757 24.09645859 22.35386961 20.61128064 20.67714576 20.70996774 19.71398433 18.71800093 17.72201752 16.72603412 15.73005071 14.73406731 13.7380839 12.7421005 11.74611709 10.75013368 10.11085512 10.08307055 10.05528599 9.987787431 9.909698469 9.756572223 9.322056159 8.887540095 8.45302403 8.018507966 7.583991902 7.149475837 6.714959773 6.280443709 5.845927644 5.41141158 5.079998506 4.841378122 4.602757738 4.364137354 4.12551697 3.886896586 3.648276202 3.409655818 3.171035434 2.93241505 2.693794666 2.594153209 2.5205703 2.450840148 2.391897714 2.33295528 2.230172202 2.107154982 1.984137762 1.861120542 1.738103321 1.615086101 1.492068881 1.369051661 1.24603444 1.12301722 1 
27.00041337 25.25782439 23.51523541 21.77264643 20.03005746 18.28746848 16.5448795 16.49018101 16.58015885 16.67013669 16.70295868 15.70697527 14.71099187 13.71500846 12.71902505 11.72304165 10.72705824 9.731074838 8.735091432 8.656349037 8.628564475 8.600779914 8.572995352 8.545210791 8.477712229 8.399623267 8.321534306 8.243445344 8.165356383 7.862155567 7.427639502 6.993123438 6.558607374 6.12409131 5.689575245 5.255059181 4.820543117 4.489130042 4.250509658 4.011889274 3.77326889 3.534648506 3.296028122 3.057407738 2.818787354 2.649656434 2.576073525 2.502490617 2.428907708 2.3553248 2.285594648 2.226652213 2.167709779 2.108767345 2.04982491 1.984137762 1.861120542 1.738103321 1.615086101 1.492068881 1.369051661 1.24603444 1.12301722 1 
19.44883428 17.7062453 15.96365632 14.22106734 12.47847836 12.30321627 12.39319411 12.48317195 12.57314979 12.66312763 12.69594961 11.69996621 10.7039828 9.707999397 8.712015991 7.716032586 7.229627519 7.201842958 7.174058396 7.146273835 7.118489273 7.090704712 7.06292015 7.035135589 6.967637027 6.889548065 6.811459104 6.733370142 6.655281181 6.577192219 6.499103257 6.402254975 5.96773891 5.533222846 5.098706782 4.664190717 4.229674653 3.898261579 3.659641195 3.421020811 3.182400427 2.943780043 2.705159659 2.63157675 2.557993842 2.484410933 2.410828025 2.337245116 2.263662208 2.190079299 2.120349147 2.061406713 2.002464278 1.943521844 1.88457941 1.825636976 1.766694541 1.707752107 1.615086101 1.492068881 1.369051661 1.24603444 1.12301722 1 
11.89725518 10.15466621 8.412077229 8.116251528 8.206229368 8.296207207 8.386185047 8.476162887 8.566140726 8.656118566 8.688940551 7.692957145 6.696973739 5.802906002 5.77512144 5.747336879 5.719552317 5.691767756 5.663983194 5.636198633 5.608414071 5.58062951 5.552844948 5.525060387 5.457561825 5.379472863 5.301383902 5.22329494 5.145205979 5.067117017 4.989028055 4.910939094 4.832850132 4.754761171 4.507838318 4.073322254 3.63880619 3.307393115 3.068772731 2.830152347 2.687079975 2.613497067 2.539914158 2.46633125 2.392748341 2.319165433 2.245582524 2.171999616 2.098416707 2.024833799 1.955103647 1.896161212 1.837218778 1.778276344 1.719333909 1.660391475 1.601449041 1.542506606 1.483564172 1.424621738 1.365679304 1.24603444 1.12301722 1 
4.345676093 3.929286785 4.019264625 4.109242465 4.199220304 4.289198144 4.379175984 4.469153823 4.559131663 4.649109503 4.681931487 4.348399923 4.320615361 4.2928308 4.265046238 4.237261677 4.209477115 4.181692554 4.153907992 4.126123431 4.098338869 4.070554308 4.042769746 4.014985184 3.947486623 3.869397661 3.7913087 3.713219738 3.635130777 3.557041815 3.478952853 3.400863892 3.32277493 3.244685969 3.166597007 3.088508045 3.010419084 2.7425832 2.669000292 2.595417383 2.521834475 2.448251566 2.374668658 2.301085749 2.227502841 2.153919932 2.080337024 2.006754115 1.933171207 1.859588298 1.789858146 1.730915712 1.671973277 1.613030843 1.554088409 1.495145974 1.43620354 1.377261106 1.318318672 1.259376237 1.200433803 1.141491369 1.082548934 1 
2.998019305 3.041638641 3.11648897 3.206466809 3.296444649 3.386422489 3.476400328 3.566378168 3.656356008 3.746333847 3.830113666 3.802329104 3.774544543 3.746759981 3.71897542 3.691190858 3.663406297 3.635621735 3.607837174 3.580052612 3.552268051 3.524483489 3.519805235 3.533437639 3.526909394 3.513611618 3.435522656 3.357433695 3.279344733 3.201255771 3.12316681 3.045077848 2.966988887 2.888899925 2.810810963 2.732722002 2.65463304 2.578915686 2.505332777 2.431749868 2.35816696 2.284584051 2.211001143 2.137418234 2.063835326 1.990252417 1.916669509 1.8430866 1.771048741 1.746392405 1.720680411 1.692012573 1.648366777 1.589424343 1.530481909 1.471539474 1.41259704 1.353654606 1.294712171 1.235769737 1.176827303 1.117884869 1.058942434 1 
2.684349567 2.727968904 2.771588241 2.821063388 2.911041228 3.001019068 3.090996907 3.180974747 3.270952587 3.360930426 3.444710245 3.416925684 3.389141122 3.36135656 3.333571999 3.305787437 3.278002876 3.250218314 3.222433753 3.194649191 3.192586745 3.20621915 3.219851554 3.233483958 3.226955713 3.215051295 3.203146877 3.19124246 3.115940216 3.037851254 2.959762293 2.881673331 2.803584369 2.725495408 2.647406446 2.569317485 2.491228523 2.415511168 2.34192826 2.268345351 2.194762443 2.121179534 2.047596626 1.974013717 1.900430809 1.8268479 1.757900141 1.733243804 1.708587468 1.683931132 1.658219137 1.6295513 1.600883462 1.572215625 1.530481909 1.471539474 1.41259704 1.353654606 1.294712171 1.235769737 1.176827303 1.117884869 1.058942434 1 
2.370679829 2.414299166 2.457918503 2.50153784 2.545157177 2.615615647 2.705593487 2.795571326 2.885549166 2.975527006 3.059306824 3.031522263 3.003737701 2.97595314 2.948168578 2.920384017 2.892599455 2.864814894 2.865368256 2.87900066 2.892633064 2.906265468 2.919897872 2.933530277 2.927002032 2.915097614 2.903193196 2.891288778 2.879384361 2.867479943 2.796357775 2.718268814 2.640179852 2.562090891 2.484001929 2.405912967 2.327824006 2.252106651 2.178523743 2.104940834 2.031357925 1.957775017 1.884192108 1.8106092 1.74475154 1.720095203 1.695438867 1.670782531 1.646126195 1.621469858 1.595757864 1.567090026 1.538422189 1.509754351 1.481086514 1.452418676 1.41259704 1.353654606 1.294712171 1.235769737 1.176827303 1.117884869 1.058942434 1 
2.057010092 2.100629429 2.144248765 2.187868102 2.231487439 2.275106776 2.320190066 2.410167905 2.500145745 2.590123585 2.673903403 2.646118842 2.61833428 2.590549719 2.562765157 2.534980596 2.538149766 2.551782171 2.565414575 2.579046979 2.592679383 2.606311787 2.619944191 2.633576595 2.62704835 2.615143933 2.603239515 2.591335097 2.579430679 2.567526262 2.555621844 2.543717426 2.476775335 2.398686373 2.320597412 2.24250845 2.164419489 2.088702134 2.015119225 1.941536317 1.867953408 1.7943705 1.731602939 1.706946602 1.682290266 1.65763393 1.632977594 1.608321257 1.583664921 1.559008585 1.53329659 1.504628753 1.475960915 1.447293078 1.41862524 1.389957403 1.361289565 1.332621728 1.294712171 1.235769737 1.176827303 1.117884869 1.058942434 1 
1.743340354 1.786959691 1.830579028 1.874198365 1.917817702 1.961437038 2.005056375 2.048675712 2.114742324 2.204720164 2.288499982 2.260715421 2.232930859 2.205146298 2.210931277 2.224563681 2.238196085 2.251828489 2.265460893 2.279093298 2.292725702 2.306358106 2.31999051 2.333622914 2.327094669 2.315190251 2.303285834 2.291381416 2.279476998 2.26757258 2.255668162 2.243763745 2.231859327 2.219954909 2.157192894 2.079103933 2.001014971 1.925297617 1.851714708 1.7781318 1.718454338 1.693798002 1.669141665 1.644485329 1.619828993 1.595172656 1.57051632 1.545859984 1.521203648 1.496547311 1.470835317 1.442167479 1.413499642 1.384831804 1.356163967 1.327496129 1.298828292 1.270160455 1.241492617 1.21282478 1.176827303 1.117884869 1.058942434 1 
1.429670616 1.473289953 1.51690929 1.560528627 1.604147964 1.647767301 1.691386638 1.735005975 1.778625311 1.822244648 1.903096561 1.875312 1.883712787 1.897345192 1.910977596 1.92461 1.938242404 1.951874808 1.965507212 1.979139616 1.99277202 2.006404424 2.020036829 2.033669233 2.027140988 2.01523657 2.003332152 1.991427735 1.979523317 1.967618899 1.955714481 1.943810063 1.931905646 1.920001228 1.90809681 1.896192392 1.837610454 1.761893099 1.705305737 1.680649401 1.655993064 1.631336728 1.606680392 1.582024056 1.557367719 1.532711383 1.508055047 1.48339871 1.458742374 1.434086038 1.408374043 1.379706206 1.351038368 1.322370531 1.293702693 1.265034856 1.236367019 1.207699181 1.179031344 1.150363506 1.121695669 1.093027831 1.058942434 1 
1.230186035 1.273805372 1.317424709 1.361044045 1.404663382 1.448282719 1.491902056 1.535521393 1.57914073 1.622760067 1.658710988 1.672343392 1.685975796 1.6996082 1.713240604 1.726873009 1.740505413 1.754137817 1.767770221 1.781402625 1.795035029 1.808667433 1.822299837 1.835983984 1.836426902 1.824522484 1.812618066 1.800713649 1.788809231 1.776904813 1.765000395 1.753095977 1.74119156 1.729287142 1.717382724 1.705478306 1.693573888 1.674957935 1.650301598 1.625645262 1.600988926 1.576332589 1.551676253 1.527019917 1.502363581 1.477707244 1.453050908 1.428394572 1.403738235 1.379081899 1.368796312 1.34401405 1.315346212 1.286678375 1.258010537 1.2293427 1.200674862 1.172007025 1.143339187 1.11467135 1.086003512 1.057335675 1.028667837 1 
1.182948328 1.226567665 1.270187002 1.313806339 1.357425675 1.401045012 1.444664349 1.488283686 1.531903023 1.572622286 1.597262917 1.610895321 1.624527725 1.638160129 1.651792533 1.665424938 1.679057342 1.692689746 1.70632215 1.719954554 1.733586958 1.747219362 1.760910564 1.7747664 1.780649702 1.779461192 1.767556774 1.755652356 1.743747938 1.731843521 1.719939103 1.708034685 1.696130267 1.684225849 1.672321432 1.660417014 1.648512596 1.629896642 1.605240306 1.58058397 1.555927633 1.531271297 1.506614961 1.481958624 1.457302288 1.432645952 1.407989616 1.383333279 1.358676943 1.350207818 1.346397115 1.339442785 1.315346212 1.286678375 1.258010537 1.2293427 1.200674862 1.172007025 1.143339187 1.11467135 1.086003512 1.057335675 1.028667837 1 
1.135710621 1.179329958 1.222949295 1.266568632 1.310187969 1.353807305 1.397426642 1.441045979 1.484665316 1.511174215 1.535814846 1.54944725 1.563079654 1.576712058 1.590344462 1.603976867 1.617609271 1.631241675 1.644874079 1.658506483 1.672138887 1.685837145 1.699692981 1.713548817 1.719432119 1.723189412 1.722495482 1.710591064 1.698686646 1.686782228 1.67487781 1.662973393 1.651068975 1.639164557 1.627260139 1.615355721 1.603451304 1.58483535 1.560179014 1.535522677 1.510866341 1.486210005 1.461553668 1.436897332 1.412240996 1.38758466 1.362928323 1.338271987 1.330496599 1.32780862 1.323997918 1.317043588 1.310089258 1.286678375 1.258010537 1.2293427 1.200674862 1.172007025 1.143339187 1.11467135 1.086003512 1.057335675 1.028667837 1 
1.088472914 1.132092251 1.175711588 1.219330925 1.262950262 1.306569599 1.350188935 1.393808272 1.424473944 1.449726144 1.474366775 1.487999179 1.501631583 1.515263987 1.528896391 1.542528795 1.5561612 1.569793604 1.583426008 1.597058412 1.610763725 1.624619561 1.638475398 1.652331234 1.658214536 1.661971828 1.665729121 1.665529771 1.653625354 1.641720936 1.629816518 1.6179121 1.606007682 1.594103265 1.582198847 1.570294429 1.558390011 1.539774057 1.515117721 1.490461385 1.465805049 1.441148712 1.416492376 1.39183604 1.367179703 1.342523367 1.317867031 1.310785381 1.308097402 1.305409423 1.30159872 1.29464439 1.28769006 1.280735731 1.258010537 1.2293427 1.200674862 1.172007025 1.143339187 1.11467135 1.086003512 1.057335675 1.028667837 1 
1.041235207 1.084854544 1.128473881 1.172093218 1.215712555 1.259331892 1.302951229 1.337773673 1.363025873 1.388278072 1.412918704 1.426551108 1.440183512 1.453815916 1.46744832 1.481080724 1.494713129 1.508345533 1.521977937 1.535690306 1.549546142 1.563401978 1.577257814 1.59111365 1.596996952 1.600754245 1.604511538 1.608268831 1.608564061 1.596659644 1.584755226 1.572850808 1.56094639 1.549041972 1.537137555 1.525233137 1.513328719 1.494712765 1.470056429 1.445400093 1.420743756 1.39608742 1.371431084 1.346774747 1.322118411 1.297462075 1.291074162 1.288386183 1.285698205 1.283010226 1.279199523 1.272245193 1.265290863 1.258336533 1.251382203 1.2293427 1.200674862 1.172007025 1.143339187 1.11467135 1.086003512 1.057335675 1.028667837 1 
0.9939975004 1.037616837 1.081236174 1.124855511 1.168474848 1.212094185 1.251073403 1.276325602 1.301577802 1.326830001 1.351470633 1.365103037 1.378735441 1.392367845 1.406000249 1.419632653 1.433265058 1.446897462 1.460616887 1.474472723 1.488328559 1.502184395 1.516040231 1.529896067 1.535779369 1.539536662 1.543293955 1.547051247 1.55080854 1.551598351 1.539693933 1.527789516 1.515885098 1.50398068 1.492076262 1.480171844 1.468267427 1.449651473 1.424995136 1.4003388 1.375682464 1.351026128 1.326369791 1.301713455 1.277057119 1.271362944 1.268674965 1.265986986 1.263299008 1.260611029 1.256800326 1.249845996 1.242891666 1.235937336 1.228983006 1.222028676 1.200674862 1.172007025 1.143339187 1.11467135 1.086003512 1.057335675 1.028667837 1 
0.9467597935 0.9903791304 1.033998467 1.077617804 1.121237141 1.164373132 1.189625332 1.214877531 1.240129731 1.26538193 1.290022562 1.303654966 1.31728737 1.330919774 1.344552178 1.358184582 1.371816986 1.385543467 1.399399303 1.413255139 1.427110975 1.440966811 1.454822647 1.468678483 1.474561785 1.478319078 1.482076371 1.485833664 1.489590957 1.49334825 1.494632641 1.482728223 1.470823805 1.458919388 1.44701497 1.435110552 1.423206134 1.40459018 1.379933844 1.355277508 1.330621172 1.305964835 1.281308499 1.256652163 1.251651725 1.248963747 1.246275768 1.243587789 1.24089981 1.238211832 1.234401129 1.227446799 1.220492469 1.213538139 1.206583809 1.199629479 1.192675149 1.172007025 1.143339187 1.11467135 1.086003512 1.057335675 1.028667837 1 
0.8995220866 0.9431414235 0.9867607604 1.030380097 1.073999434 1.102925061 1.128177261 1.15342946 1.17868166 1.203933859 1.228574491 1.242206895 1.255839299 1.269471703 1.283104107 1.296736511 1.310470048 1.324325884 1.33818172 1.352037556 1.365893392 1.379749228 1.393605064 1.4074609 1.413344202 1.417101495 1.420858788 1.424616081 1.428373374 1.432130666 1.435887959 1.437666931 1.425762513 1.413858095 1.401953677 1.39004926 1.378144842 1.359528888 1.334872552 1.310216215 1.285559879 1.260903543 1.236247207 1.231940507 1.229252528 1.226564549 1.223876571 1.221188592 1.218500613 1.215812634 1.212001932 1.205047602 1.198093272 1.191138942 1.184184612 1.177230282 1.170275952 1.163321622 1.143339187 1.11467135 1.086003512 1.057335675 1.028667837 1 
0.8522843797 0.8959037166 0.9395230535 0.9831423904 1.016224791 1.04147699 1.06672919 1.091981389 1.117233589 1.142485788 1.16712642 1.180758824 1.194391228 1.208023632 1.221656036 1.235396628 1.249252464 1.2631083 1.276964137 1.290819973 1.304675809 1.318531645 1.332387481 1.346243317 1.352126619 1.355883912 1.359641204 1.363398497 1.36715579 1.370913083 1.374670376 1.378427669 1.380701221 1.368796803 1.356892385 1.344987967 1.33308355 1.314467596 1.289811259 1.265154923 1.240498587 1.215842251 1.212229288 1.20954131 1.206853331 1.204165352 1.201477373 1.198789395 1.196101416 1.193413437 1.189602734 1.182648404 1.175694074 1.168739744 1.161785415 1.154831085 1.147876755 1.140922425 1.133968095 1.11467135 1.086003512 1.057335675 1.028667837 1 
0.8050466728 0.8486660097 0.8922853466 0.92952452 0.9547767196 0.9800289191 1.005281119 1.030533318 1.055785518 1.081037717 1.105678349 1.119310753 1.132943157 1.146575561 1.160323209 1.174179045 1.188034881 1.201890717 1.215746553 1.229602389 1.243458225 1.257314061 1.271169897 1.285025733 1.290909035 1.294666328 1.298423621 1.302180914 1.305938207 1.3096955 1.313452793 1.317210085 1.320967378 1.323735511 1.311831093 1.299926675 1.288022257 1.269406303 1.244749967 1.220093631 1.195437294 1.19251807 1.189830091 1.187142112 1.184454134 1.181766155 1.179078176 1.176390197 1.173702219 1.17101424 1.167203537 1.160249207 1.153294877 1.146340547 1.139386217 1.132431887 1.125477557 1.118523227 1.111568897 1.104614567 1.086003512 1.057335675 1.028667837 1 
0.757808966 0.8014283028 0.8428242494 0.868076449 0.8933286485 0.9185808481 0.9438330476 0.9690852472 0.9943374467 1.019589646 1.044230278 1.057862682 1.071495086 1.08524979 1.099105626 1.112961462 1.126817298 1.140673134 1.15452897 1.168384806 1.182240642 1.196096478 1.209952314 1.22380815 1.229691452 1.233448745 1.237206038 1.240963331 1.244720623 1.248477916 1.252235209 1.255992502 1.259749795 1.263507088 1.2667698 1.254865383 1.242960965 1.224345011 1.199688675 1.17549483 1.172806851 1.170118873 1.167430894 1.164742915 1.162054936 1.159366958 1.156678979 1.153991 1.151303021 1.148615043 1.14480434 1.13785001 1.13089568 1.12394135 1.11698702 1.11003269 1.10307836 1.09612403 1.0891697 1.08221537 1.07526104 1.057335675 1.028667837 1 
0.7105712591 0.754190596 0.7813761784 0.8066283779 0.8318805775 0.857132777 0.8823849766 0.9076371761 0.9328893757 0.9581415752 0.9827822066 0.9964146107 1.01017637 1.024032206 1.037888042 1.051743878 1.065599714 1.07945555 1.093311386 1.107167222 1.121023059 1.134878895 1.148734731 1.162590567 1.168473869 1.172231162 1.175988454 1.179745747 1.18350304 1.187260333 1.191017626 1.194774919 1.198532212 1.202289504 1.206046797 1.20980409 1.197899672 1.179283719 1.155783612 1.153095633 1.150407654 1.147719675 1.145031697 1.142343718 1.139655739 1.13696776 1.134279782 1.131591803 1.128903824 1.126215845 1.122405143 1.115450813 1.108496483 1.101542153 1.094587823 1.087633493 1.080679163 1.073724833 1.066770503 1.059816173 1.052861843 1.045907513 1.028667837 1 
0.6633335522 0.6946759078 0.7199281073 0.7451803069 0.7704325064 0.795684706 0.8209369055 0.8461891051 0.8714413046 0.8966935042 0.9213341356 0.9351029508 0.9489587868 0.9628146228 0.9766704589 0.9905262949 1.004382131 1.018237967 1.032093803 1.045949639 1.059805475 1.073661311 1.087517147 1.101372983 1.107256285 1.111013578 1.114770871 1.118528164 1.122285457 1.12604275 1.129800043 1.133557335 1.137314628 1.141071921 1.144829214 1.148586507 1.1523438 1.136072393 1.133384414 1.130696436 1.128008457 1.125320478 1.122632499 1.119944521 1.117256542 1.114568563 1.111880585 1.109192606 1.106504627 1.103816648 1.100005946 1.093051616 1.086097286 1.079142956 1.072188626 1.065234296 1.058279966 1.051325636 1.044371306 1.037416976 1.030462646 1.023508316 1.016553986 1 
0.6408230899 0.6638036746 0.6890558741 0.7143080737 0.7395602732 0.7648124728 0.7900646723 0.8153168719 0.8405690714 0.865821271 0.8904736619 0.904329498 0.918185334 0.93204117 0.9458970061 0.9597528421 0.9736086782 0.9874645142 1.00132035 1.015176186 1.029032022 1.042887858 1.056743694 1.06893032 1.07445075 1.078208043 1.081965336 1.085722629 1.089479922 1.093237215 1.096994508 1.100751801 1.104509093 1.108266386 1.112023679 1.115780972 1.119598991 1.121034079 1.119622381 1.116934402 1.114246423 1.111558444 1.108870466 1.106182487 1.103494508 1.100806529 1.098118551 1.095430572 1.092742593 1.090054614 1.087173014 1.08345196 1.07649763 1.0695433 1.06258897 1.05563464 1.04868031 1.04172598 1.03477165 1.02781732 1.02086299 1.01390866 1.00695433 1 
0.6368580611 0.6595411724 0.6822242836 0.7063677188 0.7316199183 0.7568721179 0.7821243174 0.807376517 0.8326287165 0.8578809161 0.882533307 0.8963891431 0.9102449791 0.9241008152 0.9379566512 0.9518124873 0.9656683233 0.9795241594 0.9933799954 1.007235831 1.021037237 1.033169432 1.045301627 1.057433822 1.062954252 1.066711545 1.070468838 1.074226131 1.077983424 1.081740716 1.085498009 1.089255302 1.093012595 1.096769888 1.100593345 1.104436742 1.108280138 1.109715227 1.108982838 1.10825045 1.106962262 1.104274283 1.101586304 1.098898326 1.096210347 1.093522368 1.090834389 1.088146411 1.085458432 1.082770453 1.079888853 1.076465111 1.073041369 1.0695433 1.06258897 1.05563464 1.04868031 1.04172598 1.03477165 1.02781732 1.02086299 1.01390866 1.00695433 1 
0.6328930322 0.6555761435 0.6782592548 0.7009423661 0.7236795635 0.748931763 0.7741839626 0.7994361621 0.8246883617 0.8499405612 0.8745929522 0.8884487882 0.9023046242 0.9161604603 0.9300162963 0.9438721324 0.9577279684 0.9715838045 0.9852763482 0.9974085433 1.009540738 1.021672933 1.033805129 1.045937324 1.051457754 1.055215047 1.05897234 1.062729632 1.066486925 1.070244218 1.074001511 1.077758804 1.081587699 1.085431096 1.089274492 1.093117889 1.096961286 1.098396374 1.097663986 1.096931597 1.096199209 1.09546682 1.094302143 1.091614164 1.088926186 1.086238207 1.083550228 1.080862249 1.078174271 1.075486292 1.072604691 1.06918095 1.065757208 1.062333467 1.058909725 1.055485983 1.04868031 1.04172598 1.03477165 1.02781732 1.02086299 1.01390866 1.00695433 1 
0.6289280034 0.6516111147 0.674294226 0.6969773373 0.7196604486 0.7423435598 0.7662436077 0.7914958072 0.8167480068 0.8420002063 0.8666525973 0.8805084333 0.8943642694 0.9082201054 0.9220759415 0.9359317775 0.9495154597 0.9616476548 0.9737798499 0.9859120449 0.99804424 1.010176435 1.02230863 1.034440825 1.039961255 1.043718548 1.047475841 1.051233134 1.054990427 1.05874772 1.062582053 1.06642545 1.070268846 1.074112243 1.07795564 1.081799036 1.085642433 1.087077522 1.086345133 1.085612745 1.084880356 1.084147967 1.083415579 1.08268319 1.081642024 1.078954045 1.076266067 1.073578088 1.070890109 1.068202131 1.06532053 1.061896788 1.058473047 1.055049305 1.051625564 1.048201822 1.044778081 1.041354339 1.03477165 1.02781732 1.02086299 1.01390866 1.00695433 1 
0.6249629745 0.6476460858 0.6703291971 0.6930123084 0.7156954197 0.738378531 0.7610616423 0.7837447536 0.8088076519 0.8340598515 0.8587122424 0.8725680784 0.8864239145 0.9002797505 0.9137545712 0.9258867663 0.9380189614 0.9501511564 0.9622833515 0.9744155466 0.9865477416 0.9986799367 1.010812132 1.022944327 1.028464757 1.03222205 1.035979343 1.039736636 1.043576407 1.047419804 1.0512632 1.055106597 1.058949994 1.06279339 1.066636787 1.070480184 1.07432358 1.075758669 1.075026281 1.074293892 1.073561503 1.072829115 1.072096726 1.071364338 1.070631949 1.06989956 1.068981905 1.066293927 1.063605948 1.060917969 1.058036369 1.054612627 1.051188886 1.047765144 1.044341402 1.040917661 1.037493919 1.034070178 1.030646436 1.027222694 1.02086299 1.01390866 1.00695433 1 
0.6209979457 0.643681057 0.6663641683 0.6890472796 0.7117303909 0.7344135022 0.7570966135 0.7797797248 0.8024628361 0.8261194966 0.8507718875 0.8646277236 0.8779936827 0.8901258778 0.9022580729 0.9143902679 0.926522463 0.9386546581 0.9507868531 0.9629190482 0.9750512433 0.9871834384 0.9993156334 1.011447829 1.016968259 1.020727364 1.024570761 1.028414158 1.032257554 1.036100951 1.039944348 1.043787744 1.047631141 1.051474538 1.055317935 1.059161331 1.063004728 1.064439817 1.063707428 1.062975039 1.062242651 1.061510262 1.060777874 1.060045485 1.059313096 1.058580708 1.057848319 1.057115931 1.056321787 1.053633808 1.050752207 1.047328466 1.043904724 1.040480983 1.037057241 1.033633499 1.030209758 1.026786016 1.023362275 1.019938533 1.016514792 1.01309105 1.00695433 1 
0.6166439946 0.6384168948 0.6611000061 0.6837831174 0.7064662287 0.72914934 0.7518324513 0.7745155626 0.7971986739 0.8198817852 0.8420095851 0.8541417802 0.8662739753 0.8784061703 0.8905383654 0.9026705605 0.9148027555 0.9269349506 0.9390671457 0.9511993408 0.9633315358 0.9754637309 0.987595926 1.000036141 1.006394597 1.010237993 1.01408139 1.017924787 1.021768183 1.02561158 1.029454977 1.033298373 1.03714177 1.040985167 1.044828563 1.04867196 1.052515357 1.054562606 1.053830217 1.053097829 1.05236544 1.051633051 1.050900663 1.050168274 1.049435886 1.048703497 1.047971108 1.04723872 1.046506331 1.045773943 1.044489854 1.041084899 1.037661157 1.034237416 1.030813674 1.027389933 1.023966191 1.020542449 1.017118708 1.013694966 1.010271225 1.006847483 1.003423742 1 
0.6099565103 0.628522 0.6480410441 0.6707241554 0.6934072667 0.716090378 0.7387734893 0.7614566006 0.7841397119 0.8068228232 0.8289506231 0.8410828182 0.8532150133 0.8653472083 0.8774794034 0.8896115985 0.9017437936 0.9138759886 0.9260081837 0.9381403788 0.9502725738 0.9629438032 0.978733731 0.9945236587 1.000882115 1.004725511 1.008568908 1.012412305 1.016255701 1.020099098 1.023942495 1.027785891 1.031629288 1.035472685 1.039316082 1.045161376 1.051268824 1.053677896 1.052758428 1.051870468 1.051138079 1.050405691 1.049673302 1.048940914 1.048208525 1.047476137 1.046743748 1.046011359 1.045278971 1.044546582 1.043262494 1.040433646 1.037604799 1.034237416 1.030813674 1.027389933 1.023966191 1.020542449 1.017118708 1.013694966 1.010271225 1.006847483 1.003423742 1 
0.603269026 0.6218345156 0.6404000053 0.658965495 0.6803483047 0.703031416 0.7257145273 0.7483976386 0.7710807499 0.7937638612 0.8158916611 0.8280238562 0.8401560513 0.8522882463 0.8644204414 0.8765526365 0.8886848316 0.9008170266 0.9129492217 0.9258514658 0.9416413935 0.9574313213 0.973221249 0.9890111768 0.9953696327 0.9992130293 1.003056426 1.006899823 1.010743219 1.014586616 1.018430013 1.02227341 1.026116806 1.032105094 1.038212542 1.04431999 1.050427438 1.052836509 1.051917041 1.050997574 1.050078106 1.04917833 1.048445942 1.047713553 1.046981165 1.046248776 1.045516387 1.044783999 1.04405161 1.043319222 1.042035133 1.039206286 1.036377438 1.033548591 1.030719744 1.027389933 1.023966191 1.020542449 1.017118708 1.013694966 1.010271225 1.006847483 1.003423742 1 
0.5965815416 0.6151470313 0.633712521 0.6522780107 0.6708435003 0.689972454 0.7126555653 0.7353386766 0.7580217879 0.7807048992 0.8028326991 0.8149648942 0.8270970893 0.8392292843 0.8513614794 0.8634936745 0.8756258696 0.8887591283 0.9045490561 0.9203389838 0.9361289116 0.9519188393 0.9677087671 0.9834986949 0.9898571507 0.9937005474 0.9975439441 1.001387341 1.005230738 1.009074134 1.012941363 1.019048811 1.025156259 1.031263707 1.037371155 1.043478604 1.049586052 1.051995123 1.051075655 1.050156187 1.049236719 1.048317251 1.047397784 1.046486193 1.045753804 1.045021416 1.044289027 1.043556638 1.04282425 1.042091861 1.040807773 1.037978925 1.035150078 1.032321231 1.029492383 1.026663536 1.023834688 1.020542449 1.017118708 1.013694966 1.010271225 1.006847483 1.003423742 1 
0.5898940573 0.608459547 0.6270250366 0.6455905263 0.664156016 0.6827215057 0.7012869954 0.7222797146 0.7449628259 0.7676459372 0.7897737371 0.8019059322 0.8140381273 0.8261703224 0.8383025174 0.8516667909 0.8674567186 0.8832466464 0.8990365741 0.9148265019 0.9306164297 0.9464063574 0.9621962852 0.9779862129 0.9843446688 0.9881880655 0.9920314622 0.9958748589 0.9998850804 1.005992529 1.012099977 1.018207425 1.024314873 1.030422321 1.036529769 1.042637217 1.048744665 1.051153737 1.050234269 1.049314801 1.048395333 1.047475865 1.046556397 1.045636929 1.044717461 1.043797994 1.043061667 1.042329278 1.041596889 1.040864501 1.039580412 1.036751565 1.033922718 1.03109387 1.028265023 1.025436175 1.022607328 1.01977848 1.016949633 1.013694966 1.010271225 1.006847483 1.003423742 1 
0.5832065729 0.6017720626 0.6203375523 0.638903042 0.6574685317 0.6760340213 0.694599511 0.7131650007 0.7319038639 0.7545869752 0.7767147751 0.7888469702 0.8009791653 0.8145744534 0.8303643812 0.8461543089 0.8619442367 0.8777341645 0.8935240922 0.90931402 0.9251039477 0.9408938755 0.9566838032 0.972473731 0.9788321869 0.9826755836 0.9868287978 0.9929362459 0.999043694 1.005151142 1.01125859 1.017366038 1.023473486 1.029580935 1.035688383 1.041795831 1.047903279 1.05031235 1.049392882 1.048473414 1.047553947 1.046634479 1.045715011 1.044795543 1.043876075 1.042956607 1.042037139 1.041117671 1.040369529 1.03963714 1.038353052 1.035524205 1.032695357 1.02986651 1.027037662 1.024208815 1.021379967 1.01855112 1.015722272 1.012893425 1.010064577 1.006847483 1.003423742 1 
0.5765190886 0.5950845783 0.613650068 0.6322155576 0.6507810473 0.669346537 0.6879120267 0.7064775164 0.7250430061 0.7436084957 0.7636558131 0.777482116 0.7932720437 0.8090619715 0.8248518993 0.840641827 0.8564317548 0.8722216825 0.8880116103 0.903801538 0.9195914658 0.9353813936 0.9511713213 0.9669612491 0.9737725152 0.9798799633 0.9859874114 0.9920948596 0.9982023077 1.004309756 1.010417204 1.016524652 1.0226321 1.028739548 1.034846996 1.040954444 1.047061893 1.049470964 1.048551496 1.047632028 1.04671256 1.045793092 1.044873624 1.043954157 1.043034689 1.042115221 1.041195753 1.040276285 1.039356817 1.038437349 1.037125691 1.034296844 1.031467997 1.028639149 1.025810302 1.022981454 1.020152607 1.017323759 1.014494912 1.011666064 1.008837217 1.006008369 1.003179522 1 
0.5742588032 0.5944642058 0.6130296955 0.6315951852 0.6501606748 0.6687261645 0.6872916542 0.7058571439 0.7244226336 0.7429881232 0.7614075307 0.7771974585 0.7929873862 0.808777314 0.8245672417 0.8403571695 0.8561470973 0.871937025 0.8877269528 0.9035168805 0.9193068083 0.935096736 0.9508866638 0.9655430749 0.9732355331 0.9793429812 0.9854504293 0.9915578774 0.9976653255 1.003772774 1.009880222 1.01598767 1.022095118 1.028202566 1.034310014 1.040417462 1.046250379 1.048447959 1.047641558 1.04672209 1.045802622 1.044883154 1.043963686 1.043044218 1.04212475 1.041205282 1.040285815 1.039366347 1.038446879 1.037527411 1.036344597 1.03394617 1.031117322 1.028288475 1.025459627 1.02263078 1.019801932 1.016973085 1.014144237 1.01131539 1.008486542 1.005657695 1.002828847 1 
0.5737693973 0.5953023485 0.6148361677 0.6334016574 0.6519671471 0.6705326368 0.6890981264 0.7076636161 0.7262291058 0.7447945955 0.763214003 0.7790039307 0.7947938585 0.8105837862 0.826373714 0.8421636417 0.8579535695 0.8737434973 0.889533425 0.9053233528 0.9211132805 0.9369032083 0.9514916083 0.9651278544 0.9728203126 0.9789277607 0.9850352088 0.9911426569 0.997250105 1.003357553 1.009465001 1.015572449 1.021679897 1.027787346 1.033894794 1.039694766 1.044758994 1.046956575 1.046574172 1.04578473 1.044865263 1.043945795 1.043026327 1.042106859 1.041187391 1.040267923 1.039348455 1.038428987 1.03750952 1.036590052 1.035407238 1.033487055 1.031117322 1.028288475 1.025459627 1.02263078 1.019801932 1.016973085 1.014144237 1.01131539 1.008486542 1.005657695 1.002828847 1 
0.5732799915 0.5948129426 0.6163458938 0.6352081297 0.6537736193 0.672339109 0.6909045987 0.7094700884 0.7280355781 0.7466010677 0.7650204752 0.780810403 0.7966003307 0.8123902585 0.8281801862 0.843970114 0.8597600418 0.8755499695 0.8913398973 0.907129825 0.9229197528 0.9374401418 0.9510763879 0.9647126339 0.9724050921 0.9785125402 0.9846199883 0.9907274364 0.9968348845 1.002942333 1.009049781 1.015157229 1.021264677 1.027372125 1.033139154 1.038203382 1.04326761 1.04546519 1.045082788 1.044700385 1.043927903 1.043008435 1.042088968 1.0411695 1.040250032 1.039330564 1.038411096 1.037491628 1.03657216 1.035652692 1.034469879 1.032549696 1.030629513 1.028288475 1.025459627 1.02263078 1.019801932 1.016973085 1.014144237 1.01131539 1.008486542 1.005657695 1.002828847 1 
0.5727905856 0.5943235368 0.615856488 0.6370146019 0.6555800916 0.6741455813 0.6927110709 0.7112765606 0.7298420503 0.74840754 0.7668269475 0.7826168752 0.798406803 0.8141967307 0.8299866585 0.8457765862 0.861566514 0.8773564418 0.8931463695 0.9089362973 0.9233886753 0.9370249214 0.9506611674 0.9642974134 0.9719898716 0.9780973197 0.9842047678 0.990312216 0.9964196641 1.002527112 1.00863456 1.014742008 1.020849457 1.026583542 1.03164777 1.036711998 1.041776226 1.043973806 1.043591403 1.043209001 1.042826598 1.042071076 1.041151608 1.04023214 1.039312673 1.038393205 1.037473737 1.036554269 1.035634801 1.034715333 1.033532519 1.031612336 1.029692153 1.027771971 1.025459627 1.02263078 1.019801932 1.016973085 1.014144237 1.01131539 1.008486542 1.005657695 1.002828847 1 
0.5723011798 0.5938341309 0.6153670821 0.6369000333 0.6573865638 0.6759520535 0.6945175432 0.7130830329 0.7316485226 0.7502140122 0.7686334197 0.7844233475 0.8002132752 0.816003203 0.8317931307 0.8475830585 0.8633729863 0.879162914 0.8949528418 0.9093372088 0.9229734548 0.9366097009 0.9502459469 0.9638821929 0.9715746511 0.9776820993 0.9837895474 0.9898969955 0.9960044436 1.002111892 1.00821934 1.014326788 1.020027929 1.025092157 1.030156385 1.035220613 1.040284841 1.042482422 1.042100019 1.041717616 1.041335214 1.040952811 1.040214249 1.039294781 1.038375313 1.037455845 1.036536378 1.03561691 1.034697442 1.033777974 1.03259516 1.030674977 1.028754794 1.026834611 1.024914428 1.02263078 1.019801932 1.016973085 1.014144237 1.01131539 1.008486542 1.005657695 1.002828847 1 
0.5718117739 0.5933447251 0.6148776763 0.6364106274 0.6579435786 0.6777585258 0.6963240154 0.7148895051 0.7334549948 0.7520204845 0.770439892 0.7862298197 0.8020197475 0.8178096752 0.833599603 0.8493895307 0.8651794585 0.8809693863 0.8952857423 0.9089219883 0.9225582344 0.9361944804 0.9498307264 0.9634669725 0.9711594307 0.9772668788 0.9833743269 0.989481775 0.9955892231 1.001696671 1.007804119 1.013472317 1.018536545 1.023600773 1.028665001 1.033729229 1.038793457 1.040991037 1.040608635 1.040226232 1.039843829 1.039461426 1.039079024 1.038357422 1.037437954 1.036518486 1.035599018 1.03467955 1.033760083 1.032840615 1.031657801 1.029737618 1.027817435 1.025897252 1.023977069 1.022056886 1.019801932 1.016973085 1.014144237 1.01131539 1.008486542 1.005657695 1.002828847 1 
0.571322368 0.5928553192 0.6143882704 0.6359212216 0.6574541728 0.6789871239 0.6981304877 0.7166959774 0.7352614671 0.7538269567 0.7722463642 0.788036292 0.8038262197 0.8196161475 0.8354060752 0.851196003 0.8669859307 0.8812342758 0.8948705218 0.9085067679 0.9221430139 0.9357792599 0.9494155059 0.963051752 0.9707442102 0.9768516583 0.9829591064 0.9890665545 0.9951740026 1.001281451 1.006916705 1.011980933 1.017045161 1.022109389 1.027173617 1.032237845 1.037302073 1.039499653 1.03911725 1.038734848 1.038352445 1.037970042 1.037587639 1.037205237 1.036500595 1.035581127 1.034661659 1.033742191 1.032822723 1.031903255 1.030720442 1.028800259 1.026880076 1.024959893 1.02303971 1.021119527 1.019199344 1.016973085 1.014144237 1.01131539 1.008486542 1.005657695 1.002828847 1 
0.5708329622 0.5923659134 0.6138988645 0.6354318157 0.6569647669 0.6784977181 0.6999369599 0.7185024496 0.7370679393 0.755633429 0.7740528365 0.7898427642 0.805632692 0.8214226197 0.8372125475 0.8530024752 0.8671828093 0.8808190553 0.8944553013 0.9080915474 0.9217277934 0.9353640394 0.9490002855 0.9626365315 0.9703289897 0.9764364378 0.9825438859 0.988651334 0.9947587822 1.000361092 1.00542532 1.010489548 1.015553776 1.020618004 1.025682232 1.03074646 1.035810688 1.038008269 1.037625866 1.037243463 1.03686106 1.036478658 1.036096255 1.035713852 1.03533145 1.034643768 1.0337243 1.032804832 1.031885364 1.030965896 1.029783082 1.027862899 1.025942716 1.024022534 1.022102351 1.020182168 1.018261985 1.016341802 1.014144237 1.01131539 1.008486542 1.005657695 1.002828847 1 
0.5703435563 0.5918765075 0.6134094587 0.6349424099 0.656475361 0.6780083122 0.6995412634 0.7203089219 0.7388744116 0.7574399012 0.7758593087 0.7916492365 0.8074391642 0.823229092 0.8390190197 0.8531313428 0.8667675888 0.8804038348 0.8940400809 0.9076763269 0.9213125729 0.934948819 0.948585065 0.962221311 0.9699137692 0.9760212173 0.9821286654 0.9882361136 0.9938054797 0.9988697078 1.003933936 1.008998164 1.014062392 1.01912662 1.024190848 1.029255076 1.034319304 1.036516884 1.036134482 1.035752079 1.035369676 1.034987273 1.034604871 1.034222468 1.033840065 1.033457662 1.032786941 1.031867473 1.030948005 1.030028537 1.028845723 1.02692554 1.025005357 1.023085174 1.021164991 1.019244809 1.017324626 1.015404443 1.01348426 1.01131539 1.008486542 1.005657695 1.002828847 1 
0.5698541505 0.5913871016 0.6129200528 0.634453004 0.6559859552 0.6775189064 0.6990518575 0.7205848087 0.7406808838 0.7592463735 0.777665781 0.7934557087 0.8092456365 0.8250355642 0.8390798763 0.8527161223 0.8663523683 0.8799886144 0.8936248604 0.9072611064 0.9208973525 0.9345335985 0.9481698445 0.9618060905 0.9694985487 0.9756059969 0.981713445 0.9872498674 0.9923140954 0.9973783234 1.002442551 1.00750678 1.012571008 1.017635236 1.022699464 1.027763692 1.03282792 1.0350255 1.034643097 1.034260695 1.033878292 1.033495889 1.033113486 1.032731084 1.032348681 1.031966278 1.031583875 1.030930113 1.030010646 1.029091178 1.027908364 1.025988181 1.024067998 1.022147815 1.020227632 1.018307449 1.016387266 1.014467084 1.012546901 1.010626718 1.008486542 1.005657695 1.002828847 1 
0.5693647446 0.5908976958 0.612430647 0.6339635981 0.6554965493 0.6770295005 0.6985624517 0.7200954029 0.741628354 0.7610528457 0.7794722532 0.795262181 0.8110521087 0.8250284098 0.8386646558 0.8523009018 0.8659371479 0.8795733939 0.8932096399 0.9068458859 0.920482132 0.934118378 0.947754624 0.9613908701 0.9690833283 0.9751907764 0.980694255 0.985758483 0.9908227111 0.9958869391 1.000951167 1.006015395 1.011079623 1.016143851 1.021208079 1.026272307 1.031336535 1.033534116 1.033151713 1.03276931 1.032386907 1.032004505 1.031622102 1.031239699 1.030857297 1.030474894 1.030092491 1.029710088 1.029073286 1.028153818 1.026971005 1.025050822 1.023130639 1.021210456 1.019290273 1.01737009 1.015449907 1.013529724 1.011609541 1.009689359 1.007769176 1.005657695 1.002828847 1 
0.5688753388 0.5904082899 0.6119412411 0.6334741923 0.6550071435 0.6765400946 0.6980730458 0.719605997 0.7411389482 0.7626718994 0.7812787255 0.7970686532 0.8109769432 0.8246131893 0.8382494353 0.8518856813 0.8655219274 0.8791581734 0.8927944194 0.9064306655 0.9200669115 0.9337031575 0.9473394036 0.9609756496 0.9686681078 0.9741386426 0.9792028706 0.9842670987 0.9893313267 0.9943955548 0.9994597828 1.004524011 1.009588239 1.014652467 1.019716695 1.024780923 1.029845151 1.032042731 1.031660329 1.031277926 1.030895523 1.03051312 1.030130718 1.029748315 1.029365912 1.028983509 1.028601107 1.028218704 1.027836301 1.027216459 1.026033645 1.024113462 1.022193279 1.020273097 1.018352914 1.016432731 1.014512548 1.012592365 1.010672182 1.008751999 1.006831816 1.004911633 1.002828847 1 
0.5683859329 0.5899188841 0.6114518353 0.6329847864 0.6545177376 0.6760506888 0.69758364 0.7191165911 0.7406495423 0.7621824935 0.7830851977 0.7969254767 0.8105617228 0.8241979688 0.8378342148 0.8514704609 0.8651067069 0.8787429529 0.892379199 0.906015445 0.919651691 0.933287937 0.9469241831 0.9605604291 0.9675830302 0.9726472582 0.9777114863 0.9827757143 0.9878399424 0.9929041704 0.9979683985 1.003032626 1.008096855 1.013161083 1.018225311 1.023289539 1.028353767 1.030551347 1.030168944 1.029786541 1.029404139 1.029021736 1.028639333 1.028256931 1.027874528 1.027492125 1.027109722 1.02672732 1.026344917 1.025962514 1.025096286 1.023176103 1.02125592 1.019335737 1.017415554 1.015495372 1.013575189 1.011655006 1.009734823 1.00781464 1.005894457 1.003974274 1.002054091 1 
0.5698837791 0.5910967846 0.6126297358 0.634162687 0.6556956382 0.6772285893 0.6987615405 0.7202944917 0.7418274429 0.763360394 0.7844777292 0.7981139752 0.8117502212 0.8253864673 0.8390227133 0.8526589593 0.8662952053 0.8799314514 0.8935676974 0.9072039434 0.9208401895 0.9344764355 0.9481126815 0.9610351265 0.9673571866 0.9723825658 0.9774467938 0.9825110218 0.9875752499 0.9926394779 0.997703706 1.002767934 1.007832162 1.01289639 1.017960618 1.023024846 1.028089074 1.03030116 1.029928621 1.029546218 1.029163815 1.028781413 1.02839901 1.028016607 1.027634204 1.027251802 1.026869399 1.026486996 1.026104593 1.025722191 1.024935109 1.023014926 1.021094743 1.01917456 1.017254377 1.015334195 1.013414012 1.011493829 1.009573646 1.007653463 1.00573328 1.003813097 1.001892914 1 
0.5717128339 0.5927633274 0.6140855207 0.6356184719 0.6571514231 0.6786843743 0.7002173255 0.7217502766 0.7432832278 0.764816179 0.7859335141 0.7995697601 0.8132060062 0.8268422522 0.8404784982 0.8541147443 0.8677509903 0.8813872363 0.8950234824 0.9086597284 0.9222959744 0.9359322204 0.948821206 0.9613979036 0.9677199636 0.9723741204 0.97738655 0.982450778 0.987515006 0.9925792341 0.9976434621 1.00270769 1.007771918 1.012836146 1.017900374 1.022964602 1.02802883 1.030240916 1.029886074 1.029514405 1.029132002 1.028749599 1.028367197 1.027984794 1.027602391 1.027219988 1.026837586 1.026455183 1.02607278 1.025690377 1.024903296 1.022983113 1.02106293 1.019142747 1.017222564 1.015302381 1.013382198 1.011462016 1.009541833 1.00762165 1.005701467 1.003781284 1.001889343 1 
0.5735418887 0.5945923822 0.6156428757 0.6370742569 0.658607208 0.6801401592 0.7016731104 0.7232060616 0.7447390128 0.7662719639 0.7873892991 0.8010255451 0.8146617911 0.8282980371 0.8419342832 0.8555705292 0.8692067752 0.8828430213 0.8964792673 0.9101155133 0.9237517594 0.9366072855 0.9491839831 0.9617606806 0.9680827407 0.9727368975 0.9773910542 0.9823905342 0.9874547622 0.9925189902 0.9975832183 1.002647446 1.007711674 1.012775902 1.01784013 1.022904358 1.027968587 1.030180672 1.02982583 1.029470987 1.029100189 1.028717786 1.028335383 1.027952981 1.027570578 1.027188175 1.026805772 1.02642337 1.026040967 1.025658564 1.024871482 1.0229513 1.021031117 1.019110934 1.017190751 1.015270568 1.013350385 1.011430202 1.009510019 1.007589836 1.005669654 1.003778687 1.001889343 1 
0.5753709436 0.5964214371 0.6174719306 0.6385300418 0.660062993 0.6815959442 0.7031288953 0.7246618465 0.7461947977 0.7677277489 0.788845084 0.80248133 0.8161175761 0.8297538221 0.8433900681 0.8570263142 0.8706625602 0.8842988062 0.8979350522 0.9115712983 0.924393365 0.9369700625 0.9495467601 0.9621234577 0.9684455178 0.9730996745 0.9777538313 0.982407988 0.9873945184 0.9924587464 0.9975229744 1.002587202 1.007651431 1.012715659 1.017779887 1.022844115 1.027908343 1.030120428 1.029765586 1.029410743 1.029055901 1.028685973 1.02830357 1.027921167 1.027538765 1.027156362 1.026773959 1.026391556 1.026009154 1.025626751 1.024839669 1.022919486 1.020999303 1.019079121 1.017158938 1.015238755 1.013318572 1.011398389 1.009478206 1.007558023 1.00566803 1.003778687 1.001889343 1 
0.5771999984 0.5982504919 0.6193009854 0.6403514789 0.6615187779 0.6830517291 0.7045846803 0.7261176315 0.7476505826 0.7691835338 0.7903008689 0.803937115 0.817573361 0.831209607 0.8448458531 0.8584820991 0.8721183451 0.8857545912 0.8993908372 0.9121794445 0.924756142 0.9373328396 0.9499095372 0.9624862348 0.9688082948 0.9734624516 0.9781166083 0.9827707651 0.9874249219 0.9923985026 0.9974627306 1.002526959 1.007591187 1.012655415 1.017719643 1.022783871 1.027848099 1.030060185 1.029705342 1.0293505 1.028995657 1.028640815 1.028271757 1.027889354 1.027506951 1.027124549 1.026742146 1.026359743 1.02597734 1.025594938 1.024807856 1.022887673 1.02096749 1.019047307 1.017127124 1.015206942 1.013286759 1.011366576 1.009446717 1.007557374 1.00566803 1.003778687 1.001889343 1 
0.5790290532 0.6000795467 0.6211300402 0.6421805337 0.6632310272 0.6845075141 0.7060404652 0.7275734164 0.7491063676 0.7706393188 0.7917566539 0.8053928999 0.819029146 0.832665392 0.846301638 0.859937884 0.8735741301 0.8872103761 0.8999655239 0.9125422215 0.9251189191 0.9376956167 0.9502723142 0.9628490118 0.9691710719 0.9738252287 0.9784793854 0.9831335422 0.9877876989 0.9924418557 0.9974024868 1.002466715 1.007530943 1.012595171 1.017659399 1.022723627 1.027787855 1.029999941 1.029645098 1.029290256 1.028935413 1.028580571 1.028225728 1.027857541 1.027475138 1.027092735 1.026710333 1.02632793 1.025945527 1.025563124 1.024776043 1.02285586 1.020935677 1.019015494 1.017095311 1.015175128 1.013254945 1.011336061 1.009446717 1.007557374 1.00566803 1.003778687 1.001889343 1 
0.5808581081 0.6019086016 0.6229590951 0.6440095886 0.6650600821 0.6861105756 0.7074962502 0.7290292014 0.7505621525 0.7720951037 0.7932124388 0.8068486849 0.8204849309 0.8341211769 0.847757423 0.861393669 0.875029915 0.8877516034 0.900328301 0.9129049986 0.9254816962 0.9380583937 0.9506350913 0.9632117889 0.969533849 0.9741880057 0.9788421625 0.9834963192 0.988150476 0.9928046327 0.9974587895 1.002406471 1.007470699 1.012534927 1.017599155 1.022663383 1.027727611 1.029939697 1.029584854 1.029230012 1.028875169 1.028520327 1.028165484 1.027810642 1.027443325 1.027060922 1.026678519 1.026296117 1.025913714 1.025531311 1.024744229 1.022824047 1.020903864 1.018983681 1.017063498 1.015143315 1.013225404 1.011336061 1.009446717 1.007557374 1.00566803 1.003778687 1.001889343 1 
0.5826871629 0.6037376564 0.6247881499 0.6458386434 0.6668891369 0.6879396304 0.7089901239 0.7304849863 0.7520179375 0.7735508887 0.7946682238 0.8083044698 0.8219407158 0.8355769619 0.8492132079 0.8628494539 0.8755376829 0.8881143805 0.9006910781 0.9132677756 0.9258444732 0.9384211708 0.9509978684 0.963574566 0.969896626 0.9745507828 0.9792049395 0.9838590963 0.9885132531 0.9931674098 0.9978215666 1.002475723 1.007410455 1.012474683 1.017538911 1.022603139 1.027667367 1.029879453 1.02952461 1.029169768 1.028814926 1.028460083 1.028105241 1.027750398 1.027395556 1.027029109 1.026646706 1.026264303 1.025881901 1.025499498 1.024712416 1.022792233 1.02087205 1.018951867 1.017031685 1.015114748 1.013225404 1.011336061 1.009446717 1.007557374 1.00566803 1.003778687 1.001889343 1 
0.5845162178 0.6055667112 0.6266172047 0.6476676982 0.6687181917 0.6897686852 0.7108191787 0.7319407712 0.7534737224 0.7750066736 0.7961240087 0.8097602548 0.8233965008 0.8370327468 0.8506689928 0.8633237624 0.87590046 0.8884771576 0.9010538551 0.9136305527 0.9262072503 0.9387839479 0.9513606454 0.963937343 0.9702594031 0.9749135599 0.9795677166 0.9842218734 0.9888760301 0.9935301869 0.9981843436 1.0028385 1.007492657 1.012414439 1.017478667 1.022542895 1.027607123 1.029819209 1.029464367 1.029109524 1.028754682 1.028399839 1.028044997 1.027690154 1.027335312 1.026980469 1.026614893 1.02623249 1.025850087 1.025467685 1.024680603 1.02276042 1.020840237 1.018920054 1.017004091 1.015114748 1.013225404 1.011336061 1.009446717 1.007557374 1.00566803 1.003778687 1.001889343 1 
0.5863452726 0.6073957661 0.6284462596 0.6494967531 0.6705472466 0.6915977401 0.7126482336 0.7336987271 0.7549295074 0.7764624586 0.7975797937 0.8112160397 0.8248522857 0.8384885318 0.8511098419 0.8636865395 0.8762632371 0.8888399346 0.9014166322 0.9139933298 0.9265700274 0.9391467249 0.9517234225 0.9643001201 0.9706221802 0.9752763369 0.9799304937 0.9845846504 0.9892388072 0.9938929639 0.9985471207 1.003201277 1.007855434 1.012509591 1.017418424 1.022482652 1.02754688 1.029758965 1.029404123 1.02904928 1.028694438 1.028339595 1.027984753 1.02762991 1.027275068 1.026920225 1.026565383 1.026200677 1.025818274 1.025435871 1.02464879 1.022728607 1.020808424 1.018893435 1.017004091 1.015114748 1.013225404 1.011336061 1.009446717 1.007557374 1.00566803 1.003778687 1.001889343 1 
0.5881743274 0.6092248209 0.6302753144 0.6513258079 0.6723763014 0.6934267949 0.7144772884 0.7355277819 0.7565782754 0.7779182435 0.7990355786 0.8126718246 0.8263080707 0.8388959214 0.851472619 0.8640493165 0.8766260141 0.8892027117 0.9017794093 0.9143561068 0.9269328044 0.939509502 0.9520861996 0.9646628971 0.9709849572 0.975639114 0.9802932707 0.9849474275 0.9896015842 0.994255741 0.9989098978 1.003564055 1.008218211 1.012872368 1.017526525 1.022422408 1.027486636 1.029698721 1.029343879 1.028989036 1.028634194 1.028279352 1.027924509 1.027569667 1.027214824 1.026859982 1.026505139 1.026150297 1.025786461 1.025404058 1.024616976 1.022696793 1.020782778 1.018893435 1.017004091 1.015114748 1.013225404 1.011336061 1.009446717 1.007557374 1.00566803 1.003778687 1.001889343 1 
0.5900033823 0.6110538758 0.6321043693 0.6531548627 0.6742053562 0.6952558497 0.7163063432 0.7373568367 0.7584073302 0.7794578237 0.8004913636 0.8141053033 0.8266820009 0.8392586985 0.851835396 0.8644120936 0.8769887912 0.8895654888 0.9021421863 0.9147188839 0.9272955815 0.9398722791 0.9524489766 0.9650256742 0.9713477343 0.976001891 0.9806560478 0.9853102046 0.9899643613 0.9946185181 0.9992726748 1.003926832 1.008580988 1.013235145 1.017889302 1.022543459 1.027426392 1.029638478 1.029283635 1.028928793 1.02857395 1.028219108 1.027864265 1.027509423 1.02715458 1.026799738 1.026444895 1.026090053 1.02573521 1.025372245 1.024585163 1.022672122 1.020782778 1.018893435 1.017004091 1.015114748 1.013225404 1.011336061 1.009446717 1.007557374 1.00566803 1.003778687 1.001889343 1 
0.5918324371 0.6128829306 0.6339334241 0.6549839176 0.6760344111 0.6970849046 0.7181353981 0.7391858916 0.7602363851 0.7812868786 0.8018913828 0.8144680804 0.8270447779 0.8396214755 0.8521981731 0.8647748707 0.8773515682 0.8899282658 0.9025049634 0.915081661 0.9276583585 0.9402350561 0.9528117537 0.9653884513 0.9717105114 0.9763646681 0.9810188249 0.9856729816 0.9903271384 0.9949812951 0.9996354519 1.004289609 1.008943765 1.013597922 1.018252079 1.022906236 1.027560392 1.029578234 1.029223391 1.028868549 1.028513706 1.028158864 1.027804021 1.027449179 1.027094336 1.026739494 1.026384651 1.026029809 1.025674966 1.025320124 1.024561465 1.022672122 1.020782778 1.018893435 1.017004091 1.015114748 1.013225404 1.011336061 1.009446717 1.007557374 1.00566803 1.003778687 1.001889343 1 
