1.679266009 1.701855874 1.724445739 1.747035603 1.769625468 1.792215333 1.814805197 1.837395062 1.859984927 1.882574791 1.904222268 1.908906757 1.913591247 1.918275737 1.922960226 1.927644716 1.932329205 1.937013695 1.941698184 1.946382674 1.951067164 1.955751653 1.960436143 1.965120632 1.943810508 1.915568486 1.887326464 1.859084443 1.830842421 1.802600399 1.774358377 1.746116356 1.717874334 1.689632312 1.66139029 1.633148269 1.604906247 1.58030751 1.558987728 1.537667946 1.516348165 1.495028383 1.473708601 1.45238882 1.431069038 1.409749257 1.388429475 1.367109693 1.345789912 1.32447013 1.302634611 1.279355025 1.25607544 1.232795854 1.209516269 1.186236683 1.162957098 1.139677513 1.116397927 1.093118342 1.069838756 1.046559171 1.023279585 1 
1.62236541 1.644955275 1.667545139 1.690135004 1.712724869 1.735314733 1.757904598 1.780494463 1.803084327 1.825521666 1.846864091 1.851548581 1.85623307 1.86091756 1.86560205 1.870286539 1.874971029 1.879655518 1.884340008 1.889024497 1.893708987 1.898393477 1.895921397 1.890146284 1.879430046 1.867396174 1.840860274 1.812618252 1.78437623 1.756134209 1.727892187 1.699650165 1.671408143 1.643166122 1.6149241 1.586682078 1.558440057 1.533841319 1.512521537 1.491201756 1.469881974 1.448562193 1.427242411 1.405922629 1.384602848 1.363283066 1.341963284 1.320643503 1.301073628 1.29083659 1.280704429 1.270865923 1.25607544 1.232795854 1.209516269 1.186236683 1.162957098 1.139677513 1.116397927 1.093118342 1.069838756 1.046559171 1.023279585 1 
1.56546481 1.588054675 1.61064454 1.633234404 1.655824269 1.678414134 1.701003998 1.723593863 1.745895624 1.76816349 1.789505915 1.794190404 1.798874894 1.803559383 1.808243873 1.812928363 1.817612852 1.822297342 1.826981831 1.831666321 1.830295252 1.824520139 1.818745027 1.812969915 1.802253677 1.790219805 1.778185933 1.766152062 1.73791004 1.709668018 1.681425996 1.653183975 1.624941953 1.596699931 1.56845791 1.540215888 1.511973866 1.487375129 1.466055347 1.444735565 1.423415784 1.402096002 1.38077622 1.359456439 1.338136657 1.316816876 1.296080396 1.285843359 1.275606321 1.265369283 1.255237122 1.245398615 1.235560109 1.225721602 1.209516269 1.186236683 1.162957098 1.139677513 1.116397927 1.093118342 1.069838756 1.046559171 1.023279585 1 
1.508564211 1.531154076 1.55374394 1.576333805 1.598923669 1.621513534 1.644001715 1.666269581 1.688537447 1.710805313 1.732147738 1.736832228 1.741516717 1.746201207 1.750885696 1.755570186 1.760254676 1.764939165 1.764669107 1.758893994 1.753118882 1.74734377 1.741568658 1.735793546 1.725077308 1.713043436 1.701009564 1.688975692 1.676941821 1.663201828 1.634959806 1.606717784 1.578475763 1.550233741 1.521991719 1.493749697 1.465507676 1.440908938 1.419589157 1.398269375 1.376949593 1.355629812 1.33431003 1.312990248 1.291670467 1.280850127 1.270613089 1.260376051 1.250139014 1.239901976 1.229769815 1.219931308 1.210092802 1.200254295 1.190415788 1.180577282 1.162957098 1.139677513 1.116397927 1.093118342 1.069838756 1.046559171 1.023279585 1 
1.451663611 1.474253476 1.496843341 1.519433205 1.54202307 1.564375672 1.586643538 1.608911404 1.63117927 1.653447136 1.674789562 1.679474051 1.684158541 1.68884303 1.69352752 1.69821201 1.699042962 1.693267849 1.687492737 1.681717625 1.675942513 1.670167401 1.664392289 1.658617176 1.647900938 1.635867067 1.623833195 1.611799323 1.599765451 1.587731579 1.575697708 1.560251594 1.532009572 1.50376755 1.475525529 1.447283507 1.419041485 1.394442748 1.373122966 1.351803184 1.330483403 1.309163621 1.28784384 1.275856895 1.265619857 1.255382819 1.245145782 1.234908744 1.224671706 1.214434668 1.204302507 1.194464001 1.184625494 1.174786988 1.164948481 1.155109975 1.145271468 1.135432961 1.116397927 1.093118342 1.069838756 1.046559171 1.023279585 1 
1.394763012 1.417352876 1.439942741 1.462481764 1.48474963 1.507017496 1.529285362 1.551553228 1.573821094 1.59608896 1.617431385 1.622115875 1.626800364 1.631484854 1.633416817 1.627641704 1.621866592 1.61609148 1.610316368 1.604541256 1.598766144 1.592991031 1.587215919 1.581440807 1.570724569 1.558690697 1.546656825 1.534622954 1.522589082 1.51055521 1.498521338 1.486487467 1.474453595 1.45730136 1.429059338 1.400817316 1.372575295 1.347976557 1.326656776 1.305336994 1.284017212 1.270863663 1.260626625 1.250389588 1.24015255 1.229915512 1.219678474 1.209441437 1.199204399 1.188967361 1.1788352 1.168996693 1.159158187 1.14931968 1.139481174 1.129642667 1.119804161 1.109965654 1.100127147 1.090288641 1.069838756 1.046559171 1.023279585 1 
1.337862412 1.360452277 1.382855721 1.405123587 1.427391453 1.449659319 1.471927185 1.494195051 1.516462917 1.538730783 1.560073209 1.564757698 1.567790672 1.562015559 1.556240447 1.550465335 1.544690223 1.538915111 1.533139999 1.527364886 1.521589774 1.515814662 1.51003955 1.504264438 1.4935482 1.481514328 1.469480456 1.457446584 1.445412713 1.433378841 1.421344969 1.409311097 1.397277225 1.385243354 1.373209482 1.354351126 1.326109104 1.301510367 1.280190585 1.265870431 1.255633393 1.245396356 1.235159318 1.22492228 1.214685243 1.204448205 1.194211167 1.183974129 1.173737092 1.163500054 1.153367893 1.143529386 1.13369088 1.123852373 1.114013866 1.10417536 1.094336853 1.084498347 1.07465984 1.064821334 1.054982827 1.04514432 1.023279585 1 
1.280961813 1.303229679 1.325497545 1.347765411 1.370033277 1.392301143 1.414569009 1.436836875 1.459104741 1.481372607 1.502164527 1.496389414 1.490614302 1.48483919 1.479064078 1.473288966 1.467513854 1.461738741 1.455963629 1.450188517 1.444413405 1.438638293 1.432863181 1.427088068 1.41637183 1.404337959 1.392304087 1.380270215 1.368236343 1.356202471 1.3441686 1.332134728 1.320100856 1.308066984 1.296033113 1.283999241 1.271965369 1.260877199 1.250640162 1.240403124 1.230166086 1.219929048 1.209692011 1.199454973 1.189217935 1.178980897 1.16874386 1.158506822 1.148269784 1.138032747 1.127900585 1.118062079 1.108223572 1.098385066 1.088546559 1.078708053 1.068869546 1.059031039 1.049192533 1.039354026 1.02951552 1.019677013 1.009838507 1 
1.229347722 1.255564852 1.277832718 1.300100584 1.32236845 1.344636316 1.366904182 1.389172048 1.411439914 1.43370778 1.454499699 1.448724587 1.442949475 1.437174363 1.431399251 1.425624139 1.419849026 1.414073914 1.408298802 1.40252369 1.396748578 1.390973466 1.385198353 1.413347543 1.411356938 1.399129661 1.38709579 1.375061918 1.363028046 1.350994174 1.338960303 1.326926431 1.314892559 1.302858687 1.290824815 1.278790944 1.266757072 1.255668902 1.245431865 1.235194827 1.224957789 1.214720751 1.204483714 1.194246676 1.184009638 1.1737726 1.163535563 1.153298525 1.143061487 1.133034464 1.124821584 1.118062079 1.108223572 1.098385066 1.088546559 1.078708053 1.068869546 1.059031039 1.049192533 1.039354026 1.02951552 1.019677013 1.009838507 1 
1.17773363 1.20555972 1.23016789 1.252435756 1.274703622 1.296971488 1.319239354 1.34150722 1.363775086 1.386042952 1.406834872 1.40105976 1.395284648 1.389509536 1.383734423 1.377959311 1.372184199 1.366409087 1.360633975 1.354858863 1.349083751 1.343308638 1.369034663 1.409299674 1.40730907 1.394050301 1.381887493 1.369853621 1.357819749 1.345785877 1.333752006 1.321718134 1.309684262 1.29765039 1.285616518 1.273582647 1.261548775 1.250460605 1.240223567 1.22998653 1.219749492 1.209512454 1.199275417 1.189038379 1.178801341 1.168564303 1.158327266 1.148090228 1.138010701 1.12877123 1.12055835 1.115219923 1.108223572 1.098385066 1.088546559 1.078708053 1.068869546 1.059031039 1.049192533 1.039354026 1.02951552 1.019677013 1.009838507 1 
1.126119539 1.153945629 1.181771718 1.204770929 1.227038795 1.249306661 1.271574527 1.293842393 1.316110259 1.338378125 1.359170045 1.353394933 1.347619821 1.341844708 1.336069596 1.330294484 1.324519372 1.31874426 1.312969148 1.307194035 1.301418923 1.324721784 1.364986795 1.405251806 1.403261201 1.390002433 1.376743664 1.364645324 1.352611452 1.34057758 1.328543708 1.316509837 1.304475965 1.292442093 1.280408221 1.26837435 1.256340478 1.245252308 1.23501527 1.224778233 1.214541195 1.204304157 1.194067119 1.183830082 1.173593044 1.163356006 1.153118969 1.142986938 1.133747467 1.124507997 1.116295117 1.11095669 1.105618263 1.098385066 1.088546559 1.078708053 1.068869546 1.059031039 1.049192533 1.039354026 1.02951552 1.019677013 1.009838507 1 
1.074505448 1.102331537 1.130157627 1.157106102 1.179373968 1.201641834 1.2239097 1.246177566 1.268445432 1.290713298 1.311505218 1.305730105 1.299954993 1.294179881 1.288404769 1.282629657 1.276854545 1.271079433 1.26530432 1.259529208 1.280408904 1.320673915 1.360938926 1.401203938 1.399213333 1.385954564 1.372695795 1.359437027 1.347403155 1.335369283 1.323335411 1.31130154 1.299267668 1.287233796 1.275199924 1.263166052 1.251132181 1.240044011 1.229806973 1.219569936 1.209332898 1.19909586 1.188858822 1.178621785 1.168384747 1.158147709 1.147963175 1.138723705 1.129484234 1.120244764 1.112031884 1.106693457 1.10135503 1.096016603 1.088546559 1.078708053 1.068869546 1.059031039 1.049192533 1.039354026 1.02951552 1.019677013 1.009838507 1 
1.022891357 1.050717446 1.078543536 1.106369625 1.131709141 1.153977007 1.176244873 1.198512739 1.220780605 1.243048471 1.26384039 1.258065278 1.252290166 1.246515054 1.240739942 1.23496483 1.229189717 1.223414605 1.217639493 1.236096025 1.276361036 1.316626047 1.356891058 1.397156069 1.395165465 1.381906696 1.368647927 1.355389158 1.342194858 1.330160986 1.318127114 1.306093243 1.294059371 1.282025499 1.269991627 1.257957755 1.245923884 1.234835714 1.224598676 1.214361639 1.204124601 1.193887563 1.183650525 1.173413488 1.16317645 1.152939412 1.143699942 1.134460471 1.125221001 1.115981531 1.10776865 1.102430224 1.097091797 1.09175337 1.086414943 1.078708053 1.068869546 1.059031039 1.049192533 1.039354026 1.02951552 1.019677013 1.009838507 1 
0.9712772659 0.9991033552 1.026929444 1.054755534 1.082581623 1.106312179 1.128580045 1.150847911 1.173115777 1.195383643 1.216175563 1.210400451 1.204625339 1.198850227 1.193075115 1.187300002 1.18152489 1.175749778 1.191783145 1.232048156 1.272313168 1.312578179 1.35284319 1.393108201 1.391117596 1.377858827 1.364600059 1.35134129 1.338082521 1.324952689 1.312918817 1.300884945 1.288851074 1.276817202 1.26478333 1.252749458 1.240715587 1.229627417 1.219390379 1.209153341 1.198916304 1.188679266 1.178442228 1.168205191 1.157968153 1.148676179 1.139436708 1.130197238 1.120957768 1.111718297 1.103505417 1.09816699 1.092828563 1.087490136 1.082151709 1.076813282 1.068869546 1.059031039 1.049192533 1.039354026 1.02951552 1.019677013 1.009838507 1 
0.9196631747 0.947489264 0.9753153533 1.003141443 1.030967532 1.058647352 1.080915218 1.103183084 1.12545095 1.147718816 1.168510736 1.162735624 1.156960512 1.151185399 1.145410287 1.139635175 1.133860063 1.147470266 1.187735277 1.228000288 1.268265299 1.30853031 1.348795321 1.389060332 1.387069728 1.373810959 1.36055219 1.347293422 1.334034653 1.320775884 1.30771052 1.295676648 1.283642777 1.271608905 1.259575033 1.247541161 1.235507289 1.22441912 1.214182082 1.203945044 1.193708007 1.183470969 1.173233931 1.162996893 1.153652416 1.144412946 1.135173475 1.125934005 1.116694534 1.107455064 1.099242184 1.093903757 1.08856533 1.083226903 1.077888476 1.072550049 1.067211622 1.059031039 1.049192533 1.039354026 1.02951552 1.019677013 1.009838507 1 
0.8680490836 0.8958751729 0.9237012622 0.9515273514 0.9793534407 1.00717953 1.033250391 1.055518257 1.077786123 1.100053989 1.120845909 1.115070797 1.109295684 1.103520572 1.09774546 1.091970348 1.103157386 1.143422398 1.183687409 1.22395242 1.264217431 1.304482442 1.344747453 1.385012464 1.38302186 1.369763091 1.356504322 1.343245553 1.329986785 1.316728016 1.303469247 1.290468351 1.27843448 1.266400608 1.254366736 1.242332864 1.230298992 1.219210823 1.208973785 1.198736747 1.18849971 1.178262672 1.168025634 1.158628653 1.149389183 1.140149712 1.130910242 1.121670771 1.112431301 1.103191831 1.094978951 1.089640524 1.084302097 1.07896367 1.073625243 1.068286816 1.062948389 1.057609962 1.049192533 1.039354026 1.02951552 1.019677013 1.009838507 1 
0.8164349924 0.8442610817 0.872087171 0.8999132603 0.9277393496 0.9555654389 0.9833915282 1.00785343 1.030121296 1.052389162 1.073181081 1.067405969 1.061630857 1.055855745 1.050080633 1.058844507 1.099109518 1.139374529 1.17963954 1.219904551 1.260169562 1.300434574 1.340699585 1.380964596 1.378973991 1.365715222 1.352456454 1.339197685 1.325938916 1.312680147 1.299421379 1.28616261 1.273226182 1.261192311 1.249158439 1.237124567 1.225090695 1.214002526 1.203765488 1.19352845 1.183291412 1.173054375 1.16360489 1.15436542 1.145125949 1.135886479 1.126647009 1.117407538 1.108168068 1.098928597 1.090715717 1.08537729 1.080038863 1.074700436 1.069362009 1.064023582 1.058685155 1.053346728 1.048008301 1.039354026 1.02951552 1.019677013 1.009838507 1 
0.7648209013 0.7926469906 0.8204730799 0.8482991691 0.8761252584 0.9039513477 0.931777437 0.9596035263 0.9824564684 1.004724334 1.025516254 1.019741142 1.01396603 1.008190918 1.014531627 1.054796639 1.09506165 1.135326661 1.175591672 1.215856683 1.256121694 1.296386705 1.336651716 1.376916727 1.374926123 1.361667354 1.348408585 1.335149817 1.321891048 1.308632279 1.29537351 1.282114742 1.268855973 1.255984014 1.243950142 1.23191627 1.219882398 1.208794229 1.198557191 1.188320153 1.178083115 1.168581127 1.159341657 1.150102187 1.140862716 1.131623246 1.122383775 1.113144305 1.103904835 1.094665364 1.086452484 1.081114057 1.07577563 1.070437203 1.065098776 1.059760349 1.054421922 1.049083495 1.043745068 1.038406641 1.02951552 1.019677013 1.009838507 1 
0.7132068101 0.7410328994 0.7688589887 0.796685078 0.8245111673 0.8523372566 0.8801633459 0.9079894352 0.9347916412 0.9570595072 0.977851427 0.9720763148 0.9663012027 0.970218748 1.010483759 1.05074877 1.091013781 1.131278792 1.171543804 1.211808815 1.252073826 1.292338837 1.332603848 1.372868859 1.370878254 1.357619486 1.344360717 1.331101948 1.317843179 1.304584411 1.291325642 1.278066873 1.264808104 1.251549336 1.238741845 1.226707973 1.214674101 1.203585932 1.193348894 1.183111856 1.173557364 1.164317894 1.155078424 1.145838953 1.136599483 1.127360012 1.118120542 1.108881072 1.099641601 1.090402131 1.082189251 1.076850824 1.071512397 1.06617397 1.060835543 1.055497116 1.050158689 1.044820262 1.039481835 1.034143408 1.028804981 1.019677013 1.009838507 1 
0.661592719 0.6894188083 0.7172448975 0.7450709868 0.7728970761 0.8007231654 0.8285492547 0.856375344 0.8842014333 0.90939468 0.9301865998 0.9244114876 0.9259058686 0.9661708797 1.006435891 1.046700902 1.086965913 1.127230924 1.167495935 1.207760946 1.248025957 1.288290968 1.32855598 1.368820991 1.366830386 1.353571617 1.340312849 1.32705408 1.313795311 1.300536542 1.287277774 1.274019005 1.260760236 1.247501467 1.234242699 1.221499676 1.209465804 1.198377634 1.188140597 1.178533602 1.169294131 1.160054661 1.15081519 1.14157572 1.13233625 1.123096779 1.113857309 1.104617838 1.095378368 1.086138898 1.077926018 1.072587591 1.067249164 1.061910737 1.05657231 1.051233883 1.045895456 1.040557029 1.035218602 1.029880175 1.024541748 1.019203321 1.009838507 1 
0.6099786278 0.6378047171 0.6656308064 0.6934568957 0.721282985 0.7491090743 0.7769351636 0.8047612529 0.8325873421 0.8604134314 0.8825217725 0.8815929891 0.9218580002 0.9621230113 1.002388022 1.042653034 1.082918045 1.123183056 1.163448067 1.203713078 1.243978089 1.2842431 1.324508111 1.364773122 1.362782518 1.349523749 1.33626498 1.323006211 1.309747443 1.296488674 1.283229905 1.269971136 1.256712368 1.243453599 1.23019483 1.216936061 1.204257507 1.193169337 1.183509839 1.174270368 1.165030898 1.155791427 1.146551957 1.137312487 1.128073016 1.118833546 1.109594075 1.100354605 1.091115135 1.081875664 1.073662784 1.068324357 1.06298593 1.057647503 1.052309076 1.046970649 1.041632222 1.036293795 1.030955368 1.025616941 1.020278514 1.014940087 1.00960166 1 
0.5583645367 0.586190626 0.6140167152 0.6418428045 0.6696688938 0.6974949831 0.7253210724 0.7531471617 0.780973251 0.8087993403 0.8372801097 0.8775451208 0.9178101319 0.958075143 0.9983401541 1.038605165 1.078870176 1.119135187 1.159400198 1.19966521 1.239930221 1.280195232 1.320460243 1.360725254 1.358734649 1.345475881 1.332217112 1.318958343 1.305699574 1.292440806 1.279182037 1.265923268 1.252664499 1.239405731 1.226146962 1.212888193 1.199629424 1.188486076 1.179246605 1.170007135 1.160767665 1.151528194 1.142288724 1.133049253 1.123809783 1.114570313 1.105330842 1.096091372 1.086851901 1.077612431 1.069399551 1.064061124 1.058722697 1.05338427 1.048045843 1.042707416 1.037368989 1.032030562 1.026692135 1.021353708 1.016015281 1.010676854 1.005338427 1 
0.6661926849 0.6940187742 0.7218448635 0.7496709528 0.7774970421 0.8053231314 0.8331492206 0.8609753099 0.8888013992 0.8961344019 0.883628998 0.9238940091 0.9641590202 1.004424031 1.044689042 1.084954053 1.125219065 1.165484076 1.205749087 1.246014098 1.286279109 1.32654412 1.342933676 1.348303791 1.346437529 1.342641567 1.330378883 1.317120115 1.303861346 1.290602577 1.277343808 1.26408504 1.250826271 1.237567502 1.224308733 1.211049965 1.197791196 1.186647847 1.177408377 1.168168906 1.158929436 1.149689966 1.140450495 1.131211025 1.121971554 1.112732084 1.103492614 1.094253143 1.085280946 1.077734209 1.07057846 1.064517476 1.058722697 1.05338427 1.048045843 1.042707416 1.037368989 1.032030562 1.026692135 1.021353708 1.016015281 1.010676854 1.005338427 1 
0.7740208331 0.8018469224 0.8296730117 0.857499101 0.8853251903 0.9131512796 0.9409773689 0.9688034582 0.9579203838 0.9424832902 0.9299778863 0.9702428974 1.010507908 1.05077292 1.091037931 1.131302942 1.171567953 1.211832964 1.252097975 1.292362986 1.312425689 1.317795804 1.323165919 1.328536035 1.326669773 1.322873811 1.319077848 1.315281886 1.302023117 1.288764349 1.27550558 1.262246811 1.248988042 1.235729274 1.222470505 1.209211736 1.195952967 1.184809619 1.175570148 1.166330678 1.157091207 1.147851737 1.138612267 1.129372796 1.120133326 1.110893855 1.101743476 1.094196739 1.086650002 1.079103265 1.071947515 1.065886531 1.059825547 1.053764563 1.048045843 1.042707416 1.037368989 1.032030562 1.026692135 1.021353708 1.016015281 1.010676854 1.005338427 1 
0.8818489814 0.9096750707 0.93750116 0.9653272492 0.9931533385 1.020979428 1.035143459 1.019706366 1.004269272 0.9888321785 0.9763267746 1.016591786 1.056856797 1.097121808 1.137386819 1.17765183 1.217916841 1.258181852 1.281917702 1.287287817 1.292657932 1.298028048 1.303398163 1.308768278 1.306902016 1.303106054 1.299310092 1.295514129 1.291718167 1.28692612 1.273667351 1.260408582 1.247149814 1.233891045 1.220632276 1.207373507 1.194114739 1.18297139 1.17373192 1.164492449 1.155252979 1.146013509 1.136774038 1.127534568 1.118295097 1.110659269 1.103112532 1.095565795 1.088019058 1.08047232 1.073316571 1.067255587 1.061194603 1.055133619 1.049072635 1.043011651 1.037368989 1.032030562 1.026692135 1.021353708 1.016015281 1.010676854 1.005338427 1 
0.9896771296 1.017503219 1.045329308 1.073155397 1.100981487 1.096929441 1.081492348 1.066055254 1.05061816 1.035181067 1.022675663 1.062940674 1.103205685 1.143470696 1.183735707 1.224000718 1.251409715 1.25677983 1.262149946 1.267520061 1.272890176 1.278260291 1.283630406 1.289000521 1.28713426 1.283338297 1.279542335 1.275746373 1.271950411 1.268154448 1.264358486 1.258570354 1.245311585 1.232052816 1.218794048 1.205535279 1.19227651 1.181133162 1.171893691 1.162654221 1.15341475 1.14417528 1.13493581 1.127121799 1.119575062 1.112028324 1.104481587 1.09693485 1.089388113 1.081841376 1.074685626 1.068624642 1.062563658 1.056502674 1.05044169 1.044380706 1.038319722 1.032258738 1.026692135 1.021353708 1.016015281 1.010676854 1.005338427 1 
1.097505278 1.125331367 1.153157456 1.174152517 1.158715423 1.14327833 1.127841236 1.112404142 1.096967049 1.081529955 1.069024551 1.109289562 1.149554573 1.189819584 1.220901728 1.226271843 1.231641959 1.237012074 1.242382189 1.247752304 1.253122419 1.258492534 1.26386265 1.269232765 1.267366503 1.263570541 1.259774578 1.255978616 1.252182654 1.248386692 1.244590729 1.240794767 1.236998805 1.230214588 1.216955819 1.20369705 1.190438282 1.179294933 1.170055463 1.160815992 1.151576522 1.143584329 1.136037591 1.128490854 1.120944117 1.11339738 1.105850643 1.098303906 1.090757169 1.083210431 1.076054682 1.069993698 1.063932714 1.05787173 1.051810746 1.045749762 1.039688777 1.033627793 1.027566809 1.021505825 1.016015281 1.010676854 1.005338427 1 
1.205333426 1.233159515 1.235938499 1.220501405 1.205064312 1.189627218 1.174190124 1.158753031 1.143315937 1.127878843 1.115373439 1.155638451 1.190393741 1.195763856 1.201133972 1.206504087 1.211874202 1.217244317 1.222614432 1.227984547 1.233354663 1.238724778 1.244094893 1.249465008 1.247598746 1.243802784 1.240006822 1.23621086 1.232414897 1.228618935 1.224822973 1.221027011 1.217231048 1.213435086 1.209639124 1.201858822 1.188600053 1.177456705 1.168217234 1.160046858 1.152500121 1.144953384 1.137406647 1.12985991 1.122313173 1.114766435 1.107219698 1.099672961 1.092126224 1.084579487 1.077423737 1.071362753 1.065301769 1.059240785 1.053179801 1.047118817 1.041057833 1.034996849 1.028935865 1.022874881 1.016813897 1.010752913 1.005338427 1 
1.313161574 1.297724481 1.282287387 1.266850293 1.2514132 1.235976106 1.220539013 1.205101919 1.189664825 1.174227732 1.159885754 1.165255869 1.170625985 1.1759961 1.181366215 1.18673633 1.192106445 1.19747656 1.202846676 1.208216791 1.213586906 1.218957021 1.224327136 1.229697252 1.22783099 1.224035028 1.220239065 1.216443103 1.212647141 1.208851178 1.205055216 1.201259254 1.197463292 1.193667329 1.189871367 1.186075405 1.182279443 1.176509388 1.168962651 1.161415914 1.153869177 1.14632244 1.138775702 1.131228965 1.123682228 1.116135491 1.108588754 1.101042017 1.09349528 1.085948542 1.078792793 1.072731809 1.066670825 1.060609841 1.054548857 1.048487873 1.042426888 1.036365904 1.03030492 1.024243936 1.018182952 1.012121968 1.006060984 1 
1.371210614 1.343668947 1.323135191 1.307698098 1.292261004 1.27682391 1.261386817 1.245949723 1.230512629 1.215075536 1.200733558 1.206103674 1.211473789 1.216843904 1.222214019 1.227584134 1.232954249 1.238324365 1.24369448 1.249064595 1.25443471 1.259804825 1.251901588 1.237872187 1.231921817 1.228125855 1.224329893 1.22053393 1.216737968 1.212942006 1.209146044 1.205350081 1.201554119 1.197758157 1.193962194 1.188565793 1.180968788 1.173697522 1.166719421 1.159382182 1.151835444 1.144288707 1.13674197 1.129195233 1.121648496 1.114101759 1.106555022 1.099008284 1.091461547 1.08391481 1.077041523 1.072053898 1.066670825 1.060609841 1.054548857 1.048487873 1.042426888 1.036365904 1.03030492 1.024243936 1.018182952 1.012121968 1.006060984 1 
1.429259653 1.401717987 1.37417632 1.348545902 1.333108808 1.317671714 1.302234621 1.286797527 1.271360434 1.25592334 1.241581363 1.246951478 1.252321593 1.257691708 1.263061823 1.268431938 1.273802054 1.279172169 1.284542284 1.289912399 1.284051216 1.270021815 1.255992415 1.241963015 1.236012645 1.232216682 1.22842072 1.224624758 1.220828795 1.217032833 1.213236871 1.209440909 1.205644946 1.200648655 1.19305165 1.185454644 1.177857639 1.170586373 1.163608272 1.156630172 1.149652071 1.142254975 1.134708238 1.127161501 1.119614764 1.112068026 1.104521289 1.096974552 1.089427815 1.081881078 1.075007791 1.070020166 1.06503254 1.060044915 1.054548857 1.048487873 1.042426888 1.036365904 1.03030492 1.024243936 1.018182952 1.012121968 1.006060984 1 
1.487308693 1.459767026 1.43222536 1.404683693 1.377142026 1.358519519 1.343082425 1.327645331 1.312208238 1.296771144 1.282429167 1.287799282 1.293169397 1.298539512 1.303909627 1.309279743 1.314649858 1.320019973 1.316200844 1.302171444 1.288142043 1.274112643 1.260083243 1.246053842 1.240103472 1.23630751 1.232511547 1.228715585 1.224919623 1.221123661 1.217327698 1.212731516 1.205134511 1.197537506 1.189940501 1.182343496 1.174746491 1.167475225 1.160497124 1.153519023 1.146540922 1.139562822 1.132584721 1.125127768 1.117581031 1.110034294 1.102487557 1.09494082 1.087394083 1.079847345 1.072974059 1.067986433 1.062998808 1.058011183 1.053023557 1.048035932 1.042426888 1.036365904 1.03030492 1.024243936 1.018182952 1.012121968 1.006060984 1 
1.545357732 1.517816066 1.490274399 1.462732732 1.435191066 1.407649399 1.383930229 1.368493135 1.353056042 1.337618948 1.323276971 1.328647086 1.334017201 1.339387316 1.344757431 1.350127547 1.348350472 1.334321072 1.320291671 1.306262271 1.292232871 1.27820347 1.26417407 1.25014467 1.244194299 1.240398337 1.236602375 1.232806413 1.22901045 1.224814378 1.217217373 1.209620368 1.202023363 1.194426357 1.186829352 1.179232347 1.171635342 1.164364076 1.157385975 1.150407874 1.143429774 1.136451673 1.129473572 1.122495471 1.115517371 1.108000562 1.100453825 1.092907087 1.08536035 1.077813613 1.070940326 1.065952701 1.060965076 1.05597745 1.050989825 1.0460022 1.041014574 1.036026949 1.03030492 1.024243936 1.018182952 1.012121968 1.006060984 1 
1.603406772 1.575865105 1.548323439 1.520781772 1.493240105 1.465698439 1.438156772 1.410615105 1.393903846 1.378466752 1.364124775 1.36949489 1.374865005 1.38023512 1.3805001 1.3664707 1.352441299 1.338411899 1.324382499 1.310353098 1.296323698 1.282294298 1.268264897 1.254235497 1.248285127 1.244489164 1.240693202 1.23689724 1.229300235 1.22170323 1.214106224 1.206509219 1.198912214 1.191315209 1.183718204 1.176121198 1.168524193 1.161252927 1.154274826 1.147296726 1.140318625 1.133340524 1.126362423 1.119384323 1.112406222 1.105428121 1.098420092 1.090873355 1.083326618 1.075779881 1.068906594 1.063918969 1.058931343 1.053943718 1.048956093 1.043968467 1.038980842 1.033993217 1.029005591 1.024017966 1.018182952 1.012121968 1.006060984 1 
1.661455812 1.633914145 1.606372478 1.578830811 1.551289145 1.523747478 1.496205811 1.468664145 1.441122478 1.419314556 1.404972579 1.410342694 1.412649728 1.398620328 1.384590927 1.370561527 1.356532127 1.342502726 1.328473326 1.314443926 1.300414525 1.286385125 1.272355725 1.258326324 1.252375954 1.248579992 1.241383096 1.233786091 1.226189086 1.218592081 1.210995076 1.20339807 1.195801065 1.18820406 1.180607055 1.17301005 1.165413045 1.158141779 1.151163678 1.144185577 1.137207476 1.130229376 1.123251275 1.116273174 1.109295073 1.102316973 1.095338872 1.088360771 1.081292886 1.073746149 1.066872862 1.061885236 1.056897611 1.051909986 1.04692236 1.041934735 1.03694711 1.031959484 1.026971859 1.021984234 1.016996608 1.012008983 1.006060984 1 
1.719504851 1.691963184 1.664421518 1.636879851 1.609338184 1.581796518 1.554254851 1.526713184 1.499171518 1.471629851 1.444799356 1.430769956 1.416740555 1.402711155 1.388681755 1.374652354 1.360622954 1.346593554 1.332564153 1.318534753 1.304505353 1.290475952 1.276446552 1.262417152 1.253465958 1.245868953 1.238271948 1.230674943 1.223077937 1.215480932 1.207883927 1.200286922 1.192689917 1.185092911 1.177495906 1.169898901 1.162301896 1.15503063 1.148052529 1.141074428 1.134096328 1.127118227 1.120140126 1.113162025 1.106183925 1.099205824 1.092227723 1.085249622 1.078271522 1.071293421 1.06483913 1.059851504 1.054863879 1.049876253 1.044888628 1.039901003 1.034913377 1.029925752 1.024938127 1.019950501 1.014962876 1.009975251 1.004987625 1 
1.700183803 1.684310596 1.656768929 1.629227262 1.601685596 1.574143929 1.546602262 1.519060596 1.491518929 1.463977262 1.437146767 1.423117367 1.409087967 1.395058567 1.381029166 1.366999766 1.352970366 1.338940965 1.324911565 1.310882165 1.296852764 1.282823364 1.268793964 1.25732196 1.249101451 1.241504446 1.233907441 1.226310436 1.21871343 1.211116425 1.20351942 1.195922415 1.18832541 1.180728405 1.173131399 1.165534394 1.159982724 1.15409492 1.14658732 1.13960922 1.132631119 1.125653018 1.118674917 1.111696817 1.104718716 1.097740615 1.090762514 1.083784414 1.076806313 1.069828212 1.063780923 1.059851504 1.054863879 1.049876253 1.044888628 1.039901003 1.034913377 1.029925752 1.024938127 1.019950501 1.014962876 1.009975251 1.004987625 1 
1.680862755 1.669743365 1.649116341 1.621574674 1.594033007 1.566491341 1.538949674 1.511408007 1.48386634 1.456324674 1.429494179 1.415464779 1.401435378 1.387405978 1.373376578 1.359347177 1.345317777 1.331288377 1.317258976 1.303229576 1.289200176 1.275170775 1.263516101 1.252957453 1.244736944 1.237139939 1.229542934 1.221945929 1.214348924 1.206751918 1.199154913 1.191557908 1.183960903 1.176363898 1.168766892 1.162987963 1.159708886 1.153821082 1.145585423 1.138144011 1.13116591 1.124187809 1.117209709 1.110231608 1.103253507 1.096275407 1.089297306 1.082319205 1.075341104 1.068363004 1.062315715 1.058874698 1.054863879 1.049876253 1.044888628 1.039901003 1.034913377 1.029925752 1.024938127 1.019950501 1.014962876 1.009975251 1.004987625 1 
1.661541708 1.650422317 1.639302926 1.613922085 1.586380419 1.558838752 1.531297085 1.503755419 1.476213752 1.448672085 1.42184159 1.40781219 1.39378279 1.379753389 1.365723989 1.351694589 1.337665188 1.323635788 1.309606388 1.295576987 1.281547587 1.269710241 1.259151594 1.248592946 1.240372437 1.232775432 1.225178427 1.217581422 1.209984417 1.202387412 1.194790406 1.187193401 1.179596396 1.171999391 1.165993202 1.162714125 1.159435049 1.153547245 1.145311585 1.137075926 1.129700702 1.122722601 1.1157445 1.108766399 1.101788299 1.094810198 1.087832097 1.080853996 1.073875896 1.066897795 1.060850506 1.05740949 1.053968474 1.049876253 1.044888628 1.039901003 1.034913377 1.029925752 1.024938127 1.019950501 1.014962876 1.009975251 1.004987625 1 
1.64222066 1.631101269 1.619981879 1.606269497 1.57872783 1.551186164 1.523644497 1.49610283 1.468561163 1.441019497 1.414189002 1.400159602 1.386130201 1.372100801 1.358071401 1.344042 1.3300126 1.3159832 1.301953799 1.287924399 1.275904382 1.265345734 1.254787087 1.244228439 1.236007931 1.228410925 1.22081392 1.213216915 1.20561991 1.198022905 1.1904259 1.182828894 1.175231889 1.16899844 1.165719364 1.162440288 1.159161212 1.153273407 1.145037748 1.136802089 1.128566429 1.121257392 1.114279291 1.107301191 1.10032309 1.093344989 1.086366888 1.079388788 1.072410687 1.065432586 1.059385297 1.055944281 1.052503265 1.049062249 1.044888628 1.039901003 1.034913377 1.029925752 1.024938127 1.019950501 1.014962876 1.009975251 1.004987625 1 
1.622899612 1.611780221 1.600660831 1.58954144 1.571075242 1.543533575 1.515991908 1.488450242 1.460908575 1.433366908 1.406536413 1.392507013 1.378477613 1.364448212 1.350418812 1.336389412 1.322360011 1.308330611 1.294301211 1.282098522 1.271539875 1.260981228 1.25042258 1.239863933 1.231643424 1.224046419 1.216449413 1.208852408 1.201255403 1.193658398 1.186061393 1.178464387 1.172003679 1.168724603 1.165445527 1.162166451 1.158887374 1.15299957 1.144763911 1.136528251 1.128292592 1.120056933 1.112814083 1.105835982 1.098857881 1.09187978 1.08490168 1.077923579 1.070945478 1.063967377 1.057920088 1.054479072 1.051038056 1.04759704 1.044156024 1.039901003 1.034913377 1.029925752 1.024938127 1.019950501 1.014962876 1.009975251 1.004987625 1 
1.603578564 1.592459174 1.581339783 1.570220392 1.559101002 1.535880986 1.50833932 1.480797653 1.453255986 1.42571432 1.398883825 1.384854425 1.370825024 1.356795624 1.342766224 1.328736823 1.314707423 1.300678023 1.288292663 1.277734016 1.267175368 1.256616721 1.246058073 1.235499426 1.227278917 1.219681912 1.212084907 1.204487901 1.196890896 1.189293891 1.181696886 1.175008918 1.171729842 1.168450766 1.16517169 1.161892613 1.158613537 1.152725733 1.144490073 1.136254414 1.128018755 1.119783095 1.111547436 1.104370773 1.097392672 1.090414572 1.083436471 1.07645837 1.06948027 1.062502169 1.05645488 1.053013864 1.049572847 1.046131831 1.042690815 1.039249799 1.034913377 1.029925752 1.024938127 1.019950501 1.014962876 1.009975251 1.004987625 1 
1.584257516 1.573138126 1.562018735 1.550899344 1.539779954 1.528228398 1.500686731 1.473145065 1.445603398 1.418061731 1.391231236 1.377201836 1.363172436 1.349143035 1.335113635 1.321084235 1.307054834 1.294486804 1.283928156 1.273369509 1.262810861 1.252252214 1.241693566 1.231134919 1.22291441 1.215317405 1.2077204 1.200123394 1.192526389 1.184929384 1.178014157 1.174735081 1.171456005 1.168176928 1.164897852 1.161618776 1.1583397 1.152451895 1.144216236 1.135980577 1.127744917 1.119509258 1.111273599 1.103037939 1.095927464 1.088949363 1.081971262 1.074993162 1.068015061 1.06103696 1.054989671 1.051548655 1.048107639 1.044666623 1.041225606 1.03778459 1.034343574 1.029925752 1.024938127 1.019950501 1.014962876 1.009975251 1.004987625 1 
1.564936469 1.553817078 1.542697687 1.531578297 1.520458906 1.509339515 1.493034143 1.465492476 1.437950809 1.410409143 1.383578648 1.369549247 1.355519847 1.341490447 1.327461046 1.313431646 1.300680944 1.290122297 1.279563649 1.269005002 1.258446354 1.247887707 1.237329059 1.226770412 1.218549903 1.210952898 1.203355893 1.195758888 1.188161882 1.181019396 1.17774032 1.174461244 1.171182167 1.167903091 1.164624015 1.161344939 1.158065862 1.152178058 1.143942399 1.135706739 1.12747108 1.119235421 1.110999761 1.102764102 1.094528442 1.087484154 1.080506054 1.073527953 1.066549852 1.059571751 1.053524462 1.050083446 1.04664243 1.043201414 1.039760398 1.036319382 1.032878365 1.029437349 1.024938127 1.019950501 1.014962876 1.009975251 1.004987625 1 
1.545615421 1.53449603 1.523376639 1.512257249 1.501137858 1.490018467 1.478899077 1.457839887 1.430298221 1.402756554 1.375926059 1.361896659 1.347867259 1.333837858 1.319808458 1.306875085 1.296316437 1.28575779 1.275199142 1.264640495 1.254081848 1.2435232 1.232964553 1.222405905 1.214185396 1.206588391 1.198991386 1.191394381 1.184024635 1.180745559 1.177466482 1.174187406 1.17090833 1.167629254 1.164350177 1.161071101 1.157792025 1.151904221 1.143668561 1.135432902 1.127197243 1.118961583 1.110725924 1.102490264 1.094254605 1.086018946 1.079040845 1.072062744 1.065084643 1.058106543 1.052059254 1.048618238 1.045177221 1.041736205 1.038295189 1.034854173 1.031413157 1.02797214 1.024531124 1.019950501 1.014962876 1.009975251 1.004987625 1 
1.526294373 1.515174982 1.504055592 1.492936201 1.48181681 1.47069742 1.459578029 1.448458638 1.422645632 1.395103966 1.368273471 1.35424407 1.34021467 1.32618527 1.313069225 1.302510578 1.291951931 1.281393283 1.270834636 1.260275988 1.249717341 1.239158693 1.228600046 1.218041398 1.209820889 1.202223884 1.194626879 1.187029874 1.183750798 1.180471721 1.177192645 1.173913569 1.170634493 1.167355416 1.16407634 1.160797264 1.157518188 1.151630383 1.143394724 1.135159065 1.126923405 1.118687746 1.110452086 1.102216427 1.093980768 1.085745108 1.077575636 1.070597535 1.063619435 1.056641334 1.050594045 1.047153029 1.043712013 1.040270996 1.03682998 1.033388964 1.029947948 1.026506932 1.023065916 1.019624899 1.014962876 1.009975251 1.004987625 1 
1.506973325 1.495853934 1.484734544 1.473615153 1.462495762 1.451376372 1.440256981 1.42913759 1.414993044 1.387451377 1.360620882 1.346591482 1.332562082 1.319263366 1.308704719 1.298146071 1.287587424 1.277028776 1.266470129 1.255911481 1.245352834 1.234794186 1.224235539 1.213676891 1.205456383 1.197859377 1.190262372 1.186756037 1.18347696 1.180197884 1.176918808 1.173639732 1.170360655 1.167081579 1.163802503 1.160523427 1.15724435 1.151356546 1.143120887 1.134885227 1.126649568 1.118413908 1.110178249 1.10194259 1.09370693 1.085471271 1.077235612 1.069132327 1.062154226 1.055176125 1.049128836 1.04568782 1.042246804 1.038805788 1.035364772 1.031923755 1.028482739 1.025041723 1.021600707 1.018159691 1.014718675 1.009975251 1.004987625 1 
1.487652277 1.476532887 1.465413496 1.454294105 1.443174715 1.432055324 1.420935933 1.409816543 1.398697152 1.379798788 1.352968294 1.338938893 1.325457507 1.314898859 1.304340212 1.293781564 1.283222917 1.272664269 1.262105622 1.251546974 1.240988327 1.230429679 1.219871032 1.209312385 1.201091876 1.193494871 1.189761275 1.186482199 1.183203123 1.179924047 1.17664497 1.173365894 1.170086818 1.166807742 1.163528665 1.160249589 1.156970513 1.151082709 1.142847049 1.13461139 1.126375731 1.118140071 1.109904412 1.101668752 1.093433093 1.085197434 1.076961774 1.068726115 1.060689017 1.053710917 1.047663628 1.044222611 1.040781595 1.037340579 1.033899563 1.030458547 1.027017531 1.023576514 1.020135498 1.016694482 1.013253466 1.00981245 1.004987625 1 
1.468331229 1.457211839 1.446092448 1.434973057 1.423853667 1.412734276 1.401614885 1.390495495 1.379376104 1.368256714 1.345315705 1.331651647 1.321093 1.310534352 1.299975705 1.289417057 1.27885841 1.268299762 1.257741115 1.247182468 1.23662382 1.226065173 1.215506525 1.204947878 1.196727369 1.192766514 1.189487438 1.186208362 1.182929286 1.179650209 1.176371133 1.173092057 1.169812981 1.166533904 1.163254828 1.159975752 1.156696676 1.150808871 1.142573212 1.134337553 1.126101893 1.117866234 1.109630574 1.101394915 1.093159256 1.084923596 1.076687937 1.068452277 1.060216618 1.052245708 1.046198419 1.042757403 1.039316387 1.03587537 1.032434354 1.028993338 1.025552322 1.022111306 1.01867029 1.015229273 1.011788257 1.008347241 1.004906225 1 
1.449010182 1.437890791 1.4267714 1.41565201 1.404532619 1.393413228 1.382293838 1.371174447 1.360055056 1.348935666 1.337845788 1.32728714 1.316728493 1.306169845 1.295611198 1.285052551 1.274493903 1.263935256 1.253376608 1.242817961 1.232259313 1.221700666 1.211142018 1.200583371 1.195771753 1.192492677 1.189213601 1.185934524 1.182655448 1.179376372 1.176097296 1.172818219 1.169539143 1.166260067 1.162980991 1.159701914 1.156422838 1.150535034 1.142299375 1.134063715 1.125828056 1.117592396 1.109356737 1.101121078 1.092885418 1.084649759 1.0764141 1.06817844 1.059942781 1.051707121 1.04473321 1.041292194 1.037851178 1.034410162 1.030969146 1.027528129 1.024087113 1.020646097 1.017205081 1.013764065 1.010323049 1.006882032 1.003441016 1 
1.453588931 1.443582076 1.432462685 1.421343294 1.410223904 1.399104513 1.387985122 1.376865732 1.365746341 1.35462695 1.343537072 1.332978425 1.322419778 1.31186113 1.301302483 1.290743835 1.280185188 1.26962654 1.259067893 1.248509245 1.237950598 1.22739195 1.216833303 1.205111843 1.199967994 1.196688918 1.193409841 1.190130765 1.186851689 1.183572613 1.180293536 1.17701446 1.173735384 1.170456308 1.167177231 1.163898155 1.158244164 1.150689971 1.143021132 1.134785473 1.126549813 1.118314154 1.110078495 1.101842835 1.093607176 1.085371516 1.077135857 1.068900198 1.060664538 1.052428879 1.04525448 1.041292194 1.037851178 1.034410162 1.030969146 1.027528129 1.024087113 1.020646097 1.017205081 1.013764065 1.010323049 1.006882032 1.003441016 1 
1.45816768 1.44861408 1.438153969 1.427034579 1.415915188 1.404795798 1.393676407 1.382557016 1.371437626 1.360318235 1.349228357 1.33866971 1.328111062 1.317552415 1.306993767 1.29643512 1.285876472 1.275317825 1.264759177 1.25420053 1.243641882 1.233083235 1.221444833 1.209308084 1.204164234 1.200885158 1.197606082 1.194327006 1.191047929 1.187768853 1.184489777 1.181210701 1.177931624 1.174652548 1.171373472 1.165983361 1.157690576 1.150136383 1.143246922 1.13550723 1.127271571 1.119035912 1.110800252 1.102564593 1.094328933 1.086093274 1.077857615 1.069621955 1.061386296 1.053150637 1.045976237 1.041773366 1.037851178 1.034410162 1.030969146 1.027528129 1.024087113 1.020646097 1.017205081 1.013764065 1.010323049 1.006882032 1.003441016 1 
1.462746429 1.453192829 1.443639229 1.432725863 1.421606473 1.410487082 1.399367691 1.388248301 1.37712891 1.366009519 1.354919642 1.344360994 1.333802347 1.323243699 1.312685052 1.302126404 1.291567757 1.281009109 1.270450462 1.259891814 1.249333167 1.237777823 1.225641074 1.213504324 1.208360475 1.205081399 1.201802322 1.198523246 1.19524417 1.191965094 1.188686017 1.185406941 1.182127865 1.178848789 1.173722557 1.165429772 1.157136988 1.149582795 1.142693334 1.135803873 1.127993329 1.119757669 1.11152201 1.10328635 1.095050691 1.086815032 1.078579372 1.070343713 1.062108053 1.053872394 1.046697995 1.042495123 1.038292252 1.034410162 1.030969146 1.027528129 1.024087113 1.020646097 1.017205081 1.013764065 1.010323049 1.006882032 1.003441016 1 
1.467325178 1.457771578 1.448217978 1.438417148 1.427297757 1.416178367 1.405058976 1.393939585 1.382820195 1.371700804 1.360610926 1.350052279 1.339493631 1.328934984 1.318376336 1.307817689 1.297259041 1.286700394 1.276141747 1.265583099 1.254110814 1.241974064 1.229837315 1.217700565 1.212556715 1.209277639 1.205998563 1.202719487 1.19944041 1.196161334 1.192882258 1.189603182 1.186324105 1.181461753 1.173168968 1.164876184 1.1565834 1.149029207 1.142139745 1.135250284 1.128360823 1.120479427 1.112243767 1.104008108 1.095772449 1.087536789 1.07930113 1.07106547 1.062829811 1.054594152 1.047419752 1.043216881 1.03901401 1.034811138 1.030969146 1.027528129 1.024087113 1.020646097 1.017205081 1.013764065 1.010323049 1.006882032 1.003441016 1 
1.471903927 1.462350327 1.452796727 1.443243127 1.432989042 1.421869651 1.410750261 1.39963087 1.388511479 1.377392089 1.366302211 1.355743563 1.345184916 1.334626268 1.324067621 1.313508974 1.302950326 1.292391679 1.281833031 1.270443804 1.258307054 1.246170305 1.234033555 1.221896806 1.216752956 1.21347388 1.210194803 1.206915727 1.203636651 1.200357575 1.197078498 1.193799422 1.189200949 1.180908165 1.17261538 1.164322596 1.156029811 1.148475618 1.141586157 1.134696696 1.127807235 1.120917774 1.112965525 1.104729866 1.096494206 1.088258547 1.080022887 1.071787228 1.063551569 1.055315909 1.04814151 1.043938638 1.039735767 1.035532896 1.031330024 1.027528129 1.024087113 1.020646097 1.017205081 1.013764065 1.010323049 1.006882032 1.003441016 1 
1.476482676 1.466929076 1.457375476 1.447821876 1.438268276 1.427560936 1.416441545 1.405322155 1.394202764 1.383083373 1.371993495 1.361434848 1.350876201 1.340317553 1.329758906 1.319200258 1.308641611 1.298082963 1.286776794 1.274640044 1.262503295 1.250366545 1.238229796 1.226093046 1.220949196 1.21767012 1.214391044 1.211111968 1.207832891 1.204553815 1.201274739 1.196940145 1.188647361 1.180354576 1.172061792 1.163769008 1.155476223 1.14792203 1.141032569 1.134143108 1.127253647 1.120364186 1.113474725 1.105451623 1.097215964 1.088980304 1.080744645 1.072508986 1.064273326 1.056037667 1.048863267 1.044660396 1.040457525 1.036254653 1.032051782 1.02784891 1.024087113 1.020646097 1.017205081 1.013764065 1.010323049 1.006882032 1.003441016 1 
1.481061426 1.471507826 1.461954226 1.452400626 1.442847026 1.43325222 1.42213283 1.411013439 1.399894049 1.388774658 1.37768478 1.367126133 1.356567485 1.346008838 1.33545019 1.324891543 1.314332895 1.303109784 1.290973034 1.278836285 1.266699535 1.254562786 1.242426036 1.230289287 1.225145437 1.221866361 1.218587285 1.215308208 1.212029132 1.208750056 1.204679341 1.196386557 1.188093773 1.179800988 1.171508204 1.163215419 1.154922635 1.147368442 1.140478981 1.13358952 1.126700059 1.119810598 1.112921137 1.106031676 1.097937721 1.089702062 1.081466403 1.073230743 1.064995084 1.056759424 1.049585025 1.045382154 1.041179282 1.036976411 1.032773539 1.028570668 1.024367797 1.020646097 1.017205081 1.013764065 1.010323049 1.006882032 1.003441016 1 
1.485640175 1.476086575 1.466532975 1.456979375 1.447425775 1.437872175 1.427824114 1.416704724 1.405585333 1.394465942 1.383376065 1.372817417 1.36225877 1.351700122 1.341141475 1.330582827 1.319442774 1.307306024 1.295169275 1.283032525 1.270895776 1.258759026 1.246622277 1.234485527 1.229341678 1.226062601 1.222783525 1.219504449 1.216225373 1.212418538 1.204125753 1.195832969 1.187540184 1.1792474 1.170954616 1.162661831 1.154369047 1.146814854 1.139925393 1.133035932 1.12614647 1.119257009 1.112367548 1.105478087 1.098588626 1.090423819 1.08218816 1.073952501 1.065716841 1.057481182 1.050306783 1.046103911 1.04190104 1.037698168 1.033495297 1.029292426 1.025089554 1.020886683 1.017205081 1.013764065 1.010323049 1.006882032 1.003441016 1 
1.490218924 1.480665324 1.471111724 1.461558124 1.452004524 1.442450924 1.432897324 1.422396008 1.411276618 1.400157227 1.389067349 1.378508702 1.367950054 1.357391407 1.346832759 1.335775764 1.323639014 1.311502265 1.299365515 1.287228766 1.275092016 1.262955267 1.250818517 1.238681768 1.233537918 1.230258842 1.226979766 1.223700689 1.220157734 1.211864949 1.203572165 1.195279381 1.186986596 1.178693812 1.170401027 1.162108243 1.153815459 1.146261265 1.139371804 1.132482343 1.125592882 1.118703421 1.11181396 1.104924499 1.098035038 1.091145577 1.082909918 1.074674258 1.066438599 1.058202939 1.05102854 1.046825669 1.042622797 1.038419926 1.034217055 1.030014183 1.025811312 1.02160844 1.017405569 1.013764065 1.010323049 1.006882032 1.003441016 1 
1.494797673 1.485244073 1.475690473 1.466136873 1.456583273 1.447029673 1.437476073 1.427922473 1.416967902 1.405848512 1.394758634 1.384199986 1.373641339 1.363082691 1.352108754 1.339972004 1.327835255 1.315698505 1.303561756 1.291425006 1.279288257 1.267151507 1.255014758 1.242878008 1.237734159 1.234455082 1.231176006 1.22789693 1.219604146 1.211311361 1.203018577 1.194725792 1.186433008 1.178140224 1.169847439 1.161554655 1.15326187 1.145707677 1.138818216 1.131928755 1.125039294 1.118149833 1.111260372 1.104370911 1.09748145 1.090591989 1.083631675 1.075396016 1.067160356 1.058924697 1.051750298 1.047547426 1.043344555 1.039141684 1.034938812 1.030735941 1.026533069 1.022330198 1.018127327 1.013924455 1.010323049 1.006882032 1.003441016 1 
1.499376422 1.489822822 1.480269222 1.470715622 1.461162022 1.451608422 1.442054822 1.432501222 1.422659187 1.411539796 1.400449918 1.389891271 1.379332623 1.368441744 1.356304994 1.344168245 1.332031495 1.319894746 1.307757996 1.295621247 1.283484497 1.271347748 1.259210998 1.247074249 1.241930399 1.238651323 1.235372247 1.227343342 1.219050557 1.210757773 1.202464988 1.194172204 1.18587942 1.177586635 1.169293851 1.161001067 1.152708282 1.145154089 1.138264628 1.131375167 1.124485706 1.117596245 1.110706784 1.103817323 1.096927862 1.090038401 1.08314894 1.076117773 1.067882114 1.059646455 1.052472055 1.048269184 1.044066312 1.039863441 1.03566057 1.031457698 1.027254827 1.023051956 1.018849084 1.014646213 1.010443341 1.006882032 1.003441016 1 
1.503955171 1.494401571 1.484847971 1.475294371 1.465740771 1.456187171 1.446633571 1.437079971 1.427526371 1.417231081 1.406141203 1.395582556 1.384774734 1.372637985 1.360501235 1.348364486 1.336227736 1.324090986 1.311954237 1.299817487 1.287680738 1.275543988 1.263407239 1.251270489 1.24612664 1.242847563 1.235082538 1.226789753 1.218496969 1.210204185 1.2019114 1.193618616 1.185325831 1.177033047 1.168740263 1.160447478 1.152154694 1.144600501 1.13771104 1.130821579 1.123932118 1.117042657 1.110153196 1.103263734 1.096374273 1.089484812 1.082595351 1.07570589 1.068603872 1.060368212 1.053193813 1.048990941 1.04478807 1.040585199 1.036382327 1.032179456 1.027976585 1.023773713 1.019570842 1.01536797 1.011165099 1.006962228 1.003441016 1 
1.50853392 1.49898032 1.48942672 1.47987312 1.47031952 1.46076592 1.45121232 1.44165872 1.43210512 1.42255152 1.411832488 1.401107724 1.388970975 1.376834225 1.364697476 1.352560726 1.340423977 1.328287227 1.316150477 1.304013728 1.291876978 1.279740229 1.267603479 1.25546673 1.25032288 1.242821734 1.23452895 1.226236165 1.217943381 1.209650596 1.201357812 1.193065028 1.184772243 1.176479459 1.168186674 1.15989389 1.151601106 1.144046913 1.137157451 1.13026799 1.123378529 1.116489068 1.109599607 1.102710146 1.095820685 1.088931224 1.082041763 1.075152302 1.068262841 1.06108997 1.05391557 1.049712699 1.045509828 1.041306956 1.037104085 1.032901213 1.028698342 1.024495471 1.020292599 1.016089728 1.011886857 1.007683985 1.003481114 1 
1.51311267 1.50355907 1.494005469 1.484451869 1.474898269 1.465344669 1.455791069 1.446237469 1.436683869 1.427130269 1.417440714 1.405303965 1.393167215 1.381030466 1.368893716 1.356756967 1.344620217 1.332483468 1.320346718 1.308209968 1.296073219 1.283936469 1.27179972 1.25966297 1.25056093 1.242268146 1.233975361 1.225682577 1.217389793 1.209097008 1.200804224 1.192511439 1.184218655 1.175925871 1.167633086 1.159340302 1.151047517 1.143493324 1.136603863 1.129714402 1.122824941 1.11593548 1.109046019 1.102156558 1.095267097 1.088377636 1.081488175 1.074598714 1.067709253 1.060819792 1.054637328 1.050434457 1.046231585 1.042028714 1.037825842 1.033622971 1.0294201 1.025217228 1.021014357 1.016811486 1.012608614 1.008405743 1.004202871 1 
