1165.755313 1144.673876 1123.592439 1102.511002 1081.429565 1060.348128 1039.266691 1100.543327 1197.116279 1293.689232 1390.262185 1486.835138 1583.40809 1545.342512 1305.319138 1065.295763 825.2723889 585.2490145 345.2256401 127.5734337 111.2617396 94.95004557 78.63835152 62.32665747 46.01496341 29.70326936 25.3476298 23.98100386 22.61437791 21.930915 21.61530911 21.29970322 1 1 1 1 1 1 1 1 1 1 1 1 1 1 1 1 1 1 1 1 1 1 1 1 1 1 1 1 1 1 1 1 
1168.927668 1149.703113 1128.621676 1107.540239 1086.458802 1065.377365 1044.295928 1105.572564 1202.145517 1298.718469 1395.291422 1491.864375 1551.968274 1524.610881 1389.145369 1149.121995 909.0986202 669.0752458 429.0518713 211.0304792 191.7652993 175.4536053 159.1419112 142.8302172 126.5185231 110.2068291 105.8511895 104.4845636 86.92509033 21.69316219 21.37755629 21.0619504 1.469211221 1.469211221 1.469211221 1 1 1 1 1 1 1 1 1 1 1 1 1 1 1 1 1 1 1 1 1 1 1 1 1 1 1 1 1 
1172.100022 1153.081788 1133.650913 1112.569476 1091.488039 1070.406602 1049.325165 1110.601801 1207.174754 1303.747706 1400.320659 1472.58091 1447.590353 1420.232959 1389.32531 1232.948226 992.9248515 752.901477 512.8781026 294.8567105 274.8531592 255.957165 239.6454709 223.3337769 207.0220828 190.7103888 186.3547492 184.9881233 94.56083721 25.82957587 21.13980348 20.82419759 1.938422443 1.938422443 1.753055047 1 1 1 1 1 1 1 1 1 1 1 1 1 1 1 1 1 1 1 1 1 1 1 1 1 1 1 1 1 
1175.272377 1156.254143 1137.235908 1117.598713 1096.517276 1075.435839 1054.354402 1115.631038 1212.203991 1308.776943 1393.193545 1368.202988 1343.212431 1315.855037 1284.947388 1254.039739 1076.751083 836.7277083 596.7043339 378.6829418 358.6793904 338.6758391 320.1490306 303.8373366 287.5256425 271.2139485 266.8583089 265.491683 102.1965841 33.46532275 20.90205066 20.58644477 2.407633664 2.407633664 1.753055047 1 1 1 1 1 1 1 1 1 1 1 1 1 1 1 1 1 1 1 1 1 1 1 1 1 1 1 1 1 
1178.444732 1159.426497 1140.408263 1121.390029 1101.546513 1080.465076 1059.383639 1120.660275 1217.233228 1313.80618 1288.815623 1263.825066 1238.834509 1211.477115 1180.569466 1149.661818 1118.754169 920.5539396 680.5305652 462.509173 442.5056217 422.5020704 402.498519 384.3408963 368.0292023 351.7175082 347.3618686 273.1274299 109.832331 41.10106963 23.28879775 20.34869196 2.876844885 2.876844885 1.753055047 1 1 1 1 1 1 1 1 1 1 1 1 1 1 1 1 1 1 1 1 1 1 1 1 1 1 1 1 1 
1181.617086 1162.598852 1143.580618 1124.562383 1105.544149 1085.494313 1064.412876 1125.689512 1222.262465 1209.428259 1184.437701 1159.447144 1134.456587 1107.099193 1076.191545 1045.283896 1014.376247 983.4685983 764.3567964 546.3354043 526.331853 506.3283016 486.3247503 466.3211989 448.532762 432.2210679 427.8654283 280.7631767 117.4680778 48.73681651 30.92454463 20.11093914 3.346056107 2.911601272 1.753055047 1 1 1 1 1 1 1 1 1 1 1 1 1 1 1 1 1 1 1 1 1 1 1 1 1 1 1 1 1 
1184.789441 1165.771207 1146.752972 1127.734738 1108.716504 1089.698269 1069.442113 1130.718749 1130.040894 1105.050337 1080.05978 1055.069223 1030.078665 1002.721272 971.8136228 940.9059741 909.9983253 879.0906765 848.1830277 630.1616356 610.1580843 590.1545329 570.1509816 550.1474302 530.1438789 512.7246276 451.6940225 288.3989236 125.1038247 56.37256339 38.56029151 20.74801963 3.815267328 2.911601272 1.753055047 1 1 1 1 1 1 1 1 1 1 1 1 1 1 1 1 1 1 1 1 1 1 1 1 1 1 1 1 1 
1187.961796 1168.943561 1149.925327 1130.907093 1111.888858 1092.870624 1073.85239 1050.653529 1025.662972 1000.672415 975.6818578 950.6913007 925.7007436 898.3433498 867.435701 836.5280522 805.6204035 774.7127547 743.8051059 713.9878669 693.9843155 673.9807642 653.9772128 633.9736615 613.9701101 593.9665588 459.3297694 296.0346705 132.7395716 64.00831027 46.19603838 28.3837665 4.070147498 2.911601272 1.753055047 1 1 1 1 1 1 1 1 1 1 1 1 1 1 1 1 1 1 1 1 1 1 1 1 1 1 1 1 1 
1205.816459 1186.798225 1167.779991 1148.761756 1129.743522 1110.725288 1085.939034 1084.588603 1059.598046 1034.607489 1009.616932 984.6263746 959.6358175 1149.379219 1145.60917 1114.701521 1083.793872 1052.886224 1021.978575 992.1613357 972.1577844 952.154233 932.1506817 912.1471303 892.143579 704.5449087 456.2431745 292.9480756 129.6529767 60.92171532 43.10944344 25.29717156 4.224799583 3.066253357 1.907707131 1 1 1 1 1 1 1 1 1 1 1 1 1 1 1 1 1 1 1 1 1 1 1 1 1 1 1 1 1 
1223.671123 1204.652889 1185.634654 1166.61642 1147.598186 1128.579951 1086.489639 1103.686135 1093.53312 1068.542563 1043.552006 1018.561448 993.5708914 1183.314293 1423.782639 1392.87499 1361.967341 1331.059692 1300.152044 1270.334805 1250.331253 1230.327702 1210.324151 1190.320599 1170.317048 681.0471636 453.1565795 289.8614806 126.5663817 57.83512038 40.0228485 22.21057662 4.379451667 3.220905442 2.062359216 1 1 1 1 1 1 1 1 1 1 1 1 1 1 1 1 1 1 1 1 1 1 1 1 1 1 1 1 1 
1241.525787 1222.507552 1203.489318 1184.471084 1165.452849 1144.511942 1087.040244 1104.23674 1127.468194 1102.477637 1077.487079 1052.496522 1027.505965 1217.249367 1701.956108 1671.048459 1640.14081 1609.233161 1578.325512 1548.508273 1528.504722 1508.501171 1488.497619 1468.494068 1347.933445 657.5494184 450.0699846 286.7748857 123.4797868 54.74852544 36.93625356 20.84812198 4.534103752 3.375557527 2.217011301 1 1 1 1 1 1 1 1 1 1 1 1 1 1 1 1 1 1 1 1 1 1 1 1 1 1 1 1 1 
1259.38045 1240.362216 1221.343982 1202.325747 1183.307513 1145.062547 1087.590849 1104.787345 1153.984497 1136.41271 1111.422153 1086.431596 1061.441039 1251.184441 1763.028781 1949.221928 1918.314279 1887.40663 1856.498981 1826.681742 1806.678191 1786.67464 1766.671088 1746.667537 1324.4357 634.0516732 437.9117673 283.6882907 120.3931918 51.6619305 33.84965862 19.97827885 4.688755837 3.530209611 2.249469146 1 1 1 1 1 1 1 1 1 1 1 1 1 1 1 1 1 1 1 1 1 1 1 1 1 1 1 1 1 
1277.235114 1258.21688 1239.198645 1220.180411 1201.162177 1145.613152 1088.141454 1105.33795 1154.535102 1170.347784 1145.357227 1120.36667 1095.376113 1285.119515 1796.963855 2227.395396 2196.487748 2165.580099 2134.67245 2104.855211 2084.85166 2064.848108 2044.844557 1991.321982 1300.937955 610.5539281 414.4140221 280.6016958 117.3065969 48.57533556 30.76306368 19.10843572 4.843407922 3.684861696 2.249469146 1 1 1 1 1 1 1 1 1 1 1 1 1 1 1 1 1 1 1 1 1 1 1 1 1 1 1 1 1 
1295.089778 1276.071543 1257.053309 1238.035075 1203.635455 1146.163757 1088.692059 1105.888555 1155.085707 1204.282858 1179.292301 1154.301744 1129.311187 1319.054589 1830.898929 2342.743269 2474.661217 2443.753568 2412.845919 2383.02868 2363.025129 2343.021577 2323.018026 1967.824237 1277.44021 587.0561829 390.916277 277.5151009 114.220002 45.48874062 27.67646874 18.23859259 4.998060007 3.839513781 2.249469146 1 1 1 1 1 1 1 1 1 1 1 1 1 1 1 1 1 1 1 1 1 1 1 1 1 1 1 1 1 
1312.944441 1293.926207 1274.907973 1255.889738 1204.18606 1146.714362 1089.242664 1106.43916 1155.636312 1204.833463 1213.227375 1188.236818 1163.246261 1352.989662 1864.834003 2376.678343 2752.834685 2721.927037 2691.019388 2661.202149 2641.198597 2621.195046 2601.191495 1944.326492 1253.942465 563.5584377 367.4185318 274.4285059 111.133407 42.40214568 25.32879107 17.36874946 5.152712091 3.994165866 2.249469146 1 1 1 1 1 1 1 1 1 1 1 1 1 1 1 1 1 1 1 1 1 1 1 1 1 1 1 1 1 
1330.799105 1311.780871 1292.762636 1262.208363 1204.736665 1147.264967 1089.793269 1106.989765 1156.186917 1205.384068 1247.162449 1222.171892 1197.181335 1386.924736 1898.769076 2410.613416 2922.457756 3000.100505 2969.192857 2939.375618 2919.372066 2899.368515 2611.212773 1920.828746 1230.44472 540.0606926 343.9207866 271.341911 108.0468121 39.31555074 24.45894794 16.49890633 5.307364176 4.148817951 2.249469146 1 1 1 1 1 1 1 1 1 1 1 1 1 1 1 1 1 1 1 1 1 1 1 1 1 1 1 1 1 
1348.653769 1329.635535 1310.6173 1262.758968 1205.28727 1147.815572 1090.343874 1107.54037 1156.737522 1205.934673 1255.131825 1256.106966 1231.116409 1420.85981 1932.70415 2444.54849 2956.39283 3278.273974 3247.366326 3217.549086 3197.545535 3177.541984 2587.715028 1897.331001 1206.946974 516.5629474 320.4230415 247.8441658 104.9602171 36.2289558 23.58910481 15.62906321 5.462016261 4.17172937 2.249469146 1 1 1 1 1 1 1 1 1 1 1 1 1 1 1 1 1 1 1 1 1 1 1 1 1 1 1 1 1 
1366.508433 1347.490198 1320.781271 1263.309573 1205.837875 1148.366177 1090.894479 1108.090975 1157.288127 1206.485278 1255.68243 1290.04204 1265.051482 1454.794884 1966.639224 2478.483564 2990.327904 3502.172244 3525.539794 3495.722555 3475.719004 3254.60131 2564.217283 1873.833256 1183.449229 493.0652022 296.9252963 224.3464206 101.8736222 33.14236086 22.71926168 14.75922008 5.616668346 4.17172937 2.249469146 1 1 1 1 1 1 1 1 1 1 1 1 1 1 1 1 1 1 1 1 1 1 1 1 1 1 1 1 1 
1384.363096 1365.344862 1321.331876 1263.860178 1206.38848 1148.916782 1091.445084 1108.64158 1157.838732 1207.035883 1256.233035 1305.430186 1298.986556 1488.729958 2000.574298 2512.418638 3024.262978 3536.107318 3803.713263 3773.896024 3753.892473 3231.103565 2540.719538 1850.335511 1159.951484 469.5674571 273.4275512 200.8486755 98.78702725 30.05576591 21.84941855 13.88937695 5.77132043 4.17172937 2.249469146 1 1 1 1 1 1 1 1 1 1 1 1 1 1 1 1 1 1 1 1 1 1 1 1 1 1 1 1 1 
1402.21776 1379.354179 1321.882481 1264.410783 1206.939085 1149.467387 1091.995689 1109.192185 1158.389337 1207.586488 1256.78364 1305.980791 1332.92163 1522.665032 2034.509372 2546.353712 3058.198052 3570.042392 4081.886732 4052.069493 3897.989847 3207.60582 2517.221793 1826.837766 1136.453739 446.0697119 249.929806 177.3509303 95.70043231 28.93961703 20.97957542 13.01953382 5.925972515 4.17172937 2.249469146 1 1 1 1 1 1 1 1 1 1 1 1 1 1 1 1 1 1 1 1 1 1 1 1 1 1 1 1 1 
1420.072424 1379.904784 1322.433086 1264.961388 1207.48969 1150.017992 1092.546294 1109.74279 1158.939942 1208.137093 1257.334245 1306.531396 1355.728548 1556.600106 2068.444446 2580.288786 3092.133126 3603.977466 4115.821806 4330.242962 3874.492101 3184.108074 2493.724048 1803.340021 1112.955994 422.5719667 226.4320608 153.8531851 81.27430947 28.0697739 20.10973229 12.14969069 6.0806246 4.17172937 2.249469146 1 1 1 1 1 1 1 1 1 1 1 1 1 1 1 1 1 1 1 1 1 1 1 1 1 1 1 1 1 
1437.927087 1380.455389 1322.983691 1265.511993 1208.040295 1150.568597 1093.096899 1110.293395 1159.490547 1208.687698 1257.88485 1307.082001 1356.279153 1590.53518 2102.37952 2614.22386 3126.0682 3637.91254 4149.75688 4541.378383 3850.994356 3160.610329 2470.226302 1779.842275 1089.458249 399.0742216 202.9343157 130.35544 57.7765643 27.19993077 19.23988917 11.27984756 6.093989595 4.17172937 2.249469146 1 1 1 1 1 1 1 1 1 1 1 1 1 1 1 1 1 1 1 1 1 1 1 1 1 1 1 1 1 
1377.032152 1369.71441 1312.242712 1254.771014 1197.299316 1139.827618 1082.35592 1099.552417 1148.749568 1197.946719 1247.143871 1296.341022 1333.989234 1545.14738 2056.99172 2568.83606 3080.6804 3592.52474 4104.36908 4136.880325 3940.77267 3250.388643 2560.004617 1869.62059 1179.236563 488.8525358 292.7126298 220.1337542 127.7670415 27.15365448 19.19361288 11.23357127 7.197913273 4.17172937 2.249469146 1 1 1 1 1 1 1 1 1 1 1 1 1 1 1 1 1 1 1 1 1 1 1 1 1 1 1 1 1 
1316.137216 1314.392137 1301.501734 1244.030035 1186.558337 1129.086639 1071.614941 1088.811438 1138.008589 1187.205741 1236.402892 1277.90075 1288.601434 1499.75958 2011.60392 2523.44826 3035.2926 3547.13694 3638.086475 3670.59772 3598.059159 3340.166958 2649.782931 1959.398904 1269.014877 578.6308499 382.490944 309.9120683 128.5000894 27.54033606 19.14733658 11.18729498 9.230136407 4.17172937 2.249469146 1 1 1 1 1 1 1 1 1 1 1 1 1 1 1 1 1 1 1 1 1 1 1 1 1 1 1 1 1 
1255.242281 1253.497201 1251.752122 1233.289057 1175.817359 1118.34566 1060.873962 1078.070459 1127.26761 1176.464762 1221.812267 1232.51295 1243.213634 1454.37178 1966.21612 2478.06046 2989.9048 3127.620425 3171.80387 3204.315115 3131.776554 3059.237992 2739.561245 2049.177218 1358.793191 668.4091641 472.2692582 399.6903825 129.2331373 28.27338394 19.10106029 11.14101869 11.26235954 4.322264417 2.249469146 1 1 1 1 1 1 1 1 1 1 1 1 1 1 1 1 1 1 1 1 1 1 1 1 1 1 1 1 1 
1194.347345 1192.602266 1190.857186 1189.112107 1165.07638 1107.604682 1050.132984 1067.32948 1116.526632 1165.723783 1176.424467 1187.12515 1197.825834 1408.98398 1920.82832 2432.67266 2617.154374 2661.33782 2705.521265 2738.03251 2665.493949 2592.955387 2520.416826 2138.955532 1448.571505 758.1874783 562.0475724 400.4234304 129.9661852 29.00643182 19.31455873 11.0947424 13.29458268 6.354487552 2.249469146 1 1 1 1 1 1 1 1 1 1 1 1 1 1 1 1 1 1 1 1 1 1 1 1 1 1 1 1 1 
1133.45241 1131.70733 1129.962251 1128.217171 1126.472092 1096.863703 1039.392005 1056.588501 1105.785653 1120.335983 1131.036667 1141.737351 1152.438034 1363.59618 1875.44052 2106.688324 2150.871769 2195.055215 2239.23866 2271.749905 2199.211344 2126.672782 2054.134221 1981.59566 1538.349819 847.9657925 651.8258866 401.1564783 130.699233 29.7394797 20.04760661 11.04846611 15.32680581 8.386710686 2.249469146 1 1 1 1 1 1 1 1 1 1 1 1 1 1 1 1 1 1 1 1 1 1 1 1 1 1 1 1 1 
1072.557475 1070.812395 1069.067315 1067.322236 1065.577156 1063.832077 1028.651026 1045.847523 1064.2475 1074.948183 1085.648867 1096.349551 1107.050234 1318.208381 1596.222273 1640.405719 1684.589164 1728.77261 1772.956055 1805.4673 1732.928739 1660.390178 1587.851616 1515.313055 1442.774494 937.7441067 672.3467714 401.8895262 131.4322809 30.47252758 20.78065449 11.08878139 17.35902894 10.41893382 3.478838696 1 1 1 1 1 1 1 1 1 1 1 1 1 1 1 1 1 1 1 1 1 1 1 1 1 1 1 1 1 
1011.662539 1009.91746 1008.17238 1006.4273 1004.682221 1002.937141 1001.192062 1008.159016 1018.8597 1029.560384 1040.261067 1050.961751 1061.662434 1085.756223 1129.939668 1174.123114 1218.306559 1262.490005 1306.67345 1339.184695 1266.646134 1194.107573 1121.569011 1049.03045 976.4918889 903.9533277 673.0798193 402.622574 132.1653288 31.20557546 21.51370237 11.82182927 19.39125208 12.45115695 5.51106183 1 1 1 1 1 1 1 1 1 1 1 1 1 1 1 1 1 1 1 1 1 1 1 1 1 1 1 1 1 
1013.042788 1011.297708 1009.552629 1007.807549 1006.06247 1004.31739 1005.074678 1014.962057 1026.139667 1036.840351 1047.541034 1058.241718 1068.942401 1093.03619 1137.219635 1181.403081 1225.586526 1269.769972 1313.953417 1314.998508 1361.856064 1289.317502 1216.778941 1144.24038 1071.701819 999.1632575 768.289749 497.8325038 205.942395 31.26354029 21.57166719 11.8797941 18.75728848 12.45115695 5.51106183 1 1 1 1 1 1 1 1 1 1 1 1 1 1 1 1 1 1 1 1 1 1 1 1 1 1 1 1 1 
1014.423037 1012.677957 1010.932878 1009.187798 1007.442718 1007.782945 1010.208478 1020.095857 1033.181171 1044.120318 1054.821001 1065.521685 1076.222368 1100.316157 1144.499602 1188.683048 1232.866493 1277.049939 1274.842715 1275.887806 1352.594391 1384.527432 1311.988871 1239.45031 1166.911748 1094.373187 863.4996788 593.0424335 204.7044388 30.601549 21.62963202 11.93775893 17.59021914 12.45115695 5.51106183 1 1 1 1 1 1 1 1 1 1 1 1 1 1 1 1 1 1 1 1 1 1 1 1 1 1 1 1 1 
1015.803285 1014.058206 1012.313126 1010.568047 1010.491212 1012.916745 1015.342278 1025.229657 1038.314971 1051.400284 1062.100968 1072.801652 1083.502335 1107.596124 1151.779569 1195.963015 1240.14646 1243.093755 1235.732013 1236.777104 1313.483689 1390.190274 1407.198801 1334.660239 1262.121678 1189.583117 958.7096085 688.2523633 203.4664827 29.36359282 21.68759685 11.99572376 16.42314979 12.36470737 5.51106183 1 1 1 1 1 1 1 1 1 1 1 1 1 1 1 1 1 1 1 1 1 1 1 1 1 1 1 1 1 
1017.183534 1015.438455 1013.693375 1013.199479 1015.625012 1018.050545 1020.476078 1030.363457 1043.448771 1056.534084 1069.380935 1080.081619 1090.782302 1114.876091 1159.059536 1203.242982 1211.344796 1203.983054 1196.621311 1197.666402 1274.372987 1351.079572 1427.786157 1429.870169 1357.331608 1284.793047 1053.919538 687.0144071 202.2285265 28.12563664 21.31358801 12.05368858 15.25608045 11.19763803 5.51106183 1 1 1 1 1 1 1 1 1 1 1 1 1 1 1 1 1 1 1 1 1 1 1 1 1 1 1 1 1 
1018.563783 1016.818703 1015.907746 1018.333279 1020.758812 1023.184345 1025.609877 1035.497257 1048.582571 1061.667884 1074.753198 1087.361586 1098.062269 1122.156058 1166.339503 1179.595836 1172.234094 1164.872352 1157.510609 1158.5557 1235.262285 1311.96887 1388.675455 1465.38204 1452.541538 1380.002976 1149.129468 685.7764509 200.9905703 26.88768047 20.07563183 12.11165341 14.0890111 10.03056868 5.51106183 1 1 1 1 1 1 1 1 1 1 1 1 1 1 1 1 1 1 1 1 1 1 1 1 1 1 1 1 1 
1019.944032 1018.616013 1021.041546 1023.467079 1025.892612 1028.318144 1030.743677 1040.631057 1053.71637 1066.801684 1079.886998 1092.972312 1105.342236 1129.436025 1147.846876 1140.485134 1133.123392 1125.76165 1118.399907 1119.444998 1196.151583 1272.858168 1349.564753 1426.271338 1502.977924 1475.212906 1169.324375 684.5384948 199.7526141 25.64972429 18.83767565 12.02562701 12.92194175 8.863499336 4.805056918 1 1 1 1 1 1 1 1 1 1 1 1 1 1 1 1 1 1 1 1 1 1 1 1 1 1 1 1 1 
1021.324281 1023.749813 1026.175346 1028.600879 1031.026412 1033.451944 1035.877477 1045.764857 1058.85017 1071.935484 1085.020798 1098.106111 1111.191425 1116.097916 1108.736174 1101.374432 1094.01269 1086.650948 1079.289206 1080.334296 1157.040881 1233.747466 1310.454051 1387.160637 1463.867222 1540.573807 1168.086419 683.3005386 198.5146579 24.41176811 17.59971947 10.78767084 11.75487241 7.69642999 3.637987572 1 1 1 1 1 1 1 1 1 1 1 1 1 1 1 1 1 1 1 1 1 1 1 1 1 1 1 1 1 
1023.504634 1085.992603 1088.418135 1090.843668 1093.269201 1095.694734 1098.120267 1085.697946 1098.78326 1111.868574 1124.953887 1138.039201 1151.124515 1156.031006 1148.669264 1141.307522 1133.94578 1126.584037 1119.222295 1076.335107 1153.041692 1229.748277 1306.454862 1383.161447 1459.868032 1510.032066 1167.800002 683.0141209 198.2282403 24.12535047 17.31330183 10.5012532 10.93304101 6.874598593 2.816156174 1 1 1 1 1 1 1 1 1 1 1 1 1 1 1 1 1 1 1 1 1 1 1 1 1 1 1 1 1 
1025.684987 1148.235392 1150.660925 1153.086458 1155.51199 1157.937523 1160.363056 1135.546458 1138.71635 1151.801663 1164.886977 1177.972291 1191.057604 1195.964096 1188.602354 1181.240611 1173.878869 1166.517127 1159.155385 1072.335917 1149.042503 1225.749088 1302.455673 1379.162258 1455.868843 1458.256285 1167.513584 682.7277033 197.9418227 23.83893283 17.02688419 10.21483556 10.11120961 6.052767195 1.994324776 1 1 1 1 1 1 1 1 1 1 1 1 1 1 1 1 1 1 1 1 1 1 1 1 1 1 1 1 1 
1027.86534 1163.762953 1212.903714 1215.329247 1217.75478 1220.180313 1222.605845 1197.789247 1178.649439 1191.734753 1204.820067 1217.90538 1230.990694 1235.897185 1228.535443 1221.173701 1213.811959 1206.450217 1155.156195 1068.336728 1145.043313 1221.749898 1298.456484 1375.163069 1435.944123 1406.480504 1167.227166 682.4412857 197.655405 23.55251519 16.74046655 10.1769279 9.289378216 5.230935797 1.172493379 1 1 1 1 1 1 1 1 1 1 1 1 1 1 1 1 1 1 1 1 1 1 1 1 1 1 1 1 1 
1030.045693 1165.943306 1275.146504 1277.572036 1279.997569 1282.423102 1284.848635 1260.032037 1223.54024 1231.667842 1244.753156 1257.83847 1270.923784 1275.830275 1268.468533 1261.106791 1253.745048 1246.383306 1151.157006 1064.337539 1141.044124 1217.750709 1294.457294 1371.163879 1384.168342 1354.704723 1144.056587 682.154868 197.3689874 23.26609755 16.45404891 10.21002311 8.467546818 4.409104399 1.000010246 1 1 1 1 1 1 1 1 1 1 1 1 1 1 1 1 1 1 1 1 1 1 1 1 1 1 1 1 1 
1032.226046 1168.123659 1304.021273 1339.814826 1342.240359 1344.665891 1347.091424 1322.274826 1285.783029 1271.600932 1284.686246 1297.771559 1310.856873 1315.763365 1308.401622 1301.03988 1293.678138 1252.146846 1147.157817 1060.33835 1137.044935 1213.75152 1290.458105 1361.85618 1332.392561 1302.928942 1092.280806 681.8684504 197.0825697 22.97967991 16.16763127 10.24311831 7.64571542 3.587273002 1.000010246 1 1 1 1 1 1 1 1 1 1 1 1 1 1 1 1 1 1 1 1 1 1 1 1 1 1 1 1 1 
1034.406399 1170.304012 1306.201626 1402.057615 1404.483148 1406.908681 1409.334214 1384.517616 1348.025819 1311.534022 1324.619335 1337.704649 1350.789963 1355.696454 1348.334712 1340.97297 1333.611228 1248.147656 1143.158628 1056.33916 1133.045745 1209.752331 1286.458916 1310.080399 1280.61678 1251.15316 1040.505025 681.5820327 196.7961521 22.69326227 15.88121363 10.27621351 6.823884022 2.765441604 1.000010246 1 1 1 1 1 1 1 1 1 1 1 1 1 1 1 1 1 1 1 1 1 1 1 1 1 1 1 1 1 
1036.586752 1172.484365 1308.381979 1444.279593 1466.725937 1469.15147 1471.577003 1446.760405 1410.268608 1373.776811 1364.552425 1377.637739 1390.723052 1395.629544 1388.267802 1380.906059 1349.137496 1244.148467 1139.159438 1052.339971 1129.046556 1205.753141 1282.459726 1258.304617 1228.840998 1199.377379 988.7292435 681.2956151 196.5097345 22.40684463 15.70130027 10.30930872 6.002052625 1.943610206 1.000010246 1 1 1 1 1 1 1 1 1 1 1 1 1 1 1 1 1 1 1 1 1 1 1 1 1 1 1 1 1 
1038.767105 1174.664718 1310.562332 1446.459946 1528.968727 1531.39426 1533.819792 1509.003194 1472.511397 1436.019601 1404.485515 1417.570828 1430.656142 1435.562633 1428.200891 1420.839149 1345.138306 1240.149278 1135.160249 1048.340782 1125.047367 1201.753952 1235.992455 1206.528836 1177.065217 1147.601598 936.9534623 681.0091975 196.2233168 22.12042699 15.73439547 10.34240392 5.180221227 1.121778808 1.000010246 1 1 1 1 1 1 1 1 1 1 1 1 1 1 1 1 1 1 1 1 1 1 1 1 1 1 1 1 1 
1040.947458 1176.845071 1312.742685 1448.640299 1584.537912 1593.637049 1596.062582 1571.245984 1534.754187 1498.26239 1461.770593 1457.503918 1470.589232 1475.495723 1468.133981 1446.128146 1341.139117 1236.150088 1131.16106 1044.341593 1121.048178 1197.754763 1184.216674 1154.753055 1125.289436 1095.825817 885.177681 629.2334163 195.9368992 21.83400935 15.76749068 10.37549912 4.358389829 1.000026009 1.000010246 1 1 1 1 1 1 1 1 1 1 1 1 1 1 1 1 1 1 1 1 1 1 1 1 1 1 1 1 1 
1043.127811 1179.025425 1314.923038 1450.820652 1586.718265 1655.879839 1658.305371 1633.488773 1596.996976 1560.505179 1524.013382 1497.437008 1510.522321 1515.428813 1508.06707 1442.128956 1337.139928 1232.150899 1127.161871 1040.342403 1117.048988 1161.904512 1132.440893 1102.977274 1073.513655 1044.050035 833.4018998 577.457635 195.6504815 21.5475917 15.80058588 10.40859432 3.536558431 1.000026009 1.000010246 1 1 1 1 1 1 1 1 1 1 1 1 1 1 1 1 1 1 1 1 1 1 1 1 1 1 1 1 1 
1045.308164 1181.205778 1317.103391 1453.001005 1588.898618 1718.122628 1720.548161 1695.731563 1659.239766 1622.747969 1586.256172 1549.764375 1550.455411 1555.361902 1543.118796 1438.129767 1333.140739 1228.15171 1123.162681 1036.343214 1113.049799 1110.128731 1080.665112 1051.201493 1021.737873 992.2742543 781.6261186 525.6818538 195.3640639 21.26117406 15.83368108 10.44168953 2.714727034 1.000026009 1.000010246 1 1 1 1 1 1 1 1 1 1 1 1 1 1 1 1 1 1 1 1 1 1 1 1 1 1 1 1 1 
1047.488517 1183.386131 1319.283744 1455.181358 1591.078971 1726.976585 1782.79095 1757.974352 1721.482555 1684.990758 1648.498961 1612.007164 1590.388501 1595.294992 1539.119607 1434.130578 1329.141549 1224.152521 1119.163492 1032.344025 1087.816569 1058.35295 1028.889331 999.4257114 969.9620923 940.4984731 729.8503374 473.9060726 195.0776463 21.25876784 15.86677628 10.47478473 1.892895636 1.000026009 1.000010246 1 1 1 1 1 1 1 1 1 1 1 1 1 1 1 1 1 1 1 1 1 1 1 1 1 1 1 1 1 
1049.66887 1185.566484 1321.464097 1457.361711 1593.259324 1729.156938 1845.03374 1820.217141 1783.725345 1747.233548 1710.741751 1674.249954 1637.758157 1635.228082 1535.120417 1430.131389 1325.14236 1220.153331 1115.164303 1028.344835 1036.040788 1006.577169 977.1135494 947.6499302 918.186311 888.7226919 678.0745562 422.1302914 166.1860266 21.29186304 15.89987149 10.50787993 1.071064238 1.000026009 1.000010246 1 1 1 1 1 1 1 1 1 1 1 1 1 1 1 1 1 1 1 1 1 1 1 1 1 1 1 1 1 
1051.849223 1187.746837 1323.64445 1459.542064 1595.439677 1731.337291 1867.234905 1882.459931 1845.968134 1809.476337 1772.98454 1736.492743 1700.000946 1636.110257 1531.121228 1426.132199 1321.143171 1216.154142 1111.165113 1013.728626 984.2650065 954.8013874 925.3377682 895.874149 866.4105298 836.9469107 626.298775 370.3545102 114.4102454 21.32495825 15.93296669 10.54097513 1.000041772 1.000026009 1.000010246 1 1 1 1 1 1 1 1 1 1 1 1 1 1 1 1 1 1 1 1 1 1 1 1 1 1 1 1 1 
1052.261939 1193.433987 1329.331601 1465.229214 1601.126828 1737.024442 1872.922055 1888.147082 1851.655285 1815.163488 1778.671691 1742.179894 1705.688097 1633.71491 1534.471351 1429.482322 1324.493294 1219.504265 1114.515236 1017.078749 987.6151295 958.1515103 928.6878912 899.224272 869.7606528 842.6667143 626.3309126 370.3866478 114.442383 21.35709583 15.96510427 10.57311272 1.051666272 1.000026009 1.000010246 1 1 1 1 1 1 1 1 1 1 1 1 1 1 1 1 1 1 1 1 1 1 1 1 1 1 1 1 1 
1052.674655 1199.121138 1335.018751 1470.916365 1606.813979 1742.711592 1878.609206 1893.834232 1857.342435 1820.850638 1784.358841 1747.867044 1675.344411 1585.355806 1537.821474 1432.832445 1327.843417 1222.854388 1117.865359 1020.428872 990.9652525 961.5016333 932.0380141 902.574395 873.1107758 850.2822625 626.3630502 370.4187854 114.4745206 21.38923341 15.99724185 10.6052503 1.649035484 1.000026009 1.000010246 1 1 1 1 1 1 1 1 1 1 1 1 1 1 1 1 1 1 1 1 1 1 1 1 1 1 1 1 1 
1053.087371 1200.705951 1340.705902 1476.603516 1612.501129 1748.398743 1884.296356 1899.521383 1863.029586 1826.537789 1790.045992 1753.554195 1626.985307 1536.996701 1541.171597 1436.182568 1331.19354 1226.204511 1121.215482 1023.778995 994.3153755 964.8517563 935.3881371 905.9245179 877.8827072 857.8978108 626.3951877 370.450923 114.5066582 21.42137099 16.02937943 10.61825012 2.246404696 1.000026009 1.000010246 1 1 1 1 1 1 1 1 1 1 1 1 1 1 1 1 1 1 1 1 1 1 1 1 1 1 1 1 1 
1053.500088 1201.118667 1346.393053 1482.290666 1618.18828 1754.085893 1889.983507 1905.208533 1868.716736 1832.224939 1795.733142 1735.220788 1578.626202 1488.637597 1498.557962 1439.532691 1334.543663 1229.554634 1124.565605 1027.129118 997.6654984 968.2018793 938.7382601 909.2746409 885.4982554 865.513359 629.7977301 370.4830605 114.5387958 21.45350857 16.06151702 10.62578202 2.843773909 1.000026009 1.000010246 1 1 1 1 1 1 1 1 1 1 1 1 1 1 1 1 1 1 1 1 1 1 1 1 1 1 1 1 1 
1053.912804 1201.531383 1349.149962 1487.977817 1623.87543 1759.773044 1895.670658 1910.895684 1874.403887 1837.91209 1801.420293 1686.861684 1530.267098 1440.278493 1450.198858 1442.882814 1337.893786 1232.904757 1127.915728 1030.479241 1001.015621 971.5520022 942.0883831 913.0987 893.1138036 873.1289072 637.4132783 370.5151981 114.5709333 21.48564615 16.0936546 10.63331392 3.441143121 1.000026009 1.000010246 1 1 1 1 1 1 1 1 1 1 1 1 1 1 1 1 1 1 1 1 1 1 1 1 1 1 1 1 1 
1054.32552 1201.944099 1349.562678 1493.664967 1629.562581 1765.460195 1901.357808 1916.582834 1880.091038 1843.599241 1795.097165 1638.502579 1481.907994 1391.919389 1401.839754 1411.760119 1341.243909 1236.25488 1131.265851 1033.829364 1004.365744 974.9021252 945.438506 920.7142482 900.7293518 880.7444554 645.0288265 370.5473357 114.6030709 21.51778373 16.12579218 10.64084582 4.038512333 1.088525151 1.000010246 1 1 1 1 1 1 1 1 1 1 1 1 1 1 1 1 1 1 1 1 1 1 1 1 1 1 1 1 1 
1054.738236 1202.356815 1349.975394 1497.593973 1635.249732 1771.147345 1907.044959 1922.269985 1885.778188 1849.286391 1746.738061 1590.143475 1433.54889 1343.560284 1353.48065 1363.401015 1344.594032 1239.605003 1134.615974 1037.179487 1007.715867 978.2522482 948.788629 928.3297965 908.3449 888.3600036 652.6443747 370.5794733 114.6352085 21.54992131 16.14972786 10.64837772 4.635881546 1.685894364 1.000010246 1 1 1 1 1 1 1 1 1 1 1 1 1 1 1 1 1 1 1 1 1 1 1 1 1 1 1 1 1 
1055.150952 1202.769531 1350.38811 1498.006689 1640.936882 1776.834496 1912.732109 1927.957136 1891.465339 1854.973542 1698.378956 1541.784371 1385.189785 1295.20118 1305.121545 1315.041911 1324.962276 1242.955126 1137.966097 1040.52961 1011.06599 981.6023712 955.9302411 935.9453447 915.9604482 895.9755518 660.2599229 370.6116109 114.6673461 21.5820589 16.15725976 10.65590961 5.233250758 2.283263576 1.000010246 1 1 1 1 1 1 1 1 1 1 1 1 1 1 1 1 1 1 1 1 1 1 1 1 1 1 1 1 1 
1055.563668 1203.182247 1350.800826 1498.419406 1646.037985 1782.521646 1918.41926 1933.644286 1897.152489 1806.614438 1650.019852 1493.425267 1336.830681 1246.842076 1256.762441 1266.682806 1276.603171 1246.305249 1141.31622 1043.879732 1014.416113 984.9524941 963.5457893 943.5608929 923.5759964 903.5911 667.8754711 378.2271591 114.6994837 21.61419648 16.16479166 10.66344151 5.83061997 2.880632788 1.000010246 1 1 1 1 1 1 1 1 1 1 1 1 1 1 1 1 1 1 1 1 1 1 1 1 1 1 1 1 1 
1055.976384 1203.594964 1351.213543 1498.832122 1646.450701 1788.208797 1924.106411 1939.331437 1902.83964 1758.255333 1601.660748 1445.066162 1288.471577 1198.482972 1208.403337 1218.323702 1228.244067 1238.164432 1144.666343 1047.229855 1017.766236 991.1462339 971.1613375 951.1764411 931.1915447 911.2066482 675.4910193 385.8427073 114.7316212 21.64633406 16.17232356 10.67097341 6.427989183 3.478002001 1.000010246 1 1 1 1 1 1 1 1 1 1 1 1 1 1 1 1 1 1 1 1 1 1 1 1 1 1 1 1 1 
1056.389101 1204.00768 1351.626259 1499.244838 1646.863417 1793.895948 1929.793561 1945.018587 1866.490815 1709.896229 1553.301644 1396.707058 1240.112473 1150.123867 1160.044233 1169.964598 1179.884963 1189.805328 1148.016466 1050.579978 1021.116359 998.7617822 978.7768857 958.7919893 938.8070929 918.8221964 683.1065675 393.4582555 114.7637588 21.67847164 16.17985546 10.67850531 7.025358395 4.075371213 1.125384031 1 1 1 1 1 1 1 1 1 1 1 1 1 1 1 1 1 1 1 1 1 1 1 1 1 1 1 1 1 
1056.801817 1204.420396 1352.038975 1499.657554 1647.276133 1794.894712 1935.480712 1950.705738 1818.13171 1661.537125 1504.942539 1348.347954 1191.753368 1101.764763 1111.685128 1121.605494 1131.525859 1141.446224 1151.366589 1053.930101 1026.362227 1006.37733 986.3924339 966.4075375 946.4226411 926.4377447 690.7221157 401.0738037 114.7958964 21.6887375 16.18738735 10.68603721 7.622727607 4.672740425 1.722753244 1 1 1 1 1 1 1 1 1 1 1 1 1 1 1 1 1 1 1 1 1 1 1 1 1 1 1 1 1 
1057.214533 1204.833112 1352.451691 1500.07027 1647.688849 1795.307428 1941.167862 1926.367192 1769.772606 1613.178021 1456.583435 1299.98885 1143.394264 1053.405659 1063.326024 1073.246389 1083.166755 1093.08712 1103.007485 1057.280224 1033.977775 1013.992879 994.0079822 974.0230857 954.0381893 934.0532929 698.337664 408.6893519 119.0410399 21.6962694 16.19491925 10.6935691 8.22009682 5.270109638 2.320122456 1 1 1 1 1 1 1 1 1 1 1 1 1 1 1 1 1 1 1 1 1 1 1 1 1 1 1 1 1 
1057.627249 1205.245828 1352.864407 1500.482986 1648.101565 1795.720144 1943.338723 1878.008087 1721.413502 1564.818916 1408.224331 1251.629745 1095.03516 1005.046555 1014.96692 1024.887285 1034.80765 1044.728015 1054.648381 1061.57822 1041.593323 1021.608427 1001.62353 981.6386339 961.6537375 941.6688411 705.9532122 416.3049001 126.6565881 21.7038013 16.20245115 10.701101 8.817466032 5.86747885 2.917491668 1 1 1 1 1 1 1 1 1 1 1 1 1 1 1 1 1 1 1 1 1 1 1 1 1 1 1 1 1 
