0.9887131162 0.9887131162 0.9887131162 0.9887131162 0.9887131162 0.9887131162 0.9887131162 1.013788541 1.049610577 1.085432612 1.121254648 1.157076683 1.192898719 1.200063126 1.16424109 1.128419055 1.092597019 1.056774984 1.020952948 1.100493772 2.218300325 3.336106878 4.453913431 5.571719984 6.689526537 7.80733309 10.38670928 13.33147787 16.27624647 18.94476123 21.46452392 23.98428661 13.43705239 16.79932178 20.16159117 23.98531108 28.66601053 33.34670999 37.43834722 39.17373559 40.90912395 42.64451232 44.37990069 46.11528905 47.85067742 49.04305111 50.17508984 51.30712857 52.4391673 53.57120603 54.70324476 55.59268601 56.32039559 57.04810517 57.77581476 58.50352434 59.23123392 59.91323872 60.48859902 61.06395932 61.63931962 62.21467991 62.79004021 63.36540051 
0.9923719088 1.276614405 1.532432652 1.532432652 1.532432652 1.532432652 1.532432652 1.682093768 1.895895363 1.96731331 2.003135346 2.038957381 2.074779417 2.081943824 2.046121788 2.010299753 1.974477717 1.938655682 3.69891348 5.593416157 8.696122733 11.40184931 12.51965586 13.63746241 14.75526896 15.87307552 18.45245171 21.3972203 24.13807976 27.52244203 30.4274945 32.94725719 18.75832474 24.67261255 28.03488194 32.15027368 37.33098197 42.01168142 46.10331866 47.83870702 49.57409539 51.30948375 53.04487212 55.95865273 59.1670314 61.52787046 63.79453846 64.92657719 66.05861592 67.19065465 68.32269338 69.21213462 69.9398442 70.66755379 71.39526337 72.43848676 74.74376541 76.53006855 77.10542885 77.68078915 78.25614945 78.83150974 81.58785187 84.5865253 
0.9960307013 1.280273198 1.564515694 1.84875819 2.076152187 2.076152187 2.076152187 2.225813304 2.439614898 2.653416493 2.867218087 2.920838079 2.956660114 2.963824522 2.928002486 2.89218045 4.472830266 6.233088064 7.993345863 9.88784854 12.99055512 16.09326169 19.19596827 21.70320484 22.82101139 23.93881795 26.51819413 29.27604602 31.88096604 35.26532832 39.06939026 41.91022777 23.37493529 30.5461874 35.90817272 40.02356445 45.53761197 50.67665286 54.76829009 56.50367846 58.23906682 61.0055484 64.21392707 67.42230574 70.63068442 72.99152348 75.25819147 77.52485946 79.67806453 80.81010326 81.94214199 82.83158323 83.55929281 84.4447593 86.75003795 89.0553166 91.36059524 93.14689838 93.72225868 94.29761898 96.81162979 99.81030322 102.8089767 105.8076501 
0.9996894938 1.28393199 1.568174487 1.852416983 2.136659479 2.420901976 2.619871723 2.769532839 2.983334434 3.197136028 3.410937623 3.624739218 3.838540812 3.845705219 5.246747051 7.00700485 8.767262649 10.52752045 12.28777825 14.18228092 17.2849875 20.38769408 23.49040065 26.59310723 29.69581381 32.00456037 34.41401228 37.0189323 39.62385233 43.00821461 46.81227655 50.61633849 27.99154583 35.16279794 42.33405005 47.89685522 53.41090274 58.92495026 63.43326153 66.05244407 69.26082275 72.46920142 75.67758009 78.88595876 82.09433743 84.45517649 86.72184448 88.98851248 91.25518047 93.52184846 95.5615906 96.45103184 98.75631049 101.0615891 103.3668678 105.6721464 107.9774251 109.7637282 112.0354077 115.0340811 118.0327546 121.031428 124.0301015 127.0287749 
1.000724423 1.28496692 1.569209416 1.853451912 2.137694409 2.421936905 2.611598055 2.765462196 2.97926379 3.193065385 3.406866979 3.620668574 4.16961818 9.917964724 12.23708898 13.99734678 15.75760457 17.51786237 19.27812017 21.22570423 24.62035838 27.72306495 30.82577153 33.92847811 37.03118468 40.13389126 42.8383686 45.44328862 48.04820865 49.58567057 53.38973252 57.19379446 39.04482627 46.21607838 53.3873305 58.62435952 64.13840704 69.65245456 73.27597333 76.9860769 80.19445557 83.40283424 86.61121291 89.81959158 93.02797025 97.71364245 99.98031044 102.2469784 104.5136464 106.7803144 109.0469824 111.3368168 113.6420954 115.9473741 118.2526527 120.5579314 122.86321 123.8736318 125.9860543 128.9847278 131.9834012 134.9820746 137.9807481 140.9794215 
1.000548339 1.284790836 1.569033332 1.853275828 2.137518325 2.340691096 2.354701175 2.508565315 2.72236691 2.936168504 3.149970099 3.363771694 10.28053352 16.02888007 20.02460368 22.23195464 23.99221244 25.75247024 27.51272804 29.46031209 33.09383244 36.4619459 39.56465248 42.66735906 45.77006563 48.87277221 51.57724955 54.18216958 56.884004 56.50995597 59.42929756 63.23335951 53.06887743 60.24012955 67.08729925 70.66919314 76.18324066 81.69728818 82.90578444 87.22910733 90.88346369 94.09184236 97.30022103 100.5085997 103.7169784 109.2968172 114.0671516 116.3338196 118.6004876 120.8671556 123.1338236 125.423658 127.7289366 130.0342153 132.3394939 134.6447726 135.9209612 136.8742113 137.3407393 139.5797691 142.5784425 145.5771159 148.5757894 151.5744628 
1.000372255 1.284614751 1.568857248 1.853099744 2.069784136 2.083794216 2.097804295 2.251668435 2.46547003 2.679271624 2.893073219 9.474687038 16.39144887 22.13979541 26.13551903 30.13124264 32.22682031 33.98707811 35.74733591 37.69491996 41.32844031 44.96196066 48.30353343 51.40624001 54.50894659 57.61165316 60.3161305 62.92105053 65.72518349 65.35113545 65.46886261 69.27292456 67.09292859 74.26418071 79.13213287 82.71402676 88.22807428 91.32709929 92.53559556 96.85891845 101.1822413 104.7808505 107.9892292 111.1976078 114.4059865 119.9858253 125.8291596 130.4206608 132.6873288 134.9539968 137.2206648 139.5104991 141.8157778 144.1210564 146.4263351 147.7596954 148.9215406 149.8747907 150.3413187 150.8078467 153.1734838 156.1721573 159.1708307 162.1695041 
1.000196171 1.284438667 1.568681164 1.798877177 1.812887256 1.826897335 1.840907415 1.994771555 2.208573149 2.422374744 8.668840551 15.58560238 22.50236421 28.25071076 32.24643437 36.24215798 40.2378816 42.22168598 43.98194378 45.92952783 49.56304818 53.19656853 56.83008888 60.14512096 63.24782754 66.35053411 69.05501145 71.74607761 74.56636297 74.19231493 72.09824122 75.3124896 81.11697976 88.28823187 91.17696649 94.75886039 100.2729079 100.9569104 102.1654067 106.4887296 110.8120525 115.1353753 118.6782373 121.8866159 125.0949946 130.6748334 136.5181678 142.3615021 146.7741699 149.0408379 151.3075059 153.5973403 155.902619 158.2078976 159.5984296 160.7602748 161.9221201 162.8753702 163.3418982 163.8084262 164.2749542 166.7671986 169.765872 172.7645454 
1.000020087 1.284262583 1.527970217 1.541980296 1.555990376 1.570000455 1.584010535 1.737874675 1.951676269 7.862994064 14.77975589 21.69651773 28.61327956 34.3616261 38.35734971 42.35307333 46.34879694 50.34452055 52.21655164 54.1641357 57.79765605 61.4311764 65.06469674 68.69821709 71.98670849 75.08941507 77.7938924 80.5872571 83.40754245 83.03349442 80.93942071 81.35205465 95.14103092 100.6802966 103.2218001 106.803694 110.1569319 110.5867215 111.7952178 116.1185407 120.4418636 124.7651865 129.0885093 132.5756241 135.7840027 141.3638415 147.2071759 153.0505102 158.8938446 163.1276791 165.3943471 167.6841815 169.9894601 171.4371637 172.599009 173.7608543 174.9226996 175.8759497 176.3424777 176.8090057 177.2755337 177.7420617 180.3609133 183.3595867 
0.9998440027 1.257063257 1.271073337 1.285083416 1.299093495 1.313103575 1.327113654 1.480977794 7.057147578 13.97390941 20.89067124 27.80743307 34.7241949 40.47254144 44.46826506 48.46398867 52.45971228 56.4554359 60.45115951 62.39874357 66.03226391 69.66578426 73.29930461 76.93282496 80.56634531 83.82829602 86.60815122 89.42843658 92.24872194 91.8746739 89.78060019 87.68652648 109.1650821 112.7251303 115.2666337 118.8485276 119.786743 120.2165326 121.4250289 125.7483518 130.0716747 134.3949976 138.7183205 143.0416433 146.4730109 152.0528496 157.896184 163.7395184 169.5828527 175.4261871 179.4811883 181.7710226 183.2758979 184.4377432 185.5995885 186.7614338 187.9232791 188.8765292 189.3430572 189.8095852 190.2761132 190.7426412 191.2091692 193.9546281 
1.170708088 1.667923709 1.681933788 1.695943867 1.709953947 1.723964026 1.737974106 6.583910411 13.50067224 20.41743407 27.3341959 34.25095773 41.16771956 46.53454583 50.53026945 54.52599306 58.52171667 62.51744029 66.5131639 70.47266719 74.10618754 77.73970788 81.37322823 85.00674858 88.64026893 92.27378928 95.26060828 98.08089364 100.901179 100.527131 98.43305725 96.33898354 121.556024 124.0975275 126.6390309 128.772822 129.2026116 129.6324012 130.8627559 135.1860788 139.5094017 143.8327245 148.1560474 152.4793703 156.8026932 162.4940264 168.3373608 174.1806951 180.0240295 185.8673638 191.7106982 195.1672338 196.3290791 197.4909244 198.6527697 199.814615 200.9764603 201.9297104 202.3962384 202.8627664 203.3292944 203.7958224 204.2623504 204.8104799 
4.420295228 9.266360717 14.11242621 14.12643629 14.14044637 14.15445644 14.16846652 19.01440283 25.93116466 32.84792649 39.76468832 44.91136148 47.40290162 50.74012273 55.34586527 59.70760025 63.70332386 67.69904747 71.69477109 75.65427437 79.28779472 82.92131507 86.55483542 90.18835577 94.32804735 98.59428173 100.7536007 103.336347 106.1566324 105.7825843 103.6885106 105.48964 120.8245656 123.3660691 126.2324915 130.7899987 134.7675145 135.1973041 136.4495172 140.991424 145.489614 149.8129369 154.1362598 158.4595827 162.7829056 168.4742388 174.3175731 180.1609075 186.0042419 190.969397 195.3490993 201.208835 208.0552596 211.4909366 212.6527819 213.8146272 214.9764725 215.9297226 216.3962506 216.8627786 217.3293066 217.7958346 219.0783782 220.3609217 
7.669882367 12.51594786 17.36201335 22.20807884 26.57093878 26.58494886 26.59895894 31.44489525 38.36165708 43.9508524 46.44239255 48.9339327 51.42547284 54.76269395 59.36843649 63.97417904 68.57992158 72.88065466 76.87637827 80.83588156 84.46940191 88.10292226 92.17934243 96.44557682 100.7118112 104.9780456 107.1373646 108.7699547 111.4120857 111.0380377 112.4496468 118.1459793 120.0931072 122.7710766 126.6122561 131.1697633 137.0575932 140.762207 142.0144201 146.5563269 151.0982337 155.6401405 160.1164722 164.4397951 168.7631179 174.4544512 180.2977855 185.4093038 189.7890061 194.1687084 198.5484107 204.4081464 211.254571 218.1009957 224.9474203 227.8146394 228.9764847 229.9297348 230.3962628 230.8627908 232.0637328 233.3462764 234.62882 235.9113636 
10.91946951 15.765535 20.61160049 25.45766598 30.30373146 35.14979695 39.02945136 42.99034333 45.48188348 47.97342362 50.46496377 52.95650392 55.44804406 58.78526517 63.39100771 67.99675026 72.6024928 77.20823534 81.81397789 86.01748875 90.03063752 94.2968719 98.56310629 102.8293407 107.0955751 111.3618094 113.5211284 115.1537185 116.7863086 119.4096536 125.1059861 130.8023186 119.3616488 123.1508412 126.9920207 131.5495278 137.4373578 143.3251877 147.579323 152.1212298 156.6631366 161.2050434 165.7469503 170.2888571 174.7433303 179.8492107 184.228913 188.6086153 192.9883175 197.3680198 201.7477221 207.6074578 214.4538825 221.3003071 228.1467318 234.9931564 241.8395811 243.9297471 245.0490875 246.3316311 247.6141747 248.8967182 250.1792618 251.4618054 
13.62124561 18.4673111 23.31337659 28.15944208 33.00550757 37.77160304 41.81796829 45.33449019 48.38456456 50.87610471 53.36764486 55.859185 58.35072515 61.36596756 65.16676337 69.77250592 74.37824846 78.983991 83.58973355 88.16152528 92.42775966 96.69399404 100.9602284 105.2264628 109.2605759 112.3662039 114.2934016 115.9259917 117.3421731 120.6561654 126.2952962 131.9916288 121.417573 125.7172038 129.5583832 134.1158904 140.0037203 145.8915503 151.6275903 157.4630306 162.2636442 166.805551 171.3474578 175.8893646 180.4312714 184.8271942 189.2068965 193.5865987 197.966301 202.3460033 207.5906146 212.7433032 218.1857136 225.0321383 231.8785629 238.7249876 245.5714122 250.7486726 252.0312161 253.3137597 254.5963033 255.8788468 258.6590578 263.68577 
16.12737492 20.97344041 25.8195059 30.66557139 34.71193664 38.75830189 42.80466715 46.32118905 49.61063523 52.90008141 55.87036518 58.36190533 60.85344547 63.86868789 67.6694837 71.47027951 75.35156999 79.95731253 84.56305508 89.13484681 93.40108119 97.66731557 101.8174893 104.9231173 108.0287452 111.1343732 113.0615709 114.5086678 115.5229475 118.8369397 123.3892387 129.0855713 123.8840187 128.7554258 132.9056736 137.4631807 143.3510107 149.0672475 154.7831001 160.6185404 166.4539808 172.2894211 176.9606813 181.5025881 186.0444949 190.4404177 194.8201199 199.1998222 204.3579426 209.6025539 214.8471652 219.9998539 225.0912607 230.1826675 235.8005797 242.6470043 249.493429 254.6706893 255.9532329 257.2357765 259.6415706 264.6682827 269.6949949 274.721707 
18.63350423 23.47956972 27.605905 31.65227025 35.6986355 39.74500075 43.79136601 47.30788791 50.59733409 53.88678027 57.17622645 60.46567264 63.3561658 66.37140821 70.17220402 73.97299983 77.77379564 81.57459145 85.53637661 90.10816834 94.37440272 97.48003068 100.5856586 103.6912866 106.7969145 109.9025425 111.6751626 112.6894422 113.7037219 117.0177141 121.5700131 126.1795138 126.3504644 131.2218715 136.0932787 140.8104711 146.5368016 152.2227573 157.9386098 163.7740502 169.6094905 175.4449309 181.2803712 187.1158116 191.6577184 196.0536412 201.1252707 206.369882 211.6144933 216.8591046 222.1037159 227.2564045 232.3478113 237.4392182 242.530625 247.6220318 253.4154457 258.5927061 260.6240834 265.6507955 270.6775077 275.7042198 280.7309319 285.7576441 
18.87270373 23.95066901 27.99703426 32.04339951 36.08976477 40.13613002 44.18249527 47.58596849 50.87541467 54.16486085 57.45430704 60.74375322 64.0331994 68.32894162 72.12973744 75.93053325 79.73132906 83.53212487 87.33292068 91.0641997 94.16982766 97.27545561 100.3810836 103.4867115 106.5923395 110.0115471 111.7576761 112.7719558 113.7862354 116.456609 121.008908 125.561207 128.7955904 133.6669975 138.5384047 143.4881047 149.1740604 154.860016 160.5758686 166.4113089 172.2467493 178.0821896 183.91763 189.7530703 195.5398481 200.8273214 206.0719327 211.316544 216.5611553 221.8057666 227.0503779 232.3694071 237.4608139 242.5522208 247.6436276 252.7350344 257.8264412 262.8984396 267.9251518 272.9518639 277.9785761 283.0052882 288.0320004 292.8439969 
15.99487473 22.62024006 27.56925534 31.61562059 35.66198584 39.7083511 43.75471635 47.07340306 50.17914513 53.46859131 56.75803749 60.04748367 63.33692986 67.63267208 73.33763884 77.13843465 80.93923046 84.74002627 88.54082208 92.27210111 95.37772907 98.48335702 101.588985 104.6946129 108.0354257 112.7089521 114.4550811 115.4693607 116.8441392 117.7336026 122.1777186 126.7300176 129.7437989 136.0828088 140.954216 145.7488168 151.098724 156.7846796 162.5005322 168.3359725 174.1714129 180.0068532 185.8422936 191.6371817 197.3104133 202.5978866 207.8424979 213.0871092 218.3317205 223.5763318 228.8062533 234.2115454 239.626438 244.7178448 249.8092517 254.9006585 259.9920653 265.0640637 270.0907759 275.117488 280.1442002 285.1709123 290.0097483 294.4996714 
13.11704573 19.74241106 26.36777639 31.18784167 35.23420692 39.28057217 43.32693742 46.64562413 49.65244861 52.77232177 56.06176795 59.35121413 62.64066031 66.93640254 72.74158882 78.34633606 82.14713187 85.94792768 89.74872349 93.48000252 96.58563047 99.69125843 102.7968864 106.0593042 110.7328306 115.406357 117.152486 118.1667657 120.0684269 120.9578903 123.3465292 127.8988282 130.6746393 138.4986202 143.3700273 148.1646281 153.0233875 158.7093432 164.4251958 170.2606361 176.0960765 181.9315168 187.7345154 193.4077469 199.0809785 204.3684518 209.6130631 214.8576744 220.1022857 225.3329803 230.5621286 235.9674207 241.490142 246.8834689 251.9748757 257.0662826 262.1576894 267.2296878 272.2563999 277.2831121 282.3098242 287.1754997 291.6654228 296.1553459 
10.23921673 16.86458206 23.48994739 30.11531273 34.806428 38.85279325 42.8991585 46.21784521 49.22466968 52.23149416 55.3654984 58.65494458 61.94439077 66.24013299 72.04531928 77.85050557 83.35503328 87.15582909 90.9566249 94.68790393 97.79353188 100.8991598 104.0831827 108.7567091 113.4302356 118.103762 119.849891 121.1692081 123.2927147 124.1821781 124.5153397 129.0676387 131.6054798 139.950503 145.7858387 150.5804394 155.2323998 160.6340068 166.3498593 172.1852997 178.0207401 183.8318491 189.5050806 195.1783122 200.8515437 206.139017 211.3836283 216.6282396 221.8597074 227.0888557 232.318004 237.7232961 243.2460173 248.7687386 254.1404998 259.2319066 264.3233135 269.3953119 274.422024 279.4487362 284.3412511 288.8311742 293.3210973 297.8110204 
7.361387733 13.98675306 20.6121184 27.23748373 33.86284906 38.42501433 42.47137958 45.79006629 48.79689076 51.80371524 54.81053971 57.95867504 61.24812122 65.54386345 71.34904973 77.15423602 82.95942231 88.3637305 92.16452631 95.89580534 99.00143329 102.1070612 106.7805877 111.4541141 116.1276405 120.801167 122.547296 124.3934958 126.5170025 127.4064659 127.6314445 130.2364493 132.5363202 140.8813435 148.20165 152.9962508 157.6482112 162.5586704 168.2745229 174.1099633 179.9291828 185.6024143 191.2756458 196.9488774 202.6221089 207.9095822 213.1541936 218.3864345 223.6155827 228.844731 234.0738793 239.4791714 245.0018927 250.524614 256.0473352 261.3975307 266.4889375 271.560936 276.5876481 281.5070024 285.9969255 290.4868487 294.9767718 299.4666949 
4.483558734 11.10892407 17.7342894 24.35965473 30.98502006 37.61038539 42.04360066 45.36228736 48.36911184 51.37593631 54.38276079 57.38958526 60.55185168 64.8475939 70.65278019 76.45796648 82.26315276 88.06833905 93.37242772 97.10370675 100.2093347 104.8044662 109.4779926 114.1515191 118.8250455 123.4985719 125.494277 127.6177836 129.7412903 130.6307537 130.8557323 131.4052599 133.4671607 141.8121839 150.1572072 155.4120621 160.0640225 164.7159829 170.1991865 176.0265164 181.699748 187.3729795 193.046211 198.7194426 204.3926741 209.6801475 214.9131615 220.1423098 225.3714581 230.6006064 235.8297547 241.2350468 246.757768 252.2804893 257.8032106 263.3259318 268.6545616 273.72656 278.6727538 283.1626769 287.6526 292.1425231 296.6324463 301.1223694 
1.605729736 8.231095067 14.8564604 21.48182573 28.10719106 34.73255639 41.35792172 44.93450844 47.94133292 50.94815739 53.95498186 56.96180634 59.96863081 64.15132436 69.95651064 75.76169693 81.56688322 87.37206951 93.1772558 98.31160816 102.8283447 107.5018712 112.1753976 116.848924 121.5224504 126.1959769 128.7185648 130.8420714 132.965578 133.8550414 134.08002 134.3049986 134.3980011 142.7430244 151.0880476 157.8278734 162.4798338 167.1317942 172.1238501 177.7970816 183.4703132 189.1435447 194.8167763 200.4900078 206.1632393 211.4398886 216.6690369 221.8981852 227.1273335 232.3564817 237.58563 242.9909221 248.5136434 254.0363647 259.5590859 265.0818072 270.6045285 275.8385052 280.3284283 284.8183514 289.3082745 293.7981976 298.2881207 302.7780439 
0.9998756605 7.026129008 13.65149434 20.27685967 26.902225 33.52759033 40.15295567 44.2453424 47.25216687 50.25899135 53.26581582 56.2726403 60.05424992 67.27955974 73.08474602 78.88993231 84.6951186 90.50030489 96.30549118 98.12580071 103.6791568 108.3526832 113.0262096 117.6997361 122.3732625 127.0467889 129.6125828 131.7360894 133.8595961 135.2243417 135.4493203 135.6742989 134.6598359 142.7303225 151.0753458 158.127797 162.7797574 167.4317178 172.9356177 177.5624318 183.2356633 188.9088949 194.5821264 200.255358 205.9285895 212.0983911 217.3275394 222.5566877 227.785836 233.0149843 238.2441326 243.6494246 249.1721459 254.6948672 260.2175885 265.7403097 271.2112474 275.8387624 280.5380898 285.0280129 289.517936 294.0078591 298.4977822 302.9877053 
0.9998815649 6.826430918 12.89262506 19.5179904 26.14335573 32.76872106 39.39408639 43.48647312 46.4932976 49.50012207 52.50694655 56.03029446 64.20235328 71.4276631 77.23284938 83.03803567 88.84322196 94.64840825 96.17938742 97.19828311 103.2253936 108.7110705 113.3845969 118.0581233 122.7316498 127.4051762 129.8942245 132.0087022 134.1322089 135.8454948 136.3239572 136.5489358 135.1651254 142.4660093 150.8110326 157.8634839 162.5154442 167.304498 173.9736921 177.7443465 182.4662895 188.139521 193.8127526 199.4859841 205.1592157 211.5082662 217.6934091 222.9225574 228.1517057 233.380854 238.6100023 244.0152944 249.5380157 255.0607369 260.5834582 266.1061795 270.5932297 275.2207447 280.1760106 284.8520708 289.3419939 293.831917 298.3218401 302.8117632 
0.9998874693 6.826436822 12.65298618 18.75912112 25.38448645 32.00985178 38.63521712 42.72760385 45.73442832 48.7412528 52.00633899 60.17839782 68.35045664 75.57576646 81.38095274 87.18613903 92.99132532 94.78944243 95.25186982 96.27076552 102.297876 108.3249865 113.7429842 118.4165106 123.090037 127.7635635 130.2526118 132.281315 134.4048217 136.1181075 137.1985941 137.4235727 135.6704149 142.215198 150.5467194 157.5991707 162.2511311 168.3425724 175.0117665 178.7824209 182.5530754 187.3701472 193.0433787 198.7166103 204.3898418 210.7388924 217.163034 223.2884272 228.5175755 233.7467238 238.9758721 244.3811642 249.9038854 255.4266067 260.949328 265.4881618 269.975212 274.6027269 279.5579929 284.5132588 289.1660519 293.655975 298.1458981 302.6358212 
0.9998933738 6.826442727 12.65299208 18.47954143 24.62561718 31.25098251 37.87634784 41.96873457 44.97555905 47.98238352 56.15444235 64.32650118 72.49856 79.72386982 85.5290561 91.33424239 93.39949745 93.86192484 94.32435223 95.34324792 101.3703584 107.3974689 113.4245794 118.7748979 123.4484243 128.1219507 130.610999 132.5539278 134.6774344 136.3907203 137.8831181 138.2982096 136.1757044 142.7204875 150.2824063 157.3348575 161.9868179 169.3806469 176.0498409 179.8204953 183.5911498 187.3618042 192.2740049 197.9472364 203.620468 209.9695185 216.3936601 222.8178017 228.8834453 234.1125936 239.3417419 244.7470339 250.2697552 255.7924765 260.3830938 264.8701441 269.3571943 273.9847092 278.9399751 283.8952411 288.850507 293.4800329 297.969956 302.4598792 
0.9998992782 6.826448631 12.65299798 18.47954734 24.30609669 30.49211323 37.11747857 41.2098653 44.21668977 52.13048688 60.30254571 68.47460454 76.64666336 83.87197318 89.67715946 92.00955247 92.47197985 92.93440724 93.39683463 94.41573033 100.4428408 106.4699513 112.4970618 118.5241723 123.8068116 128.480338 130.9693863 132.9123151 134.9500472 136.6633331 138.1557309 139.1728465 136.680994 143.225777 150.0180931 157.0705444 163.0248923 170.4187213 177.0879153 180.8585697 184.6292242 188.3998786 192.170533 197.1778626 202.8510941 209.2001447 215.6242863 222.0484278 228.4725694 234.4784633 239.7076116 245.1129037 250.635625 255.2780259 259.7650761 264.2521263 268.7391766 273.3666915 278.3219574 283.2772233 288.2324893 293.1877552 297.794014 302.2839371 
0.9999051826 6.826454536 12.65300389 18.47955324 24.3061026 30.13265195 36.35860929 40.45099602 48.10653141 56.27859024 64.45064907 72.6227079 80.79476672 88.02007654 90.61960748 91.08203487 91.54446226 92.00688965 92.46931704 93.48821273 99.51532323 105.5424337 111.5695442 117.5966547 123.6237652 128.8387253 131.3277736 133.2707023 135.22266 136.9359459 138.4283437 139.9207415 137.1862835 143.7310665 150.2758496 156.8062312 164.0629667 171.4567957 178.1259897 181.8966441 185.6672986 189.437953 193.2086074 196.9792619 202.0817203 208.4307708 214.8549124 221.279054 227.7031956 234.1273371 240.0734814 245.4787735 250.1729579 254.6600081 259.1470584 263.6341086 268.1211589 272.7486738 277.7039397 282.6592056 287.6144716 292.5697375 297.5250034 302.1079951 
1.227370242 7.053919595 12.88046895 18.7070183 24.53356765 30.36011701 36.18666636 43.07639771 51.24845653 59.42051536 67.59257419 75.76463302 83.93669184 89.0248981 89.48732548 89.94975287 90.41218026 90.87460765 91.33703503 92.65547987 98.68259036 104.7097009 110.7368113 116.7639218 122.7910323 128.8181428 131.4241387 133.3670675 135.3099963 136.9600799 138.4524777 139.9448755 137.4481258 143.9929089 150.537692 157.3796411 164.77347 172.167299 178.8053411 182.5759955 186.34665 190.1173044 193.8879588 197.6586133 201.4292677 207.8241437 214.2482852 220.6724268 227.0965684 233.52071 239.9448515 245.3071964 249.7942467 254.2812969 258.7683471 263.2553974 267.7424476 272.3699625 277.3252285 282.2804944 287.2357603 292.1910262 297.1462921 302.1113635 
2.667950793 8.494500146 14.3210495 20.14759885 25.97414821 31.80069756 37.3365742 40.85203888 49.0240977 57.19615653 65.36821536 73.54027419 81.71233301 86.80053927 87.26296665 87.72539404 88.18782143 88.65024882 89.1126762 94.19485884 98.35537603 104.3824865 110.409597 116.4367075 122.463818 128.4909285 130.1230525 132.0659813 134.0089101 135.6589937 137.1513915 138.6437893 136.4781627 142.9563664 149.5011494 156.3430985 163.7369275 171.1307564 177.5715033 181.3421577 185.1128121 188.8834666 192.654121 196.4247754 202.0506378 208.0854988 214.5096404 220.933782 227.3579235 233.7820651 240.2062067 246.2047863 250.6918365 255.1788868 259.665937 264.1529872 268.6400375 273.2675524 278.2228183 283.1780843 288.1333502 293.0886161 298.043882 303.0710543 
4.108531343 9.935080697 15.76163005 21.5881794 27.41472876 33.24127811 38.22487661 40.75739563 46.79973887 54.9717977 63.14385653 71.31591536 79.48797418 84.57618044 85.03860782 85.50103521 85.9634626 86.42588999 87.90606407 95.83793745 98.02816171 104.0552722 110.0823827 116.1094932 122.1366037 128.1637142 128.8219663 130.7648951 132.7078239 134.3579075 135.8503053 137.3673907 135.6693216 141.9198238 148.4646069 155.306556 162.7003849 170.0942139 176.3376654 180.1083199 183.8789743 187.6496287 191.4202831 195.1909376 202.775075 208.4687176 214.7709955 221.1951371 227.6192787 234.0434202 240.4675618 246.5331135 251.5894264 256.0764766 260.5635269 265.0505771 269.5376273 274.1651423 279.1204082 284.0756741 289.03094 293.986206 298.9447404 304.0307452 
5.549111894 11.37566125 17.2022106 23.02875995 28.85530931 34.44932049 39.11317901 41.64569803 44.57538004 52.74743887 60.9194977 69.09155653 77.26361535 82.35182161 82.81424899 83.27667638 83.73910377 84.20153116 89.54914267 97.48101606 99.36014143 103.7280579 109.7551684 115.7822789 121.8093894 127.8364999 127.5208801 129.4638089 131.4067377 133.0568213 134.5492191 136.5353699 134.8604806 140.8832813 147.4280643 154.2700135 161.6638424 169.0576713 175.1038276 178.874482 182.6451364 186.4157909 190.1864453 195.6061734 203.4995121 209.1931548 215.0323506 221.4564922 227.8806338 234.3047754 240.7289169 246.7944686 252.4870163 256.9740665 261.4611168 265.948167 270.4352172 275.0627322 280.0179981 284.973264 289.9285299 294.8837958 299.9044312 304.9904361 
6.989692445 12.8162418 18.64279115 24.4693405 30.29588986 35.3376229 40.00148142 42.53400044 44.15308824 50.52308004 58.69513887 66.8671977 75.03925652 80.12746278 80.58989016 81.05231755 81.51474494 82.58782034 91.19222128 99.12409466 101.00322 103.4008436 109.427954 115.4550645 121.482175 127.5092855 126.9886401 128.1627227 130.1056515 131.7557351 133.2481329 135.7033491 134.0516396 139.8467387 146.3915218 153.2334709 160.6272999 167.8653693 173.8699897 177.6406442 181.4112986 185.181953 188.9526075 196.3306106 204.2239493 209.917592 215.366824 221.7178474 228.1419889 234.5661305 240.9902721 247.0558238 252.8823156 257.8716564 262.3587066 266.8457569 271.3328071 275.960322 280.915588 285.8708539 290.8261198 295.7813857 300.8641221 305.950127 
8.430272996 14.25682235 20.0833717 25.90992106 31.56206678 36.2259253 40.88978382 43.42230284 45.04139065 48.29872121 56.47078004 64.64283887 72.81489769 77.90310395 78.36553133 78.82795872 79.29038611 84.23089895 92.83529989 100.7671733 102.6462986 104.525424 109.1007397 115.1278502 121.1549607 127.1820712 126.6614258 126.8616365 128.8045653 130.4546489 131.9470467 134.8713282 133.2427985 138.8101962 145.3549792 152.1969284 159.5907573 166.6315315 172.6361519 176.4068063 180.1774607 183.9481152 189.1617091 197.0550478 204.9483865 210.6420292 216.0912612 221.9792025 228.4033441 234.8274856 241.2516272 247.3171789 253.1436707 258.7692463 263.2562965 267.7433467 272.230397 276.8579119 281.8131778 286.7684437 291.7237097 296.7378081 301.823813 306.9098178 
9.870853547 15.6974029 21.52395225 27.35050161 32.45036919 37.11422771 41.77808623 44.31060525 45.92969306 47.54878086 54.24642121 62.41848004 70.59053886 75.67874511 76.1411725 76.60359989 77.26957662 85.87397756 94.47837849 102.4102519 104.2893773 106.1685026 108.7735254 114.8006359 120.8277464 126.8548569 126.3342115 125.5605503 127.5034791 129.1535627 130.6459605 134.0393074 132.4339575 137.9134703 144.3184367 151.1603858 158.5542148 165.3976936 171.402314 175.1729685 178.9436229 182.7142773 189.8861463 197.779485 205.6728237 211.3664663 216.8156983 222.2649304 228.6646992 235.0888408 241.5129823 247.578534 253.4050258 259.2315176 264.1538864 268.6409366 273.1279868 277.7555018 282.7107677 287.6660336 292.6212995 297.697499 302.7835038 307.8695087 
11.3114341 17.13798345 22.9645328 28.67481307 33.33867159 38.00253011 42.66638864 45.19890766 46.81799546 48.43708327 52.02206238 60.19412121 68.36618003 73.45438628 73.91681367 74.37924106 78.91265522 87.51705616 96.1214571 104.0533305 105.9324559 107.8115812 109.6907066 114.4734216 120.5005321 126.5276426 126.0069972 124.2594641 126.2023929 127.8524765 129.7398767 133.2072866 131.6251164 137.1046293 143.2818942 150.1238433 157.5176722 164.1638558 170.1684762 173.9391306 177.709785 182.7172447 190.6105834 198.5039221 206.3972608 212.0909035 217.5401355 222.9893675 228.9260543 235.3501959 241.7743375 247.8398892 253.666381 259.4928728 265.0514762 269.5385265 274.0255767 278.6530917 283.6083576 288.5636235 293.571185 298.6571899 303.7431947 308.8291996 
12.75201465 18.578564 24.40511335 29.56311548 34.226974 38.89083252 43.55469104 46.08721006 47.70629787 49.32538567 50.94447348 57.96976238 66.1418212 71.23002745 71.69245484 72.15488223 80.55573383 89.16013477 97.76453571 105.6964091 107.5755345 109.4546598 111.3337852 114.1462072 120.1733177 126.2004282 125.6797828 123.5221985 124.9013067 126.5513903 128.9078559 132.3752657 130.8162754 136.2957883 142.2453516 149.0873007 156.3669061 162.9300179 168.9346383 172.7052928 176.4759472 183.4416819 191.3350206 199.2283593 207.121698 212.8153407 218.2645727 223.7138047 229.1874095 235.611551 242.0356926 248.1012443 253.9277361 259.7542279 265.5807197 270.4361164 274.9231666 279.5506815 284.5059475 289.4612134 294.5308759 299.6168807 304.7028856 309.7888905 
14.1925952 20.01914455 25.78755936 30.45141788 35.1152764 39.77913493 44.44299345 46.97551247 48.59460027 50.21368808 51.83277588 55.74540355 63.91746237 69.00566862 69.46809601 73.5944115 82.19881244 90.80321337 99.40761431 107.3394877 109.2186131 111.0977384 112.9768638 114.8559892 119.8461034 125.8732139 125.3525685 123.1949842 123.6002205 125.2503041 128.0758351 131.5432449 130.0074344 135.4869472 141.2088091 148.0507582 155.1330682 161.6961801 167.7008005 171.4714549 176.2727804 184.1661191 192.0594578 199.9527965 207.8461352 213.5397779 218.9890099 224.4382419 229.8874739 235.8729062 242.2970477 248.3625994 254.1890912 260.015583 265.8420748 271.3337062 275.8207565 280.4482714 285.4035373 290.4045619 295.4905667 300.5765716 305.6625765 310.7485813 
15.63317575 21.4597251 26.67586177 31.33972029 36.00357881 40.66743733 45.33129585 47.86381487 49.48290268 51.10199048 52.72107829 54.34016609 61.69310354 66.78130979 67.24373718 75.2374901 83.84189104 92.44629198 101.0506929 108.9825663 110.8616917 112.7408171 114.6199424 116.4990678 119.5188891 125.5459996 125.0253542 122.8677698 122.2991343 123.9492179 127.2438142 130.711224 129.1985933 134.6781062 140.1722665 147.0142156 153.8992304 160.4623422 166.4669626 170.2376171 176.9972176 184.8905563 192.783895 200.6772337 208.5705724 214.264215 219.7134471 225.1626791 230.6119111 236.1342613 242.5584029 248.6239546 254.4504464 260.2769382 266.10343 271.9299218 276.7183463 281.3458613 286.3011272 291.3642527 296.4502576 301.5362625 306.6222673 311.7082722 
17.0737563 22.90030565 27.56416417 32.2280227 36.89188122 41.55573974 46.21959826 48.75211728 50.37120508 51.99029289 53.60938069 55.2284685 59.46874471 64.55695096 68.27616777 76.88056871 85.48496965 94.08937059 102.6937715 110.6256449 112.5047703 114.3838957 116.263021 118.1421464 120.0212718 125.2187853 124.6981399 122.5405555 120.9980481 122.9443836 126.4117934 129.8792032 128.3897523 133.8692652 139.348778 145.9776731 152.6653925 159.2285044 165.2331248 169.8283161 177.7216548 185.6149935 193.5083321 201.4016708 209.2950095 214.9886522 220.4378842 225.8871162 231.3363483 236.7855803 242.819758 248.8853097 254.7118015 260.5382933 266.3647851 272.1912769 277.6159362 282.2434512 287.2379388 292.3239436 297.4099485 302.4959533 307.5819582 312.6679631 
18.51433685 23.78860806 28.45246658 33.1163251 37.78018362 42.44404214 47.10790066 49.64041968 51.25950749 52.87859529 54.4976831 56.1167709 57.73585871 62.33259213 69.91924638 78.52364732 87.12804826 95.73244919 104.3368501 112.2687235 114.1478489 116.0269743 117.9060996 119.785225 121.6643504 124.8915709 124.3709255 122.2133412 120.0557568 122.1123627 125.5797725 129.0471824 127.5809113 133.0604241 138.539937 144.8684428 151.4315547 157.9946665 163.9992869 170.5527532 178.4460919 186.3394306 194.2327693 202.126108 210.0194467 215.7130894 221.1623214 226.6115534 232.0607854 237.5100174 243.0811131 249.1466649 254.9731566 260.7996484 266.6261402 272.452632 278.2791238 283.141041 288.1976296 293.2836345 298.3696394 303.4556442 308.5416491 313.6276539 
19.9549174 24.67691046 29.34076899 34.00462751 38.66848603 43.33234455 47.99620307 50.52872209 52.14780989 53.7668977 55.3859855 57.00507331 58.62416111 62.95792405 71.56232499 80.16672592 88.77112686 97.3755278 105.9799287 113.9118021 115.7909275 117.6700529 119.5491782 121.4283036 123.307429 125.1865544 124.0437112 121.8861269 119.7285425 121.2803419 124.7477517 128.2151615 126.7720702 132.2515831 137.7310959 143.634605 150.1977168 156.7608287 163.3838517 171.2771904 179.1705291 187.0638678 194.9572065 202.8505452 210.7438839 216.4375266 221.8867586 227.3359906 232.7852226 238.2344546 243.6836866 249.40802 255.2345118 261.0610036 266.8874954 272.7139872 278.540479 284.0713156 289.1573205 294.2433254 299.3293302 304.4153351 309.50134 314.5873448 
20.59981669 25.04859374 29.71245226 34.37631078 39.0401693 43.70402782 48.36788634 50.90040536 52.51949317 54.13858097 55.75766878 57.37675659 58.99584439 61.73811927 70.34252021 78.94692115 87.55132209 96.15572302 104.760124 112.6919973 114.5711227 116.4502481 118.3293735 120.2084988 122.0876242 124.1136735 123.1160486 120.9584642 118.8008799 121.13218 124.5995898 128.0669996 126.9453842 132.4248971 137.9044099 143.9340584 150.4971703 157.0602822 163.5990977 171.3714607 179.2647994 187.1581381 195.0514767 202.9448154 210.8381541 216.5317968 221.9810288 227.4302608 232.8794929 238.3287249 243.7779569 249.4505626 255.2770544 261.1035462 266.930038 272.7565298 278.5830215 284.1923528 289.2783577 294.3643625 299.4503674 304.5363723 309.6223771 314.708382 
21.15110642 25.3594983 30.02335682 34.68721534 39.35107386 44.01493238 48.6787909 51.21130992 52.83039772 54.44948553 56.06857333 57.68766114 59.30674895 61.60047719 68.78590562 77.39030656 85.9947075 94.59910844 103.2035094 111.1353828 113.0145081 114.8936335 116.7727589 118.6518843 120.5310096 123.11537 122.117745 119.9601607 117.8025763 121.0644721 124.5318819 127.9992917 127.1516 132.7137587 138.1932716 144.4138991 150.977011 157.5401229 164.0789384 171.3915936 179.2849323 187.178271 195.0716097 202.9649484 210.8582871 216.5519298 222.0011618 227.4503938 232.8996258 238.3488578 243.7959848 249.4673625 255.2938543 261.1203461 266.9468379 272.7733297 278.5998215 284.0277015 289.3007297 294.3867345 299.4727394 304.5587443 309.6447491 314.730754 
21.70239616 25.67040285 30.33426137 34.99811989 39.66197841 44.32583693 48.98969545 51.52221447 53.14130228 54.76039008 56.37947789 57.99856569 59.99684083 62.29056908 67.22929104 75.83369198 84.43809292 93.04249385 101.6468948 109.5787682 111.4578936 113.3370189 115.2161443 117.0952697 118.9743951 122.1170664 121.1194414 118.9618571 117.369566 120.9967642 124.464174 127.9315838 127.3019084 133.0026204 138.4821333 144.7630699 151.4568517 158.0199635 164.558779 171.4117266 179.3050653 187.198404 195.0917427 202.9850814 210.8784201 216.5720627 222.0212948 227.4705268 232.9197588 238.3689908 243.8127847 249.4841625 255.3106543 261.137146 266.9636378 272.7901296 278.4853615 283.85266 289.3231017 294.4091066 299.4951114 304.5811163 309.6671212 314.753126 
22.25368589 26.15843332 30.64516593 35.30902445 39.97288297 44.63674149 49.30060001 51.83311903 53.45220683 55.07129464 56.69038244 58.30947025 60.68693272 62.98066097 65.67267645 74.27707739 82.88147833 91.48587927 100.0902802 108.0221536 109.901279 111.7804043 113.6595297 115.5386551 117.47655 121.1187628 120.1211378 117.9635535 117.1974602 120.9290562 124.3964661 127.8638759 127.4522167 133.291482 138.7709949 145.0519316 151.9366923 158.4998042 165.0386197 171.4802498 179.3251983 187.2185369 195.1118756 203.0052143 210.898553 216.5921957 222.0414277 227.4906597 232.9398917 238.3891238 243.8295847 249.5009624 255.3274542 261.153946 266.9804378 272.8069296 278.31032 283.6776185 289.3454737 294.4314786 299.5174834 304.6034883 309.6894932 314.775498 
22.80497562 26.70972305 30.95607048 35.619929 40.28378752 44.94764604 49.61150456 52.14402358 53.76311139 55.38219919 57.001287 58.6203748 61.3770246 63.67075285 65.18029125 72.72046281 81.32486375 89.92926468 98.53366562 106.465539 108.3446644 110.2237898 112.1029151 113.9820405 116.4782465 120.1204592 119.1228343 116.9652499 117.0253545 120.778929 124.3287582 127.796168 127.6025251 133.5803437 139.0598566 145.3407932 152.416533 158.9796449 165.5184604 171.9600905 179.3453312 187.2386699 195.1320086 203.0253473 210.918686 216.6123287 222.0615607 227.5107927 232.9600247 238.4076779 243.8463846 249.5177623 255.3442541 261.1707459 266.9972377 272.8237295 278.1352786 283.5025771 289.211993 294.4538506 299.5398555 304.6258603 309.7118652 314.7978701 
23.35626535 27.26101279 31.26697503 35.93083356 40.59469208 45.2585506 49.92240912 52.45492814 54.07401594 55.69310375 57.31219155 59.25059501 62.06711649 64.36084474 65.87038314 71.16384822 79.76824916 88.3726501 96.97705104 104.9089244 106.7880498 108.6671752 110.5463005 112.4254259 115.4799429 119.1221556 118.1245307 115.9669463 116.8532488 120.6068233 124.2610503 127.7284601 127.7528334 133.8692054 139.3487182 145.6296549 152.8963737 159.4594856 165.9983011 172.4399312 179.3654642 187.2588029 195.1521416 203.0454803 210.938819 216.6324616 222.0816937 227.5309257 232.9801577 238.4244779 243.8631845 249.5345623 255.3610541 261.1875459 267.0140377 272.7395603 277.9602371 283.3275356 289.0369515 294.4762226 299.5622275 304.6482323 309.7342372 314.8202421 
23.90755508 27.81230252 31.71704995 36.24173811 40.90559663 45.56945515 50.23331367 52.76583269 54.3849205 56.0040083 57.62309611 59.94068689 62.75720838 65.05093663 66.56047502 69.60723364 78.21163458 86.81603551 95.42043645 103.3523098 105.2314352 107.1105606 108.989686 110.8688113 114.4816393 118.123852 117.1262271 114.9686427 116.681143 120.4347175 124.1933424 127.6607522 127.9031417 134.158067 139.6375799 145.9185165 153.3762144 159.9393263 166.4781418 172.9197719 179.3855972 187.2789358 195.1722745 203.0656132 210.9589519 216.6525946 222.1018266 227.5510586 233.0002906 238.4412778 243.8799845 249.5513622 255.377854 261.2043458 267.0308376 272.5645188 277.7851956 283.1524941 288.86191 294.4985946 299.5845995 304.6706044 309.7566092 314.8426141 
24.45884481 28.36359225 32.26833969 36.55264266 41.21650119 45.88035971 50.54421823 53.07673725 54.69582505 56.31491286 57.93400066 60.63077878 63.44730026 65.74102851 67.25056691 68.76010531 76.65501999 85.25942093 93.86382187 101.7956952 103.6748206 105.553946 107.4330714 109.841123 113.4833357 117.1255484 116.1279235 113.9703391 116.5090373 120.2626118 124.1256344 127.5930443 128.0534501 134.4469287 139.9264415 146.2073782 153.8560551 160.4191669 166.9579825 173.3996126 179.8412427 187.2990688 195.1924075 203.0857462 210.9790849 216.6727276 222.1219596 227.5711916 233.0193711 238.4580778 243.8967844 249.5681622 255.394654 261.2211458 267.0476376 272.3894773 277.6101541 282.9774526 288.6868685 294.3962844 299.6069715 304.6929764 309.7789812 314.8649861 
25.01013454 28.91488198 32.81962942 36.86354722 41.52740574 46.19126426 50.85512278 53.3876418 55.00672961 56.62581741 58.50434918 61.32087067 64.13739215 66.4311204 67.9406588 69.45019719 75.09840541 83.70280634 92.30720728 100.2390807 102.118206 103.9973314 105.8764568 108.8428194 112.4850321 116.1272448 115.1296199 113.2764242 116.3369315 120.0905061 124.0579265 127.5253364 128.2037584 134.6555752 140.2153032 146.4962399 154.2655351 160.8990076 167.4378231 173.8794533 180.3210834 187.3192018 195.2125405 203.1058792 210.9992179 216.6928605 222.1420926 227.5913246 233.036171 238.4748777 243.9135844 249.5849621 255.4114539 261.2379457 266.9937591 272.2144359 277.4351126 282.8024111 288.5118271 294.221243 299.6293435 304.7153484 309.8013533 314.8873581 
25.56142427 29.46617171 33.37091915 37.27566659 41.8383103 46.50216882 51.16602734 53.69854636 55.31763416 56.93672197 59.19444107 62.01096255 64.82748404 67.12121229 68.63075068 70.14028908 73.54179082 82.14619176 90.7505927 98.68246608 100.5615915 102.4407168 104.3198422 107.8445158 111.4867285 115.1289413 114.1313163 113.1043185 116.1648258 119.9184003 123.9902186 127.4576285 128.3540668 134.8058836 140.5041648 146.7851015 154.5543967 161.3788483 167.9176638 174.3592939 180.8009241 187.3393347 195.2326734 203.1260121 211.0193508 216.7129935 222.1622255 227.6114575 233.052971 238.4916776 243.9303843 249.6017621 255.4282538 261.2547456 266.8187176 272.0393944 277.2600712 282.6273697 288.3367856 294.0462015 299.6517156 304.7377204 309.8237253 314.9097301 
26.112714 30.01746144 33.92220888 37.82695632 42.14921485 46.81307337 51.47693189 54.00945091 55.62853872 57.24762652 59.88453295 62.70105444 65.51757592 67.81130417 69.32084257 70.83038097 72.33991936 80.58957717 89.19397811 97.12585149 99.00497687 100.8841022 103.2039995 106.8462122 110.4884249 114.1306377 113.1330127 112.9322127 115.9927201 119.7462946 123.8730591 127.3899205 128.5043751 134.9561919 140.7930265 147.0739632 154.8432584 161.858689 168.3975045 174.8391346 181.2807647 187.7223949 195.2528064 203.1461451 211.0394838 216.7331265 222.1823585 227.6310642 233.0697709 238.5084776 243.9471843 249.618562 255.4450538 261.2715456 266.6436761 271.8643529 277.0850297 282.4523282 288.1617441 293.87116 299.5805759 304.7600924 309.8460973 314.9321022 
26.66400373 30.56875117 34.47349861 38.37824605 42.4601194 47.12397793 51.78783645 54.32035547 55.93944327 57.75810336 60.57462484 63.39114633 66.20766781 68.50139606 70.01093446 71.52047285 73.03001125 79.03296259 87.63736353 95.56923691 97.44836228 99.32748766 102.2056959 105.8479086 109.4901214 113.1323341 112.1347091 112.760107 115.8206143 119.5741888 123.7009534 127.3222126 128.6546835 135.1065003 141.0818881 147.3628248 155.13212 162.3385297 168.8773452 175.3189753 181.7606054 188.2022355 195.2729394 203.1662781 211.0596168 216.7532594 222.2024914 227.6478642 233.0865708 238.5252775 243.9639842 249.6353619 255.4618537 261.2479579 266.4686346 271.6893114 276.9099882 282.2772867 287.9867026 293.6961185 299.4055344 304.7824645 309.8684693 314.9544742 
27.21529346 31.1200409 35.02478834 38.92953578 42.83428322 47.43488248 52.098741 54.63126002 56.25034783 58.44819524 61.26471673 64.08123821 66.8977597 69.19148795 70.70102634 72.21056474 73.72010314 77.476348 86.08074894 94.01262232 95.8917477 97.77087308 101.2073923 104.849605 108.4918178 112.1340305 111.1364056 112.5880013 115.6485086 119.4020831 123.5288476 127.2545047 128.8049918 135.2568086 141.3707498 147.6516865 155.4209817 162.8183704 169.3571859 175.798816 182.2404461 188.6820762 195.2930723 203.186411 211.0797497 216.7733924 222.2226244 227.6646641 233.1033708 238.5420775 243.9807841 249.6521619 255.4786537 261.0729164 266.2935932 271.5142699 276.7349467 282.1022452 287.8116611 293.5210771 299.230493 304.8048365 309.8908413 314.9768462 
27.7665832 31.67133063 35.57607807 39.48082551 43.38557295 47.74578703 52.40964556 54.94216458 56.56125238 59.13828713 61.95480861 64.7713301 67.58785158 69.88157983 71.39111823 72.90065663 74.41019502 75.91973342 84.52413436 92.45600774 94.33513311 96.56687596 100.2090887 103.8513014 107.4935142 111.1357269 110.138102 112.4158955 115.4764029 119.2299774 123.3567419 127.1867968 128.9553001 135.4071169 141.6596114 147.9405481 155.7098433 163.298211 169.8370266 176.2786567 182.7202868 189.1619169 195.603547 203.206544 211.0998827 216.7935254 222.2427574 227.6814641 233.1201707 238.5588774 243.9975841 249.6689618 255.4954536 260.8978749 266.1185517 271.3392285 276.5599052 281.9272038 287.6366197 293.3460356 299.0554515 304.7648674 309.9132134 314.9992182 
28.31787293 32.22262036 36.1273678 40.03211524 43.93686268 48.05669159 52.72055011 55.25306913 57.01185753 59.82837902 62.6449005 65.46142198 68.27794347 70.57167172 72.08121011 73.59074851 75.10028691 76.6098253 82.96751977 90.89939315 92.77851853 95.56857238 99.21078511 102.8529979 106.4952106 110.1374233 109.1832825 112.2437898 115.3042971 119.0578716 123.1846362 127.1190889 129.1056085 135.5574253 141.9484731 148.2294098 155.998705 163.7680002 170.3168672 176.7584973 183.2001275 189.6417576 196.0833877 203.226677 211.1200156 216.8136583 222.2595573 227.698264 233.1369707 238.5756773 244.014384 249.6857618 255.5021566 260.7228334 265.9435102 271.164187 276.3848638 281.7521623 287.4615782 293.1709941 298.88041 304.5898259 309.9355854 315.0215902 
28.86916266 32.77391009 36.67865753 40.58340497 44.48815241 48.39289985 53.03145466 55.56397368 57.70194942 60.5184709 63.33499239 66.15151387 68.96803536 71.2617636 72.771302 74.2808404 75.79037879 77.29991719 81.41090519 89.34277857 91.22190394 94.57026879 98.21248153 101.8546943 105.496907 109.1391197 109.0111767 112.0716841 115.1321914 118.8857659 123.0125304 127.051381 129.2559168 135.7077336 142.1595504 148.5182714 156.2875666 164.0568618 170.7967079 177.238338 183.6799681 190.1215983 196.5632284 203.2468099 211.1401486 216.8337913 222.2763573 227.7150639 233.1537706 238.5924773 244.031184 249.7025617 255.3271152 260.5477919 265.7684687 270.9891455 276.2098223 281.5771208 287.2865367 292.9959526 298.7053685 304.4147844 309.9579574 315.0439623 
29.42045239 33.32519983 37.22994726 41.1346947 45.03944214 48.94418958 53.34235922 55.87487824 58.3920413 61.20856279 64.02508427 66.84160576 69.65812724 71.95185549 73.46139389 74.97093228 76.48047068 77.99000908 79.8542906 87.78616398 89.92975246 93.5719652 97.21417794 100.8563907 104.4986034 108.1408162 108.839071 111.8995783 114.9600856 118.7136602 122.8404247 126.9671892 129.4062252 135.858042 142.3098588 148.8071331 156.5764283 164.3457235 171.2765486 177.7181787 184.1598088 190.6014389 197.0430691 203.4846992 211.1602816 216.8539243 222.2931572 227.7318639 233.1705706 238.6092772 244.0479839 249.7193616 255.1520737 260.3727505 265.5934272 270.814104 276.0347808 281.4020793 287.1114952 292.8209111 298.530327 304.239743 309.9491589 315.0663343 
29.97174212 33.87648956 37.78123699 41.68598443 45.59073187 49.49547931 53.65326377 56.26561171 59.08213319 61.89865468 64.71517616 67.53169764 70.34821913 72.64194738 74.15148577 75.66102417 77.17056257 78.68010096 80.18963936 86.2295494 88.93144888 92.57366161 96.21587435 99.85808709 103.5002998 107.1425126 108.6669653 111.7274726 114.7879799 118.5415544 122.6683189 126.7950835 129.5565335 136.0083503 142.4601671 149.0959947 156.8652899 164.6345851 171.7563893 178.1980194 184.6396495 191.0812796 197.5229097 203.9645399 211.1804145 216.8712505 222.3099571 227.7486638 233.1873705 238.6260772 244.0647838 249.7361616 254.9770322 260.197709 265.4183858 270.6390625 275.8597393 281.2270378 286.9364537 292.6458697 298.3552856 304.0647015 309.7741174 315.0887063 
30.52303185 34.42777929 38.33252673 42.23727416 46.1420216 50.04676904 53.96416833 56.95570359 59.77222508 62.58874656 65.40526805 68.22178953 71.03831101 73.33203926 74.84157766 76.35111606 77.86065445 79.37019285 80.87973125 84.67293481 87.93314529 91.57535803 95.21757076 98.8597835 102.5019962 106.144209 108.4948595 111.5553668 114.6158742 118.3694487 122.4962132 126.6229777 129.7068418 136.1586586 142.6104754 149.3848564 157.1541516 164.9234468 172.23623 178.6778601 185.1194902 191.5611203 198.0027504 204.4443805 211.2005475 216.8880504 222.3267571 227.7654638 233.2041704 238.6428771 244.0815838 249.5813139 254.8019907 260.0226675 265.2433443 270.4640211 275.6846978 281.0519964 286.7614123 292.4708282 298.1802441 303.88966 309.5990759 315.1110783 
31.07432158 34.97906902 38.88381646 42.78856389 46.69331133 50.59805877 54.50280621 57.64579548 60.46231696 63.27883845 66.09535993 68.91188142 71.7284029 74.02213115 75.53166955 77.04120794 78.55074634 80.06028474 81.56982313 83.29262896 86.9348417 90.57705444 94.21926718 97.86147991 101.5036927 105.1459054 108.3227538 111.3832611 114.4437684 118.1973429 122.3241075 126.450872 129.8571502 136.308967 142.7607838 149.673718 157.4430132 165.2123085 172.7160706 179.1577008 185.5993309 192.040961 198.4825911 204.9242212 211.3658513 216.9048504 222.343557 227.7822637 233.2209704 238.6596771 244.0983837 249.4062725 254.6269492 259.847626 265.0683028 270.2889796 275.5096564 280.8769549 286.5863708 292.2957867 298.0052026 303.7146185 309.4240344 315.1334503 
