0.0002413623292 0.0002731678812 0.0003049734332 0.0003367789851 0.0003685845371 0.0004003900891 0.0004321956411 0.0004737640326 0.0005195164983 0.000565268964 0.0006110214297 0.0006567738953 0.000702526361 0.000751510465 0.0008053420264 0.0008591735878 0.0009130051492 0.0009668367106 0.001020668272 0.00107264953 0.001107978058 0.001143306585 0.001178635113 0.00121396364 0.001249292168 0.001284620695 0.001309371091 0.001331476954 0.001353582817 0.001370395804 0.00138435878 0.001398321757 0.001234242016 0.001276471724 0.001318701432 0.001330833177 0.001287068704 0.001243304231 0.001203701079 0.00118074321 0.001157785341 0.001134827472 0.001111869603 0.001088911734 0.001065953865 0.001017237995 0.0009656601242 0.0009140822536 0.0008625043831 0.0008109265125 0.000759348642 0.0007145380546 0.0006742389894 0.0006339399241 0.0005936408588 0.0005533417936 0.0005130427283 0.0004738721443 0.0004373346834 0.0004007972225 0.0003642597616 0.0003277223006 0.0002911848397 0.0002546473788 
0.04070235516 0.04327888004 0.04548070796 0.04618374806 0.04688678816 0.04758982826 0.04829286836 0.04896417702 0.0496218865 0.05027959597 0.05093730545 0.0518769846 0.05394454248 0.05557877795 0.05656302981 0.05728940766 0.05784386949 0.05839833133 0.05895279316 0.05949671452 0.05994577159 0.06034379377 0.06062273453 0.06090167529 0.06118061605 0.06145955681 0.06172159559 0.06197940887 0.0609799368 0.0603045465 0.06035757071 0.06198600938 0.06187920606 0.06078457098 0.0606244182 0.06056302855 0.06068505615 0.06072119655 0.06007920314 0.0598166136 0.05955402405 0.05929143451 0.05902884496 0.05872615534 0.05840627997 0.0574699702 0.05651620124 0.05602173394 0.05552726664 0.05503279934 0.05453833204 0.05389321707 0.05314767033 0.05240212358 0.05165657684 0.05079946627 0.04893828121 0.0474806957 0.04696484243 0.04644898916 0.04593313589 0.04541728263 0.04362103201 0.04150468206 
0.1328063783 0.1356294932 0.1382060181 0.140782543 0.1433590679 0.1459355927 0.1485121176 0.1508649495 0.1529703885 0.1550379463 0.1571055042 0.1591730621 0.16124062 0.1628748554 0.1638591073 0.1648433592 0.165827611 0.1668118629 0.1677961148 0.1687168775 0.1691659346 0.1696149916 0.1700640487 0.1705131058 0.1709621629 0.1712803668 0.1696897264 0.1676615663 0.1656334062 0.1681673169 0.1721588773 0.1761504377 0.1751936054 0.173538281 0.1718829565 0.1705569039 0.1698355715 0.1690987271 0.168437606 0.1680908839 0.1677710085 0.1674511331 0.1671312578 0.1668113824 0.166491507 0.1655551973 0.1645503948 0.1635455923 0.1625407898 0.1615359873 0.1603931798 0.1584909045 0.1564930999 0.1546319148 0.1527707298 0.1509095447 0.1490483597 0.1470366392 0.1447723175 0.1426559675 0.1405396176 0.1384232676 0.1363069177 0.1341905677 
0.2701808683 0.2733121641 0.27644346 0.2795747559 0.2827060517 0.2856969566 0.2885474704 0.2909824989 0.2932394624 0.2955593964 0.2978863272 0.300213258 0.3025401887 0.3044817007 0.3058450845 0.3072084683 0.3085718521 0.3099352359 0.3109474313 0.3118495008 0.3121116248 0.3124879874 0.3131309065 0.3137738256 0.3144167447 0.3150596638 0.3117098389 0.3073618279 0.3042646339 0.307071128 0.3135787025 0.3204440207 0.3226255613 0.320812072 0.3189262841 0.3174969185 0.3165703467 0.3152222946 0.3140722074 0.3137139794 0.3132260719 0.3125436449 0.311861218 0.311178791 0.3104963641 0.30927539 0.3080114603 0.3068994757 0.3057874911 0.3046755066 0.303563522 0.3018548345 0.299748345 0.2976418555 0.2955353659 0.293407867 0.2910912833 0.2887607838 0.2863978142 0.2838468419 0.281107867 0.2783688921 0.2756299172 0.2728909423 
0.3983485754 0.4014798713 0.4046111671 0.4075742664 0.4104813 0.4133883337 0.4162953673 0.4185758283 0.420587758 0.4225996877 0.4246116175 0.4268282979 0.4291552286 0.4310967406 0.4324601244 0.4337059709 0.4342857722 0.4348655735 0.4354453748 0.4360559412 0.4369433943 0.4378308474 0.4387183005 0.4395935269 0.440236446 0.4408793651 0.4375295402 0.4335887204 0.4298439556 0.4350747417 0.4451385168 0.4532032564 0.4561959042 0.4542072662 0.4522559114 0.4505745233 0.4492727349 0.4479559109 0.4467610379 0.4461788817 0.4455967254 0.4450145691 0.4444173722 0.4437349453 0.4430525183 0.4420700434 0.4410542299 0.4400384163 0.4390226028 0.4379250438 0.4368130593 0.4351043717 0.4329978822 0.4311493628 0.4297799306 0.4284104984 0.4270410662 0.4253949296 0.4231031492 0.4208113688 0.4185195885 0.4161160094 0.4133770345 0.4106380596 
0.5131210976 0.5160281312 0.5189351649 0.5218421986 0.5247209817 0.5275573891 0.5303937964 0.5325066226 0.5343093426 0.5361120626 0.5381239923 0.5401359221 0.5421478518 0.5436388616 0.5443484913 0.5450581211 0.545676871 0.5462566723 0.5468364736 0.54744704 0.5483344931 0.5492219462 0.5501093993 0.5508433024 0.5514236554 0.5520040083 0.5496694914 0.5462995683 0.5425548035 0.5477855896 0.5578493647 0.5676628457 0.5726096815 0.5706210435 0.5685031276 0.5669423831 0.5666012314 0.565299443 0.564141581 0.5635594247 0.5629772685 0.5623951122 0.561962035 0.5616283439 0.5612946529 0.5610946589 0.5609095202 0.5605582465 0.559542433 0.5585266194 0.5575108059 0.5562828212 0.554913389 0.5535439568 0.5521745246 0.5511209833 0.5500674419 0.5487672344 0.5468914724 0.5450157104 0.5428903373 0.540598557 0.5383067766 0.5360149962 
0.6106979783 0.6135343857 0.616370793 0.6192072004 0.6220436078 0.6248800152 0.6273324694 0.6280484162 0.6298511361 0.6316538561 0.6334565761 0.6352592961 0.637062016 0.6387039221 0.6396035921 0.6403132219 0.6410228517 0.6417324815 0.6424421113 0.6432812402 0.6446805473 0.6452609003 0.6458412533 0.6464216063 0.6470019593 0.6475823123 0.6452477953 0.6421845609 0.6391213264 0.6443169853 0.6540862967 0.663855608 0.6692524706 0.6670350223 0.664817574 0.6638636113 0.6635224595 0.6631813078 0.6631586898 0.6639687525 0.6636350614 0.6633013703 0.6629676792 0.6626339881 0.662300297 0.6621003031 0.6619151644 0.6617300257 0.661544887 0.6613597483 0.6613627553 0.6614417778 0.6604521784 0.6593986371 0.6583450958 0.6572915544 0.6562380131 0.6549378055 0.6530620435 0.6511862815 0.6493105195 0.6474347575 0.6455589955 0.6440913916 
0.6859640983 0.6888005057 0.6916369131 0.6944733205 0.696439434 0.6982519663 0.7000644986 0.7007400855 0.7009284101 0.7011167347 0.7021929768 0.7039956967 0.7057984167 0.7074403228 0.708841008 0.7102416932 0.7114696146 0.7121792444 0.7128888742 0.7137280031 0.7157326242 0.7177372453 0.7197418664 0.7203934328 0.7209737858 0.7215541388 0.7192196218 0.716669981 0.7158893852 0.7203240844 0.7277564978 0.7375258091 0.7431832837 0.7409658354 0.7402815724 0.740019291 0.7396781393 0.7389591574 0.7387110601 0.7407852717 0.7428594832 0.7448132997 0.7444796086 0.7441459175 0.7438122264 0.7436122325 0.7434270938 0.7432419551 0.7435699412 0.7440689688 0.7445679964 0.7446470189 0.7444460379 0.7442450568 0.7436604236 0.7426068823 0.741553341 0.7402531334 0.7383773714 0.7365016094 0.7347165492 0.733445466 0.7321743827 0.7309032995 
0.7612302184 0.7637338664 0.7655463987 0.767358931 0.7691714633 0.7709839956 0.7727965279 0.7734721148 0.7736604394 0.7738487639 0.7740370885 0.7742254131 0.7745348174 0.7761767234 0.7775774087 0.7789780939 0.7803787791 0.7817794643 0.7831801496 0.784174766 0.7861793871 0.7881840082 0.7901886293 0.7921932504 0.7941978715 0.7955259653 0.7942471686 0.7934665728 0.7926859769 0.7971206762 0.8043636113 0.8116065464 0.8171140968 0.8166570648 0.8164372521 0.8161688767 0.8153402022 0.8145115277 0.8142634304 0.8163376419 0.8184118535 0.8204860651 0.8225602767 0.8246344883 0.8253241559 0.8252780993 0.825777127 0.8262761546 0.8267751823 0.8272742099 0.8277732376 0.82785226 0.827651279 0.827450298 0.8272493169 0.8270483359 0.8268473548 0.8255684613 0.8240706235 0.8227995403 0.821528457 0.8202573738 0.8189862905 0.8177152073 
0.8160500034 0.8166894316 0.8182673431 0.8200798754 0.8218924077 0.82370494 0.8255174723 0.8263608105 0.8266689576 0.8268572821 0.8270456067 0.8272339313 0.8274222559 0.8280955248 0.82949621 0.8308968952 0.8322975804 0.8336982657 0.8350932359 0.8365371697 0.8385417908 0.8405464119 0.8425510331 0.8445556542 0.8465602753 0.8491907917 0.8488301357 0.8480495398 0.8472689439 0.8517036432 0.8589465783 0.8658484084 0.8689794418 0.8693756957 0.869155883 0.8692946671 0.8688743485 0.868045674 0.8677975767 0.8698717883 0.8719459999 0.8740202115 0.8760944231 0.878927759 0.8885932138 0.885247126 0.8841589009 0.8846579285 0.8851569562 0.8856559838 0.8861550115 0.8862340339 0.8860330529 0.8858320719 0.8856310908 0.8854301098 0.8831319 0.8800646091 0.8799660485 0.8786949652 0.877423882 0.8761527987 0.8748817155 0.8736106322 
0.8632024128 0.863841841 0.8644812691 0.8652966629 0.8671091952 0.8689217275 0.8707342598 0.8715775981 0.8720055675 0.872433537 0.8726578083 0.8728461329 0.8730344575 0.8737077263 0.8751084115 0.8765090968 0.877909782 0.8792923697 0.880674005 0.8821179388 0.8841225599 0.886127181 0.8881318022 0.8905432552 0.8931737717 0.8958042881 0.8953562045 0.8943023976 0.8935218017 0.897956501 0.9051994361 0.9092871493 0.9116206458 0.9131362318 0.9130856204 0.9132244045 0.9140291541 0.9133229864 0.913074889 0.9151491006 0.9172233122 0.9192975238 0.9270651678 0.9367306226 0.9463960774 0.9430499896 0.9382581749 0.9337309022 0.9342299299 0.9347289575 0.9352279852 0.9353070076 0.9351060266 0.9349050455 0.9340748959 0.9296794575 0.925284019 0.922216728 0.9222484478 0.9222801675 0.9217256259 0.9204545426 0.9191834594 0.9179123761 
0.9103548222 0.9109942504 0.9116336785 0.9122731067 0.9129125348 0.9141385151 0.9159510474 0.9167943857 0.9172223551 0.9176503245 0.918078294 0.9184583344 0.918646659 0.9193199279 0.9207206131 0.9221098683 0.9234915036 0.9248731388 0.9262547741 0.9276987079 0.929703329 0.9318957188 0.9345262352 0.9371567517 0.9397872681 0.9424177846 0.941969701 0.9407519673 0.9397746595 0.9442093588 0.9488940059 0.9527258903 0.9542618497 0.9557774357 0.9570153579 0.957154142 0.9579588916 0.9586002987 0.9583522014 0.960426413 0.9655371219 0.9752025767 0.9848680315 0.9945334863 1.004198941 1.000852853 0.9960610385 0.9912692238 0.986477409 0.9838019312 0.9843009589 0.9843799813 0.9841790003 0.9806224533 0.9762270149 0.9718315764 0.967436138 0.964368847 0.9644005667 0.9644322865 0.9644640062 0.9644957259 0.9634852033 0.96221412 
0.9575072316 0.9581466597 0.9587860879 0.9594255161 0.9600649442 0.9607043724 0.9613438005 0.9620111732 0.9624391426 0.9628671121 0.9632950815 0.963723051 0.9641510204 0.9649273669 0.9663090022 0.9676906374 0.9690722727 0.9704539079 0.9718355432 0.973279477 0.9758786987 0.9785092152 0.9811397316 0.9837702481 0.9864007645 0.989031281 0.9885831974 0.9873654638 0.9861477301 0.9885008624 0.9923327468 0.9961646313 0.9969030537 0.9984186397 0.9999342257 1.001083879 1.001888629 1.002693379 1.004009076 1.013674531 1.023339986 1.03300544 1.042670895 1.05233635 1.062001805 1.058655717 1.053863902 1.049072087 1.044280273 1.039488458 1.034696643 1.031565449 1.027170011 1.022774572 1.018379134 1.013983695 1.009588257 1.006520966 1.006552686 1.006584405 1.006616125 1.006647845 1.006679565 1.006515864 
0.979816589 0.9804560172 0.9810954453 0.9817348735 0.9823743017 0.9830137298 0.9823755304 0.9822281237 0.9826560931 0.9830840625 0.983512032 0.9839400014 0.9841111168 0.9847264234 0.9865075323 0.9878891675 0.9892708028 0.990652438 0.9920340733 0.9937569244 0.9981180628 1.000748579 1.003379096 1.006009612 1.008640129 1.011270645 1.010822561 1.009604828 1.008761924 1.013014953 1.016846838 1.020678722 1.02197916 1.023494746 1.025010332 1.02604367 1.026848419 1.027653169 1.028828871 1.03297468 1.042640134 1.052305589 1.061971044 1.071636499 1.081301954 1.077955866 1.073164051 1.068372236 1.063580421 1.058788607 1.056099666 1.053227975 1.048832537 1.044437099 1.04004166 1.035646222 1.032237528 1.032623845 1.032655565 1.032687285 1.032719005 1.032750724 1.032782444 1.032834556 
0.9996416413 1.000281069 1.000920498 1.001559926 1.002199354 1.001582448 1.000092497 0.9999450904 1.00037306 1.000801029 1.001228999 1.001408676 1.000980465 1.001595772 1.003776354 1.005549474 1.006931109 1.008312744 1.00969438 1.011417231 1.016211025 1.02055053 1.023181047 1.025811563 1.02844208 1.031072596 1.030624512 1.029406779 1.03041928 1.035061914 1.039468464 1.043300348 1.045298756 1.046814342 1.048214353 1.049106465 1.049911215 1.050772628 1.052085106 1.053865351 1.058090012 1.067755466 1.077420921 1.087086376 1.096751831 1.093405743 1.088613928 1.083822114 1.079030299 1.0762993 1.075713233 1.072841542 1.068446104 1.064050666 1.059655227 1.056197197 1.056735484 1.057121801 1.05715352 1.05718524 1.05721696 1.05724868 1.057300565 1.057354944 
1.019466693 1.020106122 1.02074555 1.021384978 1.020789366 1.019299415 1.017809464 1.017662057 1.018090027 1.018517996 1.018706235 1.018278024 1.017849814 1.01846512 1.020645703 1.022826285 1.024591415 1.02597305 1.027354686 1.029077537 1.033871331 1.038665125 1.042982997 1.045613514 1.04824403 1.050874547 1.050426463 1.049546076 1.052076637 1.05671927 1.06209009 1.065921974 1.068618353 1.070133939 1.071277149 1.072169261 1.07297401 1.074028863 1.07534134 1.077121586 1.078901831 1.083205344 1.092870799 1.102536253 1.112201708 1.10885562 1.104063806 1.099271991 1.096498935 1.095912867 1.0953268 1.092455109 1.088059671 1.083664233 1.080156865 1.080695152 1.081233439 1.081619756 1.081651476 1.081683196 1.081714915 1.081766575 1.081820953 1.081875331 
1.039291746 1.039931174 1.040570602 1.039996284 1.038506333 1.037016382 1.035526431 1.035379024 1.035806993 1.036003794 1.035575583 1.035147373 1.034719162 1.035334469 1.037515051 1.039695634 1.041876216 1.043633357 1.045014992 1.046737843 1.051531637 1.056325431 1.061119225 1.065415465 1.068045981 1.070676498 1.070228414 1.071203433 1.073733993 1.078376627 1.084156531 1.088543601 1.091937949 1.093400791 1.094339944 1.095232056 1.096089562 1.097285097 1.098597575 1.10037782 1.102158066 1.103938311 1.108320676 1.117986131 1.127651586 1.124305498 1.119513683 1.116698569 1.116112502 1.115526434 1.114940367 1.112068676 1.107673238 1.104116533 1.10465482 1.105193107 1.105731395 1.106117712 1.106149431 1.106181151 1.106232584 1.106286962 1.10634134 1.106395719 
1.059116798 1.059756226 1.059203202 1.057713251 1.0562233 1.054733349 1.053243397 1.053095991 1.053301353 1.052873143 1.052444932 1.052016721 1.051588511 1.052203817 1.0543844 1.056564982 1.058745565 1.060926147 1.062675298 1.064398149 1.069191943 1.073985737 1.078779531 1.083573325 1.087847932 1.090478449 1.090330229 1.092860789 1.09539135 1.100033984 1.105813887 1.111165227 1.115257545 1.116463587 1.11740274 1.118294852 1.119345796 1.120541332 1.121853809 1.123634055 1.1254143 1.127194546 1.128974791 1.133436008 1.143101463 1.139755375 1.136898204 1.136312136 1.135726069 1.135140001 1.134553934 1.131682243 1.128076201 1.128614488 1.129152776 1.129691063 1.13022935 1.130615667 1.130647387 1.130698593 1.130752971 1.130807349 1.130861728 1.130916106 
1.07894185 1.07841012 1.076920169 1.075430218 1.073940266 1.072450315 1.070960364 1.070598912 1.070170702 1.069742491 1.06931428 1.06888607 1.068457859 1.069073166 1.071253748 1.073434331 1.075614913 1.077795496 1.079976078 1.082058455 1.086852249 1.091646043 1.096439837 1.101233631 1.106027425 1.110280399 1.111987585 1.114518146 1.117048707 1.12169134 1.127471244 1.133251147 1.138577142 1.139526382 1.140465535 1.141406496 1.142602031 1.143797566 1.145110044 1.146890289 1.148670535 1.15045078 1.152231026 1.154011271 1.15855134 1.157097839 1.156511771 1.155925703 1.155339636 1.154753568 1.154167501 1.152035869 1.152574157 1.153112444 1.153650731 1.154189018 1.154727305 1.155113622 1.155164602 1.15521898 1.155273358 1.155327737 1.155382115 1.155436493 
1.083190051 1.076620562 1.07513061 1.073640659 1.072150708 1.070660757 1.069170806 1.058543603 1.058115392 1.057687181 1.05725897 1.05683076 1.056402549 1.057017856 1.059198438 1.061379021 1.063559603 1.065740186 1.067920768 1.059387922 1.064181716 1.06897551 1.073769304 1.078563098 1.083356891 1.079410218 1.098160939 1.1006915 1.10322206 1.114757223 1.120537126 1.12631703 1.145967368 1.14758376 1.148522913 1.153518555 1.154714091 1.155909626 1.157222103 1.159002349 1.160782595 1.16256284 1.164343086 1.166123331 1.169862672 1.171515017 1.170928949 1.170342882 1.169756814 1.169170746 1.168584679 1.168673224 1.169211511 1.169749798 1.170288086 1.170826373 1.17136466 1.171785062 1.17183944 1.171893818 1.171948197 1.172002575 1.172056953 1.172474968 
1.074457543 1.063561039 1.057085615 1.055595664 1.054105712 1.052615761 1.05112581 1.03757106 1.0219562 1.021527989 1.021099779 1.020671568 1.020243357 1.020858664 1.023039246 1.025219829 1.027400411 1.029580994 1.018957702 1.003108355 1.007902149 1.012695943 1.017489737 1.022283531 1.01859393 0.9976804664 1.05476429 1.057294851 1.059825412 1.08106117 1.08977678 1.095556684 1.136318338 1.143136622 1.144075775 1.150246753 1.157539338 1.158734873 1.160047351 1.161827596 1.163607842 1.165388087 1.167168333 1.170863149 1.177095885 1.179785917 1.181015803 1.180429736 1.179843668 1.179257601 1.178671533 1.178760078 1.179298365 1.179836653 1.18037494 1.180913227 1.181493455 1.181921942 1.18197632 1.182030699 1.182085077 1.182139455 1.182550736 1.183278514 
1.065725035 1.054828531 1.043932026 1.037550668 1.036060717 1.034570766 1.033080814 1.019526064 1.000800686 0.9853687977 0.984940587 0.9845123763 0.9840841656 0.9846994722 0.9868800547 0.9890606372 0.9912412197 0.9808211635 0.962678135 0.9468287888 0.9516225827 0.9564163766 0.9612101705 0.957777642 0.9368641785 0.9159507149 0.9757449605 1.013898203 1.016428763 1.037664521 1.059016434 1.064796338 1.126669308 1.138689485 1.139628638 1.145799615 1.160364585 1.161560121 1.162872598 1.164652844 1.166433089 1.168213335 1.171863626 1.178096362 1.184329098 1.18701913 1.189315529 1.19051659 1.189930522 1.189344455 1.188758387 1.188846932 1.18938522 1.189923507 1.190461794 1.191041517 1.191630336 1.192058823 1.192113201 1.192167579 1.192221958 1.192626504 1.193354283 1.194082061 
1.056992526 1.046096022 1.035199518 1.024303014 1.018015721 1.01652577 1.015035819 1.001481069 0.9827556901 0.9640303118 0.9487813953 0.9483531846 0.9479249739 0.9485402805 0.950720863 0.9529014455 0.9426846253 0.9245415969 0.9063985684 0.8905492222 0.8953430161 0.90013681 0.8969613541 0.8760478906 0.855134427 0.8342209635 0.8940152091 0.9705015543 0.973032115 0.9942678731 1.02557566 1.034035992 1.117020278 1.129635958 1.1351815 1.141352477 1.157239699 1.164385368 1.165697845 1.167478091 1.169258336 1.172864103 1.179096839 1.185329575 1.191562311 1.194252343 1.196548741 1.19884514 1.200017377 1.199431309 1.198845241 1.198933787 1.199472074 1.200010361 1.200589579 1.201178398 1.201767216 1.202195703 1.202250081 1.20230446 1.202702272 1.203430051 1.204157829 1.204885608 
1.048260018 1.037363514 1.02646701 1.015570506 1.004674002 0.9984807741 0.996990823 0.9834360728 0.9647106944 0.945985316 0.9272599377 0.9121939928 0.9117657821 0.9123810887 0.9145616712 0.9045480872 0.8864050587 0.8682620303 0.8501190019 0.8342696557 0.8390634496 0.8361450662 0.8152316027 0.7943181392 0.7734046756 0.7524912121 0.8122854576 0.8922566304 0.9296354666 0.9508712246 0.9821790119 1.003275646 1.107371249 1.119986928 1.130734363 1.13690534 1.152792562 1.167210615 1.168523093 1.170303338 1.17386458 1.180097316 1.186330052 1.192562787 1.198795523 1.201485555 1.203781954 1.206078353 1.208374751 1.209518163 1.208932096 1.209020641 1.209558928 1.210137641 1.210726459 1.211315278 1.211904097 1.212332584 1.212386962 1.21277804 1.213505819 1.214233598 1.214961376 1.215689155 
1.03952751 1.028631006 1.017734502 1.006837997 0.9959414934 0.9850449893 0.9789458272 0.965391077 0.9466656987 0.9279403203 0.9092149419 0.8904895635 0.8756065904 0.876221897 0.866411549 0.8482685206 0.8301254922 0.8119824637 0.7938394353 0.7779900891 0.7753287783 0.7544153148 0.7335018513 0.7125883877 0.6916749242 0.6707614606 0.7305557062 0.810526879 0.8862388181 0.9074745762 0.9387823635 0.9700901508 1.097722219 1.110337898 1.122953577 1.132458202 1.148345424 1.164232646 1.17134834 1.174865057 1.181097793 1.187330528 1.193563264 1.199796 1.206028736 1.208718768 1.211015167 1.213311565 1.215607964 1.217904362 1.21901895 1.219107495 1.219685702 1.220274521 1.22086334 1.221452159 1.222040977 1.222469464 1.222853809 1.223581587 1.224309366 1.225037144 1.225764923 1.226492702 
1.034404478 1.023507974 1.01261147 1.001714966 0.9908184616 0.9799219575 0.9690254534 0.9520489865 0.9333236081 0.9145982298 0.8958728514 0.877147473 0.8584220947 0.8463415663 0.8281985378 0.8100555094 0.791912481 0.7737694525 0.7556264241 0.7372063521 0.7162928886 0.6953794251 0.6744659615 0.653552498 0.6326390345 0.6117255709 0.6752456884 0.7552168612 0.835188034 0.8801694358 0.9114772231 0.9427850104 1.093257884 1.105873563 1.118489242 1.131491203 1.147378425 1.163265647 1.177221972 1.183454708 1.189687443 1.195920179 1.202152915 1.208385651 1.214382617 1.216777938 1.219074336 1.221370735 1.223667134 1.225963532 1.228259931 1.229520478 1.230109297 1.230698116 1.231286935 1.231875754 1.232464572 1.233095079 1.233822858 1.234550636 1.235278415 1.236006193 1.236733972 1.237781115 
1.04552409 1.034627586 1.023731082 1.012834578 1.001938074 0.9910415697 0.9772462702 0.9598699695 0.9411445912 0.9224192128 0.9036938344 0.8849684561 0.865288123 0.8607093017 0.8712850258 0.8531419974 0.8349989689 0.8168559405 0.7987129121 0.7802928401 0.7593793766 0.738465913 0.7175524495 0.696638986 0.6757255224 0.6748903686 0.7388244718 0.8187956446 0.8899972168 0.9252760816 0.9565838689 0.9868761706 1.112124677 1.124740356 1.137356036 1.147815308 1.162072048 1.17795927 1.191915595 1.19814833 1.204381066 1.210613802 1.216846538 1.222872976 1.226158594 1.228553914 1.230850313 1.233146711 1.23544311 1.237739508 1.240066693 1.24129287 1.241823107 1.242411926 1.243000744 1.243589563 1.244178382 1.244808889 1.245536667 1.246264446 1.246992225 1.247720003 1.248749404 1.251251431 
1.056643702 1.045747198 1.034850694 1.02395419 1.013057686 0.9992957061 0.9850672533 0.9676909526 0.9489655742 0.9302401958 0.9115148175 0.891851238 0.8714505006 0.8668716792 0.886025732 0.8962284853 0.8780854569 0.8599424285 0.8417994 0.8233793281 0.8024658645 0.781552401 0.7606389375 0.7397254739 0.7386833272 0.7384691521 0.8024032553 0.8823744281 0.9351038626 0.9703827275 1.001690515 1.026069106 1.130991471 1.14360715 1.155688872 1.165943351 1.176765671 1.192652893 1.206609217 1.212841953 1.219074689 1.225307425 1.231363334 1.234648952 1.23793457 1.240329891 1.242626289 1.244922688 1.247219086 1.249545871 1.251882251 1.253108429 1.253594471 1.254125735 1.254714554 1.255303373 1.255892192 1.256522699 1.257250477 1.257978256 1.258706034 1.259717693 1.262219719 1.264721746 
1.067763315 1.056866811 1.045970306 1.035073802 1.021345142 1.007116689 0.9928882363 0.9755119356 0.9567865572 0.9380611789 0.918414353 0.8980136155 0.8776128781 0.8730340568 0.8921881096 0.9113421624 0.9211719449 0.9030289164 0.884885888 0.866465816 0.8455523525 0.824638889 0.8037254254 0.8024762858 0.8022621107 0.8020479355 0.8659820387 0.9375567853 0.9802105085 1.015489373 1.045901144 1.06526204 1.149858264 1.162473943 1.173816915 1.184071393 1.193020393 1.207346516 1.22130284 1.227535576 1.233768312 1.239853692 1.24313931 1.246424928 1.249710546 1.252105867 1.254402266 1.256698664 1.259025049 1.261361429 1.263697809 1.264923987 1.265410029 1.265896072 1.266428364 1.267017183 1.267606002 1.268236508 1.268964287 1.269692065 1.270685981 1.273188008 1.275690035 1.278192061 
1.078882927 1.067986423 1.057089919 1.043394578 1.029166125 1.014937672 1.000709219 0.9833329186 0.9646075403 0.944977468 0.9245767305 0.9041759931 0.8837752556 0.8791964343 0.8983504871 0.9175045399 0.9366585927 0.9461154044 0.927972376 0.909552304 0.8886388405 0.8677253769 0.8662692445 0.8660550693 0.8658408941 0.865626719 0.9295608222 0.9826634312 1.025317154 1.060596019 1.085094079 1.104454975 1.168725057 1.180987529 1.191944957 1.202199436 1.211148436 1.222040138 1.235996463 1.242229199 1.24834405 1.251629668 1.254915287 1.258200905 1.261486523 1.263881843 1.266178242 1.268504227 1.270840607 1.273176987 1.275513368 1.276739545 1.277225588 1.27771163 1.278197673 1.278730992 1.279319811 1.279950318 1.280678097 1.28165427 1.284156297 1.286658323 1.28916035 1.291662376 
1.090002539 1.079106035 1.065444014 1.051215561 1.036987108 1.022758655 1.008530202 0.9911539017 0.971540583 0.9511398455 0.9307391081 0.9103383706 0.8899376332 0.8853588118 0.9045128646 0.9236669174 0.9428209703 0.9619750231 0.9710588639 0.952638792 0.9317253285 0.9300622031 0.9298480279 0.9296338527 0.9294196776 0.9292055024 0.9851163539 1.027770077 1.0704238 1.104926117 1.124287014 1.14364791 1.187591851 1.199115572 1.210073 1.220327478 1.229276479 1.238225479 1.250690086 1.256834408 1.260120027 1.263405645 1.266691263 1.269976881 1.273262499 1.27565782 1.277983405 1.280319785 1.282656165 1.284992546 1.287328926 1.288555103 1.289041146 1.289527188 1.290013231 1.290499274 1.291033621 1.291664128 1.292622559 1.295124585 1.297626612 1.300128638 1.302630665 1.305132692 
1.101122151 1.087493449 1.073264997 1.059036544 1.044808091 1.030579638 1.016351185 0.998103698 0.9777029605 0.9573022231 0.9369014856 0.9165007482 0.8961000107 0.8915211894 0.9106752422 0.929829295 0.9489833478 0.9681374006 0.9872914534 0.99572528 0.9938551617 0.9936409865 0.9934268114 0.9932126362 0.992998461 0.9927842859 1.030223 1.072876723 1.115530446 1.144119052 1.163479949 1.182840845 1.206286186 1.217243614 1.228201042 1.238455521 1.247404521 1.256353522 1.265324767 1.268610385 1.271896003 1.275181621 1.278467239 1.281752857 1.285038476 1.287462583 1.289798963 1.292135343 1.294471724 1.296808104 1.299144484 1.300370662 1.300856704 1.301342747 1.301828789 1.302314832 1.302800874 1.303590847 1.306092874 1.308594901 1.311096927 1.313598954 1.31610098 1.318603007 
1.106677146 1.092448693 1.07822024 1.063991787 1.049763334 1.035534882 1.021073742 1.000786981 0.9801346834 0.9597339459 0.9393332085 0.918932471 0.8985317336 0.8939529122 0.9131069651 0.9322610179 0.9514150707 0.9705691235 0.9897231763 0.973899209 0.9776904167 0.9774762415 0.9772620663 0.9770478912 0.976833716 0.9766195408 1.010699684 1.053353407 1.099428604 1.151040248 1.170401145 1.189762042 1.211813112 1.22277054 1.233727968 1.245018269 1.253967269 1.26291627 1.272961674 1.27639642 1.279682039 1.282967657 1.286253275 1.289538893 1.292824511 1.295255815 1.297592196 1.299928576 1.302264956 1.304601336 1.306131368 1.306570864 1.307056906 1.307542949 1.308028991 1.308515034 1.308929233 1.308538926 1.309300224 1.311802251 1.314304278 1.316806304 1.319308331 1.321810358 
1.110995558 1.096767105 1.082538652 1.068310199 1.054081747 1.03962517 1.024940469 1.004653707 0.9819660626 0.9613366344 0.940935897 0.9205351595 0.9001344221 0.8955556007 0.9147096535 0.9338637064 0.9530177592 0.972171812 0.9539866028 0.9344287093 0.9398559185 0.9435907124 0.9433765372 0.943162362 0.9429481869 0.9427340117 0.9768141551 1.019467878 1.09633634 1.149354612 1.170150844 1.18951174 1.214539789 1.225497218 1.236909328 1.249010952 1.257959952 1.26744727 1.279619029 1.28314912 1.286581421 1.289867039 1.293152657 1.296438275 1.299723894 1.302155198 1.304491578 1.306827958 1.309164338 1.310714037 1.311083713 1.311523209 1.312009251 1.312495294 1.312981336 1.313402067 1.313234984 1.312844677 1.311933512 1.312728943 1.31523097 1.317732996 1.320235023 1.322737049 
1.11531397 1.101085517 1.086857065 1.072628612 1.058176597 1.043491897 1.028807196 1.008520434 0.9858327894 0.9631451446 0.9425385855 0.922137848 0.9017371106 0.8971582892 0.916312342 0.9354663949 0.9546204477 0.9368501192 0.9145161032 0.8949582096 0.9003854188 0.905812628 0.9094910081 0.9092768329 0.9090626577 0.9088484825 0.942928626 0.9883817368 1.093244076 1.146262348 1.169900543 1.189261439 1.217266467 1.228223895 1.240902011 1.253003634 1.261952635 1.274104625 1.286276384 1.289806474 1.293336565 1.296766421 1.30005204 1.303337658 1.306623276 1.30905458 1.31139096 1.31372734 1.315296706 1.315666382 1.316036058 1.316475554 1.316961597 1.317447639 1.3178749 1.317707818 1.317540736 1.317150429 1.316239264 1.315328099 1.316157661 1.318659688 1.321161715 1.323663741 
1.119632382 1.10540393 1.091175477 1.076728025 1.062043324 1.047358623 1.032673923 1.012387161 0.9896995162 0.9670118714 0.9443242266 0.9237405365 0.9033397991 0.8987609777 0.9179150305 0.9370690833 0.9197136356 0.8973796195 0.8750456035 0.85548771 0.8609149192 0.8663421284 0.8717693376 0.8753913038 0.8751771286 0.8749629534 0.9090430969 0.9852894725 1.090151811 1.143170084 1.16827232 1.189011138 1.219993145 1.231095503 1.244894693 1.256996317 1.266429803 1.28076198 1.292933739 1.296463829 1.29999392 1.30352401 1.306951422 1.31023704 1.313522658 1.315953962 1.318290343 1.319879375 1.320249051 1.320618727 1.320988403 1.321427899 1.321913942 1.322347734 1.322180652 1.32201357 1.321846488 1.321456181 1.320545016 1.31963385 1.318722685 1.31958638 1.322088406 1.324590433 
1.123950795 1.109722342 1.095279453 1.080594752 1.065910051 1.05122535 1.036540649 1.016253888 0.9935662429 0.9708785981 0.9481909533 0.9255033085 0.9049424876 0.9003636662 0.919517719 0.9025771519 0.8802431359 0.8579091199 0.8355751038 0.8160172103 0.8214444195 0.8268716287 0.8322988379 0.8377260471 0.8412915994 0.8410774243 0.8773348693 0.9821972082 1.087059547 1.140077819 1.165180055 1.188760837 1.222719822 1.235088185 1.248887376 1.260989 1.273087158 1.287419335 1.299591094 1.303121184 1.306651275 1.310181365 1.313711455 1.317136422 1.320422041 1.322853345 1.324462044 1.32483172 1.325201396 1.325571072 1.325940748 1.326380244 1.326820568 1.326653486 1.326486404 1.326319322 1.32615224 1.325761933 1.324850767 1.323939602 1.323028437 1.322117272 1.323015098 1.325517125 
1.128269207 1.11383088 1.099146179 1.084461479 1.069776778 1.055092077 1.040407376 1.020120615 0.9974329697 0.9747453249 0.9520576801 0.9293700353 0.9066823905 0.9019663547 0.8854406683 0.8631066523 0.8407726362 0.8184386202 0.7961046042 0.7765467106 0.7819739198 0.787401129 0.7928283382 0.7982555474 0.8036827566 0.8071918951 0.874242605 0.9791049439 1.083967283 1.136985555 1.162087791 1.187190027 1.2254465 1.239080868 1.252880059 1.265412336 1.279744513 1.29407669 1.306248449 1.309778539 1.313308629 1.31683872 1.32036881 1.3238989 1.327321423 1.329044713 1.329414389 1.329784065 1.330153741 1.330523418 1.330893094 1.331293402 1.33112632 1.330959238 1.330792156 1.330625073 1.330457991 1.330067684 1.329156519 1.328245354 1.327334189 1.326423023 1.325511858 1.326443816 
1.133005589 1.11859273 1.103908029 1.089223328 1.074538627 1.059853927 1.045169226 1.024882464 1.002194819 0.9795071746 0.9568195298 0.934131885 0.9114442402 0.8879451325 0.8656111165 0.8432771005 0.8209430844 0.7986090684 0.7762750523 0.756633906 0.7620611152 0.7674883244 0.7729155336 0.7783427428 0.783769952 0.7835998916 0.8633698709 0.9682322099 1.073094549 1.126112821 1.151215057 1.176317293 1.225715421 1.239576435 1.253375626 1.269245926 1.283578103 1.297910279 1.310082039 1.313612129 1.317142219 1.32067231 1.3242024 1.32773249 1.331873221 1.332596563 1.332966239 1.333335915 1.333705591 1.334075267 1.334444943 1.334492565 1.334325482 1.3341584 1.333991318 1.333824236 1.333657154 1.333432204 1.332500096 1.331588931 1.330677766 1.329766601 1.328855436 1.32794427 
1.138243534 1.124162926 1.109744026 1.095059325 1.080374625 1.065689924 1.051005223 1.030718461 1.008030817 0.9853431718 0.962655527 0.9399678822 0.9155014639 0.8916847181 0.869350702 0.847016686 0.82468267 0.8023486539 0.7799147346 0.7601903355 0.7656175447 0.7710447539 0.7764719631 0.7818991723 0.7819530027 0.7649911335 0.8431605732 0.9480229122 1.052885251 1.105903523 1.131005759 1.156195488 1.220440589 1.235875464 1.249674654 1.266591935 1.284023175 1.298355351 1.31052711 1.314057201 1.317587291 1.321117381 1.324647472 1.328770755 1.334045532 1.334632031 1.334837495 1.335207171 1.335576847 1.335946523 1.336316199 1.33636382 1.336196738 1.336029656 1.335862574 1.335695492 1.335869208 1.335759394 1.334708611 1.3337779 1.332866734 1.331955569 1.331044404 1.330133239 
1.143481479 1.129400871 1.115320263 1.100895323 1.086210622 1.071525921 1.05684122 1.036554459 1.013866814 0.9911791691 0.9684915243 0.9440462818 0.9192410495 0.8954243036 0.8730902876 0.8507562716 0.8284222555 0.8059901862 0.783471164 0.763746765 0.7691739742 0.7746011834 0.7800283925 0.7803061137 0.7633442445 0.7463823754 0.8242931421 0.9278136145 1.032675953 1.085694226 1.110796462 1.136183049 1.215165757 1.232174492 1.245973683 1.262890964 1.284468246 1.298800423 1.310972182 1.314502272 1.318032363 1.321562453 1.32566829 1.330943066 1.336217843 1.336804342 1.336869922 1.337078427 1.337448103 1.337817779 1.338187455 1.338235076 1.338067994 1.337900912 1.33773383 1.337902941 1.338196398 1.338086583 1.337035801 1.335985018 1.335055703 1.334144538 1.333233372 1.332322207 
1.148719424 1.134638816 1.120558209 1.106477601 1.092046619 1.077361918 1.062677217 1.042390456 1.019702811 0.9970151663 0.9725910997 0.9477858674 0.922980635 0.8991638892 0.8768298732 0.8544958571 0.8320656379 0.8095466157 0.7870275935 0.7673031944 0.7727304036 0.7781576128 0.7786592248 0.7616973556 0.7447354864 0.7277736172 0.8056843839 0.9076043168 1.012466656 1.065484928 1.09067068 1.11617061 1.209890926 1.227222911 1.242272711 1.259189993 1.281898014 1.299245495 1.311417254 1.314947344 1.318477434 1.322565824 1.327840601 1.333115378 1.338390154 1.338976654 1.339042233 1.339107813 1.339319359 1.339689035 1.340058711 1.340106332 1.33993925 1.339772167 1.339936673 1.34023013 1.340523587 1.340413772 1.33936299 1.338312208 1.337261425 1.336333506 1.335422341 1.334511175 
1.153957369 1.139876761 1.125796154 1.111715546 1.097634938 1.083197916 1.068513215 1.048226453 1.025538808 1.001135918 0.9763306853 0.9515254529 0.9267202206 0.9029034748 0.8805694587 0.8581410895 0.8356220673 0.8131030451 0.7905840229 0.7708596239 0.7762868331 0.7770123358 0.7600504666 0.7430885975 0.7261267283 0.7091648591 0.7870756258 0.8887045515 0.992257358 1.04527563 1.070658241 1.096158171 1.204616094 1.22194808 1.23857174 1.255489021 1.278197042 1.299690566 1.311862326 1.315392416 1.319463359 1.324738136 1.330012912 1.335287689 1.340562465 1.341148965 1.341214544 1.341280124 1.341345703 1.34156029 1.341929966 1.341977587 1.341810505 1.341970406 1.342263863 1.342557319 1.342850776 1.342740961 1.341690179 1.340639397 1.339588614 1.338537832 1.337611309 1.336700144 
1.159195314 1.145114706 1.131034099 1.116953491 1.102872883 1.088792275 1.074349212 1.05406245 1.029680735 1.004875503 0.9800702708 0.9552650385 0.9304598061 0.9066430603 0.8842165412 0.861697519 0.8391784968 0.8166594746 0.7941404524 0.7744160533 0.7753654469 0.7584035777 0.7414417085 0.7244798393 0.7075179702 0.690556101 0.7684668677 0.8700957933 0.9720480603 1.025145871 1.050645802 1.076145732 1.199341262 1.216673248 1.234005234 1.25178805 1.274496071 1.297204092 1.312307397 1.316360893 1.32163567 1.326910447 1.332185223 1.33746 1.342734777 1.343321276 1.343386855 1.343452435 1.343518015 1.343583594 1.343801222 1.343848843 1.344004138 1.344297595 1.344591052 1.344884509 1.345177966 1.345068151 1.344017368 1.342966586 1.341915804 1.340865021 1.339814239 1.338889112 
1.163945338 1.14986473 1.135784123 1.121703515 1.107622907 1.0935423 1.079461692 1.058119432 1.0333142 1.008508967 0.9837037349 0.9588985026 0.9340932702 0.9101454883 0.8876264661 0.8651074439 0.8425884217 0.8200693995 0.7975503773 0.7755870704 0.7586252012 0.741663332 0.7247014629 0.7077395937 0.6907777245 0.6738158553 0.7496417646 0.8512706902 0.9528996159 1.002582137 1.028082068 1.053581998 1.193772622 1.211104608 1.228436594 1.247650192 1.270358213 1.293066234 1.312898694 1.31817347 1.323448247 1.328723024 1.3339978 1.339272577 1.344547354 1.345320888 1.345386468 1.345452047 1.345517627 1.345583207 1.345648786 1.345904326 1.346197783 1.34649124 1.346784697 1.347078154 1.347371611 1.347261796 1.346211013 1.345160231 1.344109449 1.343058666 1.342007884 1.340932785 
1.163816153 1.149735545 1.135654937 1.12157433 1.107493722 1.093413114 1.078477488 1.05923822 1.035886449 1.011081217 0.9862759844 0.961470752 0.9366655197 0.9125212884 0.889571345 0.8670523228 0.8445333006 0.8220142784 0.7994952562 0.7775319493 0.7605700802 0.743608211 0.7266463418 0.7096844726 0.6927226035 0.6678587887 0.7286532115 0.8302821372 0.9319110628 0.9545054566 0.9800053868 1.005505317 1.1836271 1.202597886 1.219929872 1.23914347 1.261851492 1.284559513 1.311113929 1.316388706 1.321663483 1.326938259 1.332213036 1.337487812 1.344799197 1.345593513 1.345659093 1.345724673 1.345790252 1.345855832 1.345752722 1.346359537 1.347055985 1.347349441 1.347642898 1.347936355 1.348229812 1.348119997 1.347069215 1.346018432 1.34496765 1.343916868 1.342844471 1.341523508 
1.163686967 1.14960636 1.135525752 1.121445144 1.107364537 1.092439872 1.077263088 1.058023819 1.037043486 1.013653466 0.9888482339 0.9640430015 0.9392377692 0.9150935379 0.8919408081 0.8689972018 0.8464781796 0.8239591574 0.8014401352 0.7794768283 0.7625149591 0.7455530899 0.7285912208 0.7116293516 0.6868553317 0.6609139789 0.7143318901 0.8092935842 0.9109225098 0.9274973196 0.9319287059 0.9574286362 1.172694844 1.194091165 1.211423151 1.230636749 1.25334477 1.279244023 1.309329165 1.314603941 1.319878718 1.325153495 1.330428271 1.337718874 1.345071822 1.345866139 1.345931718 1.345997298 1.346062877 1.345962248 1.345779754 1.34638657 1.347519591 1.348207643 1.3485011 1.348794557 1.349088013 1.348978199 1.347927416 1.346876634 1.345825852 1.344756157 1.343435193 1.34211423 
1.163557782 1.149477174 1.135396567 1.121315959 1.106402257 1.091225472 1.076048687 1.056809418 1.035829085 1.014848752 0.9914204833 0.966615251 0.9418100187 0.9176657873 0.8945130575 0.8713603277 0.8484230585 0.8259040363 0.8033850141 0.7814217072 0.7644598381 0.7474979689 0.7305360997 0.7058518746 0.6799105219 0.6539691691 0.7073870803 0.7883050311 0.8899339568 0.9065087665 0.8838520251 0.9093519553 1.161762588 1.184539095 1.202916429 1.222130027 1.244838048 1.277459259 1.3075444 1.312819177 1.318093953 1.32336873 1.330638551 1.337991499 1.345344447 1.346138764 1.346204343 1.346269923 1.346171774 1.345989281 1.345806787 1.346413602 1.347546624 1.348679645 1.349359301 1.349652758 1.349946215 1.3498364 1.348785618 1.347734835 1.346667842 1.345346879 1.344025915 1.342704952 
1.163428597 1.149347989 1.135267381 1.120364641 1.105187856 1.090011071 1.074834286 1.055595018 1.034614685 1.013634351 0.9926540181 0.9691875005 0.9443822681 0.9202380368 0.897085307 0.8739325772 0.8507798474 0.8278489153 0.8053298931 0.7833665862 0.766404717 0.7494428478 0.7248484176 0.6989070648 0.672965712 0.6470243593 0.7004422705 0.7736999977 0.8689454038 0.8855202135 0.8562966532 0.8612752744 1.150830332 1.173606839 1.194409707 1.213623305 1.239386762 1.275674494 1.305759636 1.311034412 1.316309189 1.323558228 1.330911176 1.338264124 1.345617072 1.346411389 1.346476968 1.3463813 1.346198807 1.346016313 1.34583382 1.346440635 1.347573656 1.348706677 1.349839699 1.350510959 1.350804416 1.350694601 1.349643819 1.348579528 1.347258564 1.345937601 1.344616638 1.343295674 
1.163299411 1.149218804 1.134327025 1.11915024 1.103973455 1.088796671 1.073619886 1.054380617 1.033400284 1.012419951 0.9914396175 0.9704592842 0.9469545176 0.9228102863 0.8996575565 0.8765048267 0.8533520969 0.8301993671 0.807274772 0.7853114651 0.768349596 0.7438449606 0.7179036078 0.691962255 0.6660209022 0.6400795495 0.6934974607 0.7667551879 0.8479568507 0.8645316605 0.8353081001 0.8131985936 1.139898076 1.162674583 1.18545109 1.205116584 1.237601997 1.27388973 1.303974871 1.309249648 1.316477905 1.323830853 1.331183801 1.338536749 1.345889697 1.346684014 1.346590827 1.346408333 1.34622584 1.346043346 1.345860853 1.346467668 1.347600689 1.34873371 1.349866731 1.350999752 1.351662618 1.351552803 1.350491213 1.34917025 1.347849286 1.346528323 1.34520736 1.343886396 
1.163170226 1.148289409 1.133112624 1.117935839 1.102759055 1.08758227 1.072405485 1.053166216 1.032185883 1.01120555 0.9902252168 0.9692448836 0.9482645504 0.9253825358 0.902229806 0.8790770762 0.8559243464 0.8327716166 0.8096188868 0.7872563441 0.7628415035 0.7369001508 0.710958798 0.6850174452 0.6590760924 0.6331347396 0.6865526509 0.7598103781 0.8330681053 0.8435431074 0.8143195471 0.7850959867 1.12896582 1.151742327 1.174518834 1.1995295 1.235817233 1.272104965 1.302190107 1.309397583 1.316750531 1.324103479 1.331456427 1.338809375 1.346162323 1.346800353 1.346617859 1.346435366 1.346252872 1.346070379 1.345887885 1.346494701 1.347627722 1.348760743 1.349893764 1.351026785 1.352159806 1.352402899 1.351081935 1.349760972 1.348440009 1.347119045 1.345798082 1.344477119 
1.165955647 1.150370946 1.135194161 1.120017376 1.104840592 1.089663807 1.074487022 1.055247753 1.03426742 1.013287087 0.9923067537 0.9713264205 0.9503460873 0.9277470378 0.904594308 0.8814415782 0.8582888484 0.8351361186 0.8119833888 0.7888036889 0.7628623361 0.7369209833 0.7109796306 0.6850382778 0.659096925 0.6318222955 0.6744572152 0.7477149424 0.8209726697 0.82761756 0.7983939996 0.7691704393 1.078609551 1.101386058 1.124162565 1.1936118 1.229899533 1.266187265 1.296688041 1.304040989 1.311393937 1.318746885 1.326099833 1.333452781 1.344013005 1.345817624 1.345635131 1.345452637 1.345270144 1.34508765 1.344905157 1.347299064 1.348432085 1.349565106 1.350698127 1.351831148 1.35296417 1.353494995 1.352288874 1.35096791 1.349646947 1.348325983 1.34700502 1.345684057 
1.169834045 1.153688459 1.138511675 1.12333489 1.108158105 1.09298132 1.077804536 1.058565267 1.037584934 1.0166046 0.9956242673 0.9746439341 0.9531325225 0.9300336345 0.9068809047 0.8837281749 0.8605754451 0.8374227153 0.8142699855 0.7914366374 0.7654952846 0.7395539318 0.713612579 0.6876712262 0.6617298735 0.6303304192 0.6604302949 0.7336880221 0.8069457493 0.8135906396 0.7843670793 0.7551435189 1.013469277 1.036245784 1.059022291 1.174429886 1.222431982 1.258719714 1.28922049 1.296573438 1.303926386 1.311279334 1.318632282 1.32598523 1.342651616 1.344456234 1.344273741 1.344091247 1.343908754 1.343726261 1.345802453 1.348394926 1.349527947 1.350660968 1.351793989 1.35292701 1.353870498 1.353985573 1.353726893 1.352405929 1.351084966 1.349764003 1.348443039 1.347122076 
1.173712443 1.157402558 1.141829188 1.126652403 1.111475619 1.096298834 1.081122049 1.06188278 1.040902447 1.019922114 0.9989417808 0.9779614476 0.9554191192 0.9323202312 0.9091675014 0.8860147716 0.8628620418 0.839709312 0.8168714475 0.7940695858 0.7681282331 0.7421868803 0.7162455275 0.6903041747 0.663112875 0.6288385429 0.6464033745 0.7196611017 0.792918829 0.7995637193 0.7703401589 0.7441078312 0.9483290034 0.9711055104 0.9938820175 1.129551952 1.214964431 1.251252163 1.281752939 1.289105887 1.296458835 1.303811783 1.311164731 1.321601599 1.341290226 1.343094845 1.342912351 1.342729858 1.342547364 1.342364871 1.346898315 1.349490788 1.350623809 1.35175683 1.352889851 1.354022872 1.354361075 1.35447615 1.355069211 1.353843949 1.352522985 1.351202022 1.349881059 1.348560095 
1.177590841 1.161280956 1.145146702 1.129969917 1.114793132 1.099616347 1.084439563 1.065200294 1.044219961 1.023239628 1.002259294 0.9807687094 0.9577057159 0.934606828 0.9114540982 0.8883013684 0.8651486386 0.8419959088 0.8195043959 0.7967025343 0.7707611815 0.7448198288 0.718878476 0.6929371232 0.6616209987 0.6273466666 0.6385806679 0.7056341814 0.7788919086 0.7855367989 0.7563132386 0.7343113684 0.8831887294 0.9059652365 0.9451380924 1.084674018 1.20749688 1.243784612 1.274285388 1.281638336 1.288991284 1.296344232 1.30369718 1.320240209 1.339928837 1.341733455 1.341550962 1.341368468 1.341185975 1.343212526 1.347994177 1.35058665 1.351719671 1.352852692 1.353985713 1.354941429 1.354851653 1.354966727 1.355559788 1.355281968 1.353961005 1.352640041 1.351319078 1.349998114 
1.181469239 1.165159354 1.148849469 1.13328743 1.118110646 1.102933861 1.087757076 1.068517807 1.047537474 1.026557141 1.005576808 0.9830553061 0.9599923127 0.9368934247 0.9137406949 0.8905879651 0.8674352353 0.8445903737 0.8221373444 0.7993354828 0.77339413 0.7474527772 0.7215114245 0.6944034546 0.6601291224 0.6258547903 0.6370887916 0.691607261 0.7648649883 0.7715098786 0.7422863182 0.7245149056 0.8180484555 0.8408249625 0.900260158 1.039796083 1.200029329 1.236317061 1.266817837 1.274170785 1.281523733 1.288876681 1.299190192 1.31887882 1.338567447 1.340372066 1.340189572 1.340007079 1.339824585 1.344308388 1.349090039 1.351682512 1.352815533 1.353948554 1.355081575 1.355432006 1.35534223 1.355457305 1.356050365 1.356643426 1.355399024 1.35407806 1.352757097 1.351436134 
1.185347637 1.169037752 1.152727867 1.136604944 1.121428159 1.106251374 1.09107459 1.071835321 1.050854988 1.029874655 1.008404896 0.9853419028 0.9622789094 0.9391800214 0.9160272916 0.8928745618 0.869721832 0.8472233222 0.8247702929 0.8019684313 0.7760270785 0.7500857257 0.7241443729 0.6929115783 0.6586372461 0.624362914 0.6355969152 0.6775803407 0.7508380679 0.7574829582 0.7282593979 0.7147184428 0.7529081815 0.7756846886 0.8553822236 0.994918149 1.182358946 1.22884951 1.259350286 1.266703234 1.274056182 1.28140913 1.297828803 1.31751743 1.337206058 1.339010676 1.338828183 1.338645689 1.340622599 1.34540425 1.350185901 1.352778374 1.353911395 1.355044416 1.35601236 1.355922583 1.355832807 1.355947882 1.356540943 1.357134003 1.356837043 1.35551608 1.354195116 1.352874153 
1.189226035 1.17291615 1.156606265 1.14029638 1.124745673 1.109568888 1.094392103 1.075152835 1.054172501 1.033192168 1.010691493 0.9876284995 0.9645655061 0.9414666181 0.9183138883 0.8951611585 0.8723092999 0.8498562707 0.8274032414 0.8046013797 0.778660027 0.7527186742 0.7256940341 0.6914197019 0.6571453698 0.6228710377 0.6341050389 0.6635534203 0.7368111475 0.7434560378 0.7170527825 0.7049219801 0.6877679076 0.7105444147 0.8105042893 0.9500402146 1.137481012 1.22138196 1.251882735 1.259235683 1.266588631 1.276778785 1.296467413 1.316156041 1.335844668 1.337649287 1.337466793 1.3372843 1.341718461 1.346500112 1.351281763 1.353874236 1.355007257 1.356140278 1.356502937 1.356413161 1.356323384 1.356438459 1.35703152 1.357624581 1.358217641 1.356954099 1.355633135 1.354312172 
1.193104433 1.176794548 1.160484663 1.144174779 1.128063186 1.112886402 1.097709617 1.078470348 1.057490015 1.036041083 1.01297809 0.9899150962 0.9668521028 0.9437532148 0.920600485 0.8974477552 0.8749422484 0.8524892191 0.8300361898 0.8072343282 0.7812929754 0.7553516227 0.7242021578 0.6899278256 0.6556534935 0.6213791614 0.6326131626 0.6552242472 0.7227842272 0.7294291175 0.7072563198 0.6951255173 0.6226276337 0.6518853605 0.7656263549 0.9051622802 1.092603077 1.213914409 1.244415184 1.251768132 1.25912108 1.275417396 1.295106023 1.314794651 1.334483279 1.336287897 1.336105404 1.338032672 1.342814323 1.347595974 1.352377625 1.354970098 1.356103119 1.357083291 1.356993514 1.356903738 1.356813962 1.356929037 1.357522097 1.358115158 1.358708219 1.358392118 1.357071155 1.355750191 
1.196982831 1.180672946 1.164363061 1.148053177 1.131743292 1.116203915 1.10102713 1.081787862 1.060807528 1.03832768 1.015264686 0.992201693 0.9691386995 0.9460398116 0.9228870818 0.9000282262 0.8775751969 0.8551221676 0.8326691383 0.8098672767 0.7839259239 0.7569846136 0.7227102815 0.6884359493 0.6541616172 0.6198872851 0.6311212863 0.6537323709 0.7087573068 0.7154021971 0.697459857 0.6853290545 0.5574873597 0.6070074261 0.7207484205 0.8602843458 1.047725143 1.206446858 1.236947633 1.244300581 1.254367379 1.274056006 1.293744634 1.313433261 1.333121889 1.334926508 1.334744014 1.339128534 1.343910185 1.348691836 1.353473487 1.35606596 1.357198981 1.357573868 1.357484092 1.357394315 1.357304539 1.357419614 1.358012675 1.358605735 1.359198796 1.359791857 1.358509174 1.357188211 
1.200861229 1.184551344 1.168241459 1.151931575 1.13562169 1.119521429 1.104344644 1.085105375 1.06367727 1.040614277 1.017551283 0.9944882897 0.9714252963 0.9483264083 0.9251736785 0.9026611746 0.8802081454 0.8577551161 0.8353020868 0.8125002252 0.7865588724 0.7554927373 0.7212184052 0.686944073 0.6526697409 0.6183954088 0.62962941 0.6522404946 0.6947303865 0.7013752768 0.6876633942 0.6755325917 0.4923470858 0.5621294917 0.6758704861 0.8154064114 1.002847209 1.190288006 1.229480082 1.23683303 1.253005989 1.272694617 1.292383244 1.312071872 1.331760499 1.333565118 1.335442745 1.340224396 1.345006047 1.349787698 1.354569349 1.357161822 1.358154222 1.358064445 1.357974669 1.357884893 1.357795116 1.357910191 1.358503252 1.359096313 1.359689373 1.360282434 1.359947193 1.35862623 
1.204739627 1.188429742 1.172119857 1.155809973 1.139500088 1.123190203 1.107662157 1.088422889 1.065963867 1.042900873 1.01983788 0.9967748864 0.973711893 0.950613005 0.9277471524 0.9052941231 0.8828410938 0.8603880645 0.8379350353 0.8151331736 0.7882751931 0.754000861 0.7197265289 0.6854521967 0.6511778646 0.6169035325 0.6281375337 0.6507486183 0.6807034661 0.6899977339 0.6778669314 0.6657361289 0.4272068119 0.5172515573 0.6309925517 0.7705284771 0.9579692741 1.145410071 1.222012532 1.231955972 1.2516446 1.271333227 1.291021855 1.310710482 1.33039911 1.332203729 1.336538607 1.341320258 1.346101909 1.35088356 1.355665211 1.358257684 1.358644799 1.358555023 1.358465246 1.35837547 1.358285694 1.358400768 1.358993829 1.35958689 1.360179951 1.360773011 1.361366072 1.360064249 
1.208618025 1.19230814 1.175998255 1.159688371 1.143378486 1.127068601 1.110979671 1.091313457 1.068250463 1.04518747 1.022124477 0.9990614831 0.9759984897 0.9528996017 0.9303801009 0.9079270716 0.8854740423 0.863021013 0.8405679837 0.8177661221 0.7867833168 0.7525089847 0.7182346525 0.6839603204 0.6496859883 0.6154116562 0.6266456574 0.649256742 0.6718678266 0.6802012711 0.6680704686 0.6559396661 0.3620665379 0.4723736229 0.5861146173 0.7256505427 0.9130913397 1.100532137 1.214544981 1.230594583 1.25028321 1.269971838 1.289660465 1.309349093 1.32903772 1.332852818 1.337634469 1.34241612 1.347197771 1.351979422 1.356761073 1.359225153 1.359135376 1.3590456 1.358955824 1.358866047 1.358776271 1.358891346 1.359484406 1.360077467 1.360670528 1.361263589 1.361856649 1.361502268 
1.212496423 1.196186538 1.179876653 1.163566769 1.147256884 1.130946999 1.114637114 1.093600054 1.07053706 1.047474067 1.024411073 1.00134808 0.9782850864 0.9554660786 0.9330130494 0.9105600201 0.8881069908 0.8656539615 0.8432009322 0.8195657726 0.7852914405 0.7510171084 0.7167427762 0.6824684441 0.648194112 0.6139197798 0.6251537811 0.6477648657 0.6703759503 0.6704048083 0.6582740058 0.6461432033 0.3137546941 0.4274956885 0.541236683 0.6807726083 0.8682134054 1.055654202 1.209544566 1.229233193 1.248921821 1.268610448 1.288299076 1.307987703 1.327676331 1.33394868 1.338730331 1.343511982 1.348293633 1.353075284 1.357856935 1.35971573 1.359625953 1.359536177 1.359446401 1.359356624 1.359266848 1.359381923 1.359974984 1.360568044 1.361161105 1.361754166 1.362347227 1.362940287 
