0.8806822924 0.8806822924 0.8806822924 0.8806822924 0.8806822924 0.8806822924 0.8806822924 0.8806822924 0.8806822924 0.8806822924 0.8806822924 0.8806822924 0.8806822924 0.8806822924 0.8806822924 0.8806822924 0.8806822924 0.8806822924 0.8806822924 0.8810169238 0.8843632377 0.8877095517 0.8910558656 0.8944021796 0.8977484935 0.9010948074 0.8964099679 0.88971734 0.8830247122 1.733127231 3.044580983 4.356034736 2.738102858 4.913115668 7.088128478 8.735638119 9.403499014 10.07135991 10.62923315 10.74715575 10.86507836 10.98300097 11.10092357 11.21884618 11.33676879 11.38811069 11.43205473 11.47599877 11.51994282 11.56388686 11.6078309 11.62741067 11.63074758 11.63408449 11.63742141 11.64075832 11.64409524 11.71557277 11.94604511 12.17651744 12.40698978 12.63746211 12.86793445 13.09840678 
0.8914352422 0.8914352422 0.8914352422 0.8914352422 0.8914352422 0.8914352422 0.8914352422 1.096290166 1.249931358 1.249931358 1.249931358 1.249931358 1.249931358 1.229631527 1.187763126 1.187763126 1.187763126 1.187763126 1.187763126 1.188097757 1.191444071 1.194790385 1.198136699 1.201483013 1.22601339 2.076722219 3.708818372 3.702125744 3.695433117 4.545535636 5.856989388 7.285660349 6.140978921 9.272661595 11.44767441 14.29255691 15.85844745 16.52630834 17.37603076 18.95319924 19.107603 19.2255256 19.34344821 19.46137082 19.57929342 20.89165216 21.3909634 21.43490744 21.47885148 21.52279553 21.56673957 22.87070507 24.21194379 24.2152807 24.21861762 24.22195453 24.22529144 24.29676898 24.52724132 24.75771365 24.98818599 25.21865832 25.68079639 26.94089421 
0.9021881921 0.9021881921 0.9021881921 0.9021881921 0.9021881921 0.9021881921 0.9021881921 1.107043116 1.399693006 1.619180424 1.619180424 1.619180424 1.619180424 1.598880593 1.548131015 1.497381438 1.494843959 1.494843959 1.494843959 1.49517859 1.498524904 1.501871218 1.505217532 1.720404475 2.571113305 3.421822134 5.503094355 6.514534149 6.507841521 7.35794404 8.669397792 10.73625133 9.060622425 13.63220752 15.80722033 18.65210283 22.31339588 22.98125678 23.83097919 25.40814768 26.98531616 27.46805024 27.58597284 27.70389545 27.82181806 29.1341768 30.57925066 31.39381611 31.43776015 31.48170419 31.52564824 32.82961374 34.97359354 36.79647691 36.79981382 36.80315074 36.80648765 36.87796519 37.10843753 37.33890986 37.56938219 38.263186 39.52328382 40.78338165 
0.9129411419 0.9129411419 0.9129411419 0.9129411419 0.9129411419 0.9129411419 0.9129411419 1.117796065 1.410445956 1.703095847 1.98842949 1.98842949 1.98842949 1.968129659 1.917380081 1.866630504 1.815880926 1.801924792 1.801924792 1.802259423 1.805605737 1.808952051 2.21479556 3.06550439 3.916213219 4.766922049 6.84819427 9.23710734 9.320249925 10.17035244 11.83345782 14.18684232 11.98026593 16.76734663 20.16676626 23.01164876 27.10057498 29.43620521 30.28592763 31.86309611 33.4402646 35.01743308 35.82849748 35.94642009 36.06434269 37.37670143 38.8217753 40.26684916 41.39666882 41.44061286 41.4845569 42.7885224 44.93250221 47.07648201 49.22046182 49.38434695 49.38768386 49.4591614 49.68963373 49.92010607 50.84557561 52.10567343 53.36577126 54.62586908 
0.9236940917 0.9236940917 0.9236940917 0.9236940917 0.9236940917 0.9236940917 0.9236940917 1.128549015 1.421198906 1.713848797 2.006498687 2.299148578 2.357678556 2.337378725 2.286629147 2.23587957 2.185129992 2.134380414 2.109005625 2.109340257 2.112686571 2.709186645 3.559895475 4.410604305 5.261313134 6.112021964 8.193294185 10.58220725 12.13265833 12.98276085 15.28404881 17.6374333 14.89990943 19.68699013 24.47407083 27.37119469 31.4601209 35.54904712 36.74087606 38.31804455 39.89521303 41.47238152 43.04955 44.18894472 44.30686733 45.61922607 47.06429993 48.5093738 49.95444766 51.39952153 51.44346557 52.74743107 54.89141088 57.03539068 59.17937048 61.32335029 61.96888007 62.04035761 62.27082994 63.42796522 64.68806304 65.94816087 67.20825869 68.46835651 
0.9344470416 0.9344470416 0.9344470416 0.9344470416 0.9344470416 0.9344470416 0.9344470416 1.139301965 1.431951856 1.724601747 2.017251637 2.309901528 2.602551419 2.706627791 2.655878213 2.605128636 2.554379058 2.50362948 2.452879902 2.41642109 3.203577731 4.05428656 4.90499539 5.75570422 6.606413049 7.457121879 9.5383941 11.92730717 14.31622024 16.3812553 18.73463979 21.08802429 17.81955294 22.60663363 27.39371433 31.73074061 35.81966683 39.90859304 43.1958245 44.77299298 46.35016147 47.92732995 49.50449844 51.08166692 52.54939196 53.8617507 55.30682457 56.75189843 58.1969723 59.64204616 61.08712003 62.70633974 64.85031954 66.99429935 69.13827915 71.28225896 73.42623876 74.750257 76.01035483 77.27045265 78.53055048 79.7906483 81.05074612 82.31084395 
1.43231663 1.43231663 1.43231663 1.43231663 1.43231663 1.43231663 1.721752611 2.446923007 2.811476439 3.10412633 3.396776221 3.689426111 3.982076002 4.137366105 4.086616528 4.03586695 3.985117372 3.934367794 3.883618216 6.17802253 8.008801425 8.859510254 9.710219084 10.56092791 11.41163674 12.26234557 14.54408077 16.93299384 19.32190691 21.68772641 24.0411109 26.3944954 22.12853475 26.91561545 31.70269615 37.13682885 41.22575506 45.31468128 48.98069119 50.55785968 52.13502816 53.71219664 55.28936513 56.86653361 59.82600517 61.47108621 62.91616007 64.36123394 65.8063078 67.25138167 69.21367248 71.13674993 73.11611486 75.26009466 77.40407446 79.54805427 81.69203407 83.57084928 84.83094711 86.09104493 87.35114275 88.61124058 89.8713384 91.99147425 
2.011372324 2.011372324 2.011372324 2.011372324 2.011372324 2.290088454 2.826081013 3.551251409 4.357498021 4.711779519 5.004429409 5.2970793 5.589729191 5.745019294 5.694269716 5.643520139 5.592770561 5.542020983 7.815986712 10.26200289 12.43713073 14.24142124 15.09213007 15.9428389 16.79354773 17.64425656 20.10736303 22.54877831 24.93769137 27.30351087 29.65689537 31.94524063 26.66907296 31.45615366 36.64177305 42.7173408 46.80626701 50.9159977 54.65387759 56.23104608 57.80821456 59.38538305 60.96255153 63.88466355 67.32980915 68.97489019 70.41996406 71.86503792 73.31011179 75.24889274 77.86945968 79.79253712 81.25062158 83.24370441 85.38768422 87.53166402 89.67564383 91.55445904 92.81455686 94.07465468 95.33475251 96.59485033 98.69450908 100.9784617 
2.590428018 2.590428018 2.590428018 2.590428018 2.858424298 3.394416856 3.930409414 4.655579811 5.461826423 6.268073035 6.612082598 6.904732489 7.19738238 7.352672483 7.301922905 7.251173327 7.20042375 9.423852189 11.89996708 14.34598326 16.52111109 18.69623893 20.47404106 21.32474989 22.17545872 23.02616755 25.48927402 28.16456277 30.55347584 32.91929534 35.27267983 37.48329529 31.20961116 35.99669186 42.222285 48.29785275 52.38677897 56.5891841 60.327064 61.90423248 63.48140097 65.05856945 67.94332192 71.38846753 74.83361314 76.47869418 77.92376804 79.36884191 81.284113 83.90467993 86.52524687 88.44832432 89.90640878 91.36449323 93.37129397 95.51527377 97.65925358 99.53806879 100.7981666 102.0582644 103.3183623 105.3975439 107.6814965 109.9654491 
3.169483713 3.169483713 3.169483713 3.426760141 3.962752699 4.498745258 5.034737816 5.759908212 6.566154825 7.372401437 8.178648049 8.512385678 8.805035568 8.960325672 8.909576094 8.858826516 11.03171767 13.50783255 15.98394744 18.42996362 20.60509146 22.78021929 24.95534713 26.70666088 27.55736971 28.40807854 30.87118501 33.73739088 36.1692603 38.5350798 40.82659771 43.02134994 35.75014937 40.65749914 47.80279695 53.8783647 57.98431276 62.2623705 66.0002504 67.57741889 69.15458737 72.0019803 75.44712591 78.89227151 82.33741712 83.98249816 85.42757203 87.31933326 89.93990019 92.56046712 95.18103406 97.10411151 98.56219597 100.0202804 101.4783649 103.4988835 105.6428633 107.5216785 108.7817764 110.0418742 112.1005787 114.3845314 116.668484 118.9524366 
3.748539407 3.748539407 3.995095984 4.531088542 5.067081101 5.603073659 6.139066218 6.864236614 7.670483226 8.476729839 9.282976451 10.08922306 10.41268876 10.56797886 10.51722928 12.63958314 15.11569803 17.59181292 20.0679278 22.51394398 24.68907182 26.86419966 29.03932749 31.21445533 32.9392807 33.78998953 36.253096 39.11930187 41.78504477 44.15086426 46.36465237 48.55940459 40.29068757 46.23801109 53.3833089 59.45887665 63.65749916 67.93555691 71.6734368 73.25060529 76.06063867 79.50578428 82.95092989 86.3960755 89.8412211 91.48630214 93.35455351 95.97512045 98.59568738 101.2162543 103.8368212 105.7598987 107.2179832 108.6760676 110.1341521 111.5922365 113.6264731 115.5052883 116.7653861 118.8036136 121.0875662 123.3715188 125.6554714 127.939424 
4.327595102 4.563431827 5.099424386 5.635416944 6.171409503 6.707402061 7.243394619 7.968565016 8.774811628 9.58105824 10.38730485 11.19355146 11.99979808 12.17563205 14.24744862 16.72356351 19.19967839 21.67579328 24.15190817 26.59792435 28.77305218 30.94818002 33.12330786 35.29843569 37.47356353 39.17190052 41.63500699 44.50121286 47.36741874 49.70795479 51.90270702 54.09745925 44.83122577 51.81852304 58.96382085 65.05262781 69.33068556 73.60874331 77.34662321 80.11929705 83.56444266 87.00958827 90.45473387 93.89987948 97.34502509 99.38977377 102.0103407 104.6309076 107.2514746 109.8720415 112.4926084 114.4156859 115.8737703 117.3318548 118.7899393 120.2480237 121.7061082 123.488898 125.5066484 127.790601 130.0745536 132.3585063 134.6424589 136.9264115 
5.363149321 6.065193412 6.601185971 7.137178529 7.673171088 8.209163646 8.745156205 9.470326601 10.27657321 11.08281983 11.88906644 12.69531305 13.50155966 15.19922516 17.67534004 20.15145493 22.62756982 25.1036847 27.57979959 30.2098056 32.58732224 34.76245007 36.93757791 39.11270575 41.28783358 43.46296142 46.19095169 49.05715756 51.92336343 54.152001 56.34675323 58.54150546 49.21512472 56.36042253 63.50572034 69.75275204 74.03080979 78.30886754 82.62115245 86.07633854 89.52148415 92.96662975 96.41177536 99.85692097 103.3020666 106.0050914 108.6256583 111.2462252 113.8667922 116.4873591 119.107926 121.2495965 122.707681 124.1657654 125.6238499 127.0819343 128.5400188 130.966513 133.2504656 135.5344182 137.8183708 140.1023234 142.386276 144.6702286 
7.00736824 8.096865909 8.632858467 9.168851026 9.704843584 10.24083614 10.7768287 11.5019991 12.30824571 13.11449232 13.92073893 14.72698555 15.66446386 17.82678131 20.22844621 22.7045611 25.18067599 27.65679087 30.13290576 32.76291177 36.04197855 38.21710638 40.39223422 42.56736206 44.74248989 46.91761773 49.64560799 52.51181387 55.37801974 57.1373693 59.33212153 61.52687376 52.47535292 59.51750541 66.66280322 73.15546004 77.43351779 81.71157554 86.02386045 89.97103003 93.41617564 96.86132125 100.3064669 103.7516125 107.1967581 109.8997829 112.5203498 115.1409167 117.7614837 120.3820506 123.3148933 125.6543384 127.1124228 128.5705073 130.0285918 131.4866762 132.9447607 136.5846261 139.3367223 141.620675 143.9046276 146.1885802 148.4725328 150.7564854 
8.65158716 9.978301304 10.66453096 11.20052352 11.73651608 12.27250864 12.8085012 13.53367159 14.33991821 15.14616482 15.95241143 16.75865804 18.33917166 20.50148912 22.78155238 25.25766727 27.73378216 30.20989704 32.68601193 35.31601794 39.33104401 41.67176269 43.84689053 46.02201836 48.1971462 50.37227404 53.1002643 55.96647018 58.57950522 60.12273759 62.31748982 64.51224205 55.80738612 62.67458829 69.8198861 76.31254292 80.83622578 85.11428353 89.42656844 93.86572153 97.31086714 100.7560127 104.2011584 107.646304 111.0914496 113.7944744 116.4150413 119.0356082 121.6561752 124.2767421 127.7196351 130.0590802 131.5171647 132.9752492 134.4333336 135.8914181 138.4575415 142.097407 145.4229791 147.7069317 149.9908843 152.274837 154.5587896 156.8427422 
10.29580608 11.62252022 12.69620346 13.23219602 13.76818858 14.30418114 14.84017369 15.56534409 16.3715907 17.17783732 17.98408393 18.8953159 21.01387947 23.17619693 25.40414521 27.81077344 30.28688833 32.76300321 35.2391181 37.86912411 41.88415018 45.126419 47.30154683 49.47667467 51.65180251 53.82693034 56.55492061 59.42112648 61.78099071 63.27570697 65.30285812 67.49761035 59.13941933 65.83167117 72.97696898 79.46962579 84.23893378 88.51699153 92.82927644 97.27847 101.2055586 104.6507042 108.0958498 111.5409955 114.9861411 117.6891659 120.3097328 122.9302997 125.5508667 128.462891 132.124377 134.4638221 135.9219066 137.379991 138.8380755 140.2961599 143.9703224 147.6101878 151.0644995 153.7931885 156.0771411 158.3610937 160.6450464 162.928999 
11.940025 13.26673914 14.59345329 15.26386852 15.79986107 16.33585363 16.87184619 17.59701659 18.4032632 19.20950981 20.01575642 21.57002371 23.68858728 25.85090474 28.07885301 30.36387961 32.8399945 35.31610938 37.79222427 40.42223028 44.43725635 48.45228243 50.75620314 52.93133098 55.10645881 57.28158665 60.00957692 62.87578279 64.98247619 66.47719246 68.28822641 70.48297864 62.47145254 68.98875404 76.13405186 82.62670867 87.64164177 91.91969952 96.23198444 100.681178 105.1002501 108.5453957 111.9905413 115.4356869 118.8808326 121.5838574 124.2044243 126.8249912 129.4455582 132.8676328 136.5291189 138.868564 140.3266484 141.7847329 143.2428173 145.7637147 149.4831032 153.1229686 156.5772803 159.8794453 162.1633979 164.4473505 166.7313031 169.0152557 
13.58424392 14.91095806 16.23767221 17.29554101 17.83153357 18.36752613 18.90351869 19.62868908 20.4349357 21.24118231 22.12616794 24.24473151 26.36329509 28.52561254 30.75356082 32.9815091 35.39310067 37.86921555 40.34533044 42.97533645 46.99036252 51.0053886 54.21085945 56.38598729 58.56111512 60.73624296 63.46423323 66.3304391 68.18396168 69.67867794 71.27359471 73.46834694 65.80348575 72.15535803 79.29113473 85.78379155 91.04434977 95.32240752 99.63469243 104.083886 108.5330796 112.4400872 115.8852328 119.3303784 122.7755241 125.4785489 128.0991158 130.7196827 133.6108886 137.2723747 140.9338607 143.2733058 144.7313903 146.1894748 147.6475592 151.2764955 154.995884 158.6357495 162.0900611 165.5443728 168.2496547 170.5336073 172.8175599 175.1015125 
15.22846284 16.55517698 17.88189113 19.20860527 19.86320607 20.39919863 20.93519118 21.66036158 22.46660819 23.2728548 24.80087575 26.91943932 29.0380029 31.20032035 33.42826863 35.65621691 37.94620684 40.42232172 42.89843661 45.52844262 49.54346869 53.55849477 57.57352085 59.84064359 62.01577143 64.19089927 66.91888953 69.55259159 71.38544716 72.88016342 74.258963 76.45371523 69.13551896 75.48739124 82.44821761 88.94087443 94.22148368 98.72511552 103.0374004 107.486594 111.9357876 116.3347787 119.7799243 123.2250699 126.6702155 129.3732403 131.9938073 134.6143742 138.0156305 141.6771165 145.3386026 147.6780477 149.1361322 150.5942166 153.0698879 156.7892764 160.5086649 164.1485303 167.602842 171.0571536 174.3359114 176.6198641 178.9038167 181.1877693 
16.87268176 18.1993959 19.52611005 20.85282419 21.89487856 22.43087112 22.96686368 23.69203408 24.49828069 25.35701998 27.47558356 29.59414713 31.71271071 33.87502816 36.10297644 38.33092472 40.55887299 42.97542789 45.45154278 48.08154879 52.09657486 56.11160094 60.12662702 63.2952999 65.47042774 67.64555557 70.37354584 72.75407707 74.58693264 76.08164891 77.39429016 79.43908352 72.46755216 78.81942444 85.60530049 92.09795731 97.37856656 102.1278235 106.4401084 110.889302 115.3384956 119.7876891 123.6746158 127.1197614 130.564907 133.2679318 135.8884988 138.7588863 142.4203724 146.0818584 149.7433445 152.0827896 153.540874 154.9989585 158.5826687 162.3020572 166.0214457 169.6613112 173.1156228 176.5699345 180.0242461 182.7061208 184.9900734 187.2740261 
18.51690068 19.84361482 21.17032896 22.49704311 23.82375725 24.46254362 24.99853618 25.72370657 26.52995319 28.03172779 30.15029136 32.26885494 34.38741851 36.54973597 38.77768425 41.00563252 43.2335808 45.52853406 48.00464895 50.63465496 54.64968103 58.66470711 62.67973319 66.69475926 68.92508405 71.10021188 73.82820215 75.95556256 77.78841813 79.28313439 80.59577564 82.42445182 75.79958537 82.15145765 88.76238337 95.25504018 100.5356494 105.5305315 109.8428164 114.29201 118.7412035 123.1903971 127.5693073 131.0144529 134.4595985 137.1626233 139.7831903 143.1636282 146.8251142 150.4866003 154.1480863 156.4875314 157.9456159 160.3760611 164.0954496 167.8148381 171.5342266 175.174092 178.6284037 182.0827153 185.537027 188.7923776 191.0763302 193.3602828 
20.1611196 21.48783374 22.81454788 24.14126203 25.46797617 26.49421612 27.03020867 27.75537907 28.58787202 30.7064356 32.82499917 34.94356275 37.06212632 39.22444378 41.45239206 43.68034033 45.90828861 48.13623689 50.55775512 53.18776113 57.2027872 61.21781328 65.23283936 69.24786543 72.37974035 74.55486819 77.28285846 79.15704804 80.98990361 82.48461988 83.79726113 85.40982011 79.13161858 85.48349086 91.91946625 98.41212306 103.6927323 108.9332395 113.2455244 117.694718 122.1439115 126.5931051 131.0422987 134.9091444 138.35429 141.0573148 143.906884 147.56837 151.2298561 154.8913421 158.5528282 160.8922733 162.3503577 165.8888419 169.6082304 173.3276189 177.0470074 180.6868728 184.1411845 187.5954962 191.0498078 194.5041195 197.162587 199.4465396 
21.80533851 23.13205266 24.4587668 25.78548095 27.11219509 28.43890924 29.06188117 29.78705157 31.26257983 33.38114341 35.49970698 37.61827056 39.73683413 41.89915159 44.12709986 46.35504814 48.58299642 50.8109447 53.11086129 55.7408673 59.75589337 63.77091945 67.78594553 71.8009716 75.81599768 78.0095245 80.52567795 82.35853352 84.19138909 85.68610536 86.99874661 88.39518841 82.46365179 88.81552407 95.16739635 101.5692059 106.8498152 112.1304244 116.6482324 121.097426 125.5466195 129.9958131 134.4450067 138.8038359 142.2489815 144.9520063 148.3116258 151.9731119 155.6345979 159.296084 162.9575701 165.2970152 167.6822343 171.4016228 175.1210113 178.8403998 182.5597882 186.1996537 189.6539654 193.108277 196.5625887 200.0169003 203.2488438 205.5327964 
23.44955743 24.77627158 26.10298572 27.42969987 28.75641401 30.08312816 31.09355367 31.81872406 33.93728764 36.05585121 38.17441479 40.29297836 42.41154194 44.57385939 46.80180767 49.02975595 51.25770423 53.4856525 55.71360078 58.29397347 62.30899954 66.32402562 70.3390517 74.35407777 78.36910385 81.46418081 83.72716344 85.56001901 87.39287458 88.88759084 90.2002321 91.51287335 85.795685 92.14755728 98.49942956 104.7262888 110.0068981 115.2875073 120.0509404 124.500134 128.9493275 133.3985211 137.8477147 142.2969082 146.143673 149.0548816 152.7163677 156.3778538 160.0393398 163.7008259 167.3623119 169.701757 173.1950151 176.9144036 180.6337921 184.3531806 188.0725691 191.7124345 195.1667462 198.6210579 202.0753695 205.5296812 208.9839928 211.6190532 
25.09377635 26.4204905 27.74720464 29.07391879 30.40063293 31.72734708 33.05406122 34.49343187 36.61199545 38.73055902 40.8491226 42.96768617 45.08624975 47.2485672 49.47651548 51.70446376 53.93241204 56.16036031 58.38830859 60.84707964 64.86210571 68.87713179 72.89215787 76.90718394 80.92221002 84.91883711 86.92864892 88.76150449 90.59436006 92.08907633 93.40171758 94.71435883 89.1277182 95.47959048 101.8314628 107.8833717 113.1639809 118.4445902 123.4536484 127.902842 132.3520355 136.8012291 141.2504227 145.6996162 150.0383645 153.4596235 157.1211096 160.7825956 164.4440817 168.1055677 171.7670538 174.9884075 178.707796 182.4271844 186.1465729 189.8659614 193.5853499 197.2252154 200.679527 204.1338387 207.5881504 211.042462 214.4967737 217.7053099 
27.15692438 28.48363853 29.81035267 31.13706682 32.46378096 33.7904951 35.17309669 36.74145081 38.86001438 40.97857796 43.09714153 45.21570511 47.33426868 49.49658614 51.72453442 53.95248269 56.18043097 58.40837925 60.63632753 63.30393787 67.31896395 71.33399002 75.3490161 79.36404218 83.37906825 86.9946567 88.96803617 90.80089174 92.63374732 94.12846358 95.44110483 96.75374609 92.26408194 98.61595422 104.9678265 110.1069765 115.3875858 120.668195 125.6859566 130.1351502 134.5843438 139.0335373 143.4827309 147.9319245 152.4735932 156.5959514 160.2574375 163.9189235 167.5804096 171.2418957 174.9033817 178.7153633 182.4347518 186.1541403 189.8735288 193.5929173 197.3123058 200.9521712 204.4064829 207.8607946 211.3151062 214.7694179 218.2237295 221.8358797 
29.53426924 30.86098339 32.18769753 33.51441168 34.84112582 36.21942838 37.76109423 39.23516331 40.78801666 42.90658024 45.02514381 47.14370739 49.26227096 51.42458842 53.6525367 55.88048497 58.10843325 60.33638153 62.86256328 65.68861015 69.70363623 73.71866231 77.73368838 81.74871446 85.38649389 88.291971 90.13584975 91.96870532 93.8015609 95.29627716 96.60891841 97.89815586 95.25369357 101.6055659 107.8144836 111.6304728 116.9110821 122.1916913 127.0404651 131.4896586 135.9388522 140.3880458 144.8372393 149.3748874 154.025114 158.3672568 162.442455 166.103941 169.7654271 173.4269131 177.0883992 180.9086489 184.8223389 188.5417274 192.2611159 195.9805044 199.6998929 203.3397583 206.79407 210.2483817 213.7026933 217.157005 220.7635181 224.4996842 
31.9116141 33.23832825 34.56504239 35.89175654 37.26576006 38.80742591 40.34909177 41.82316084 43.26825987 44.83458252 46.95314609 49.07170967 51.19027324 53.3525907 55.58053898 57.80848725 60.03643553 62.55329748 65.24723556 68.07328244 72.08830851 76.10333459 80.11836067 83.77833107 86.68380819 89.5892853 91.42523544 93.1365189 94.96937448 96.46409074 97.77673199 99.02349587 98.2433052 104.5951775 109.3379799 113.1539691 118.4345783 123.5565459 128.3949735 132.844167 137.2933606 141.7425542 146.2761816 150.9264082 155.5766347 159.9187775 164.2266888 168.2889585 171.9504445 175.6119306 179.2734167 183.0936664 187.0197586 190.9293145 194.648703 198.3680915 202.08748 205.7273455 209.1816571 212.6359688 216.0902804 219.6911564 223.4273225 227.1634887 
34.28895896 35.61567311 36.94238725 38.31209174 39.85375759 41.39542345 42.9370893 44.41115838 45.85625741 47.30135644 48.88114837 50.99971195 53.11827552 55.28059298 57.50854126 59.73648954 62.24403169 64.93796977 67.63190784 70.45795472 74.4729808 78.48800687 82.17016826 85.07564537 87.98112249 90.8865996 92.72254973 94.30433248 96.13718806 97.63190432 98.92287538 100.1488359 101.2329168 107.5847891 110.8614761 114.6774654 119.9580746 124.9110543 129.7494819 134.1986755 138.647869 143.1774758 147.8277024 152.4779289 157.1281555 161.4702983 165.7782096 170.0861208 174.135462 177.7969481 181.4584341 185.2786839 189.2047761 193.1308683 197.0362901 200.7556786 204.4750671 208.1149326 211.5692442 215.0235559 218.6187948 222.3549609 226.091127 229.8272932 
36.66630382 37.99301797 39.35842342 40.90008927 42.44175513 43.98342099 45.52508684 46.99915592 48.44425495 49.88935397 51.334453 52.92771423 55.04627781 57.20859526 59.43654354 61.9347659 64.62870397 67.32264205 70.01658013 72.842627 76.85765308 80.56200545 83.46748256 86.37295967 89.27843679 92.1839139 94.01986403 95.58843242 97.30500164 98.7997179 100.0482154 101.2741759 104.2225285 109.3576247 112.3849724 116.2009617 121.3298267 126.2655628 131.1039903 135.5531839 140.07877 144.7289966 149.3792231 154.0294497 158.6796763 163.0218191 167.3297303 171.6376416 175.9455529 179.9819655 183.6434516 187.4637013 191.3897936 195.3158858 199.241978 203.1432658 206.8626542 210.5025197 213.9568314 217.5464332 221.2825993 225.0187654 228.7549315 232.4910976 
39.04364868 40.4047551 41.94642095 43.48808681 45.02975267 46.57141852 48.11308438 49.58715345 51.03225248 52.47735151 53.92245054 55.36754957 56.97428009 59.13659754 61.62550011 64.31943818 67.01337626 69.70731433 72.40125241 75.22729929 78.95384263 81.85931974 84.76479686 87.67027397 90.57575108 93.4812282 95.31717833 96.88574672 98.47281522 99.94759491 101.1735554 102.3995159 107.2121401 110.881121 113.9084687 117.7244579 122.6843351 127.6200712 132.4584987 136.9800642 141.6302908 146.2805173 150.9307439 155.5809705 160.231197 164.5733398 168.8812511 173.1891624 177.4970736 181.8049849 185.8284691 189.6487188 193.574811 197.5009032 201.4269955 205.3530877 209.2502414 212.8901068 216.4740715 220.2102376 223.9464038 227.6825699 231.418736 235.1549021 
40.87152339 42.41318924 43.9548551 45.49652095 47.03818681 48.57985266 50.12151852 51.78428329 53.22938232 54.67448135 56.11958038 57.56467941 59.00977843 60.81206183 63.5059999 66.19993798 68.89387606 71.58781413 74.28175221 76.90546955 79.77439681 82.67987392 85.58535103 88.49082815 91.39630526 94.30178237 96.13773251 97.7063009 99.27486929 100.9139979 102.1399584 103.3659189 109.1299884 112.1573361 115.1846838 118.8973585 123.8330945 128.7688306 133.8668079 138.5170345 143.167261 147.8174876 152.4677142 157.1179407 161.7681673 166.1103101 170.4182214 174.7261326 179.0340439 183.3419552 187.6498664 191.6856309 195.6117231 199.5378153 203.4639075 207.3899997 211.3160919 215.2229658 218.9591319 222.695298 226.4314642 230.1676303 233.9037964 237.6399625 
39.40257715 40.94424301 42.48590887 44.02757472 45.56924058 47.11090643 48.69196179 51.09029496 53.08130597 54.526405 55.97150403 57.41660306 58.86170208 60.39961887 62.36146479 65.05540286 67.74934094 70.44327901 73.13721709 75.76093443 77.75266518 80.63986737 83.54534448 86.45082159 89.35629871 92.26177582 94.09772595 95.66629434 97.61926467 100.9267785 102.152739 103.3786995 108.9225163 111.949864 114.9772117 118.8116237 123.7473597 128.6830958 134.7445204 139.9667017 144.6169283 149.2671549 153.9173815 158.567608 163.2178346 167.5599774 171.8678887 176.1757999 180.4837112 184.7916224 188.878106 192.8339105 196.7600027 200.6860949 204.6121872 208.5382794 212.6650929 216.8062836 220.3717277 224.1078938 227.84406 231.5802261 235.3163922 239.0525583 
37.93363092 39.47529678 41.01696264 42.55862849 44.10029435 45.68038898 47.27009081 49.66842399 52.41331345 54.37832865 55.82342768 57.26852671 58.71362573 60.25154252 61.92868593 63.91086774 66.60480582 69.2987439 71.99268197 74.61639931 76.60813006 78.59986081 81.50533792 84.41081504 87.31629215 90.22176926 92.0577194 93.62628779 96.47619596 99.99600869 102.1655197 103.3914802 108.7150442 111.7423918 114.8511738 118.7258889 123.661625 129.0698844 135.5849314 140.856848 146.0665956 150.7168222 155.3670487 160.0172753 164.6675019 169.0096447 173.3175559 177.6254672 181.9333785 186.0260128 190.0263857 193.9821901 197.9082824 201.8343746 205.7604668 209.8777222 214.2817224 218.4229131 221.9508816 225.5204897 229.2566558 232.9928219 236.728988 240.4651541 
36.46468469 38.00635055 39.54801641 41.08968226 42.66881618 44.25851801 45.84821984 48.24655301 50.99144247 53.73633193 55.67535133 57.12045036 58.56554938 60.10346617 61.78060958 63.457753 65.4602707 68.15420878 70.84814685 73.4718642 75.46359494 77.45532569 79.46533137 82.37080848 85.27628559 88.18176271 90.01771284 91.93407346 95.33312725 98.85293999 102.1783004 103.4042609 108.507572 111.5349197 114.765439 118.6401541 123.5758902 129.9102955 136.4253425 141.6972591 146.9691757 152.1664895 156.816716 161.4669426 166.1171692 170.459312 174.7672232 179.0751345 183.1739196 187.1742925 191.1746653 195.1304698 199.056562 202.9826542 207.0903515 211.4943517 215.8983519 220.0395426 223.5675111 227.0954796 230.6692516 234.4054177 238.1415838 241.87775 
34.99573846 36.53740432 38.07907018 39.65724337 41.2469452 42.83664703 44.42634887 46.82468204 49.5695715 52.31446096 55.05935042 56.97237401 58.41747303 59.95538982 61.63253323 63.30967665 64.98682006 67.00967366 69.70361174 72.32732908 74.31905983 76.31079057 78.30252132 80.33080193 83.23627904 86.14175615 87.97770629 90.79100475 94.19005854 97.70987128 101.2947081 103.4170415 108.3000999 111.3763082 114.6797043 118.5544194 123.924877 130.7507066 137.2657536 142.5376702 147.8095868 153.0815033 158.2663833 162.9166099 167.5668365 171.9089793 176.2168905 180.3218264 184.3221993 188.3225721 192.3229449 196.2787494 200.2048416 204.3029807 208.7069809 213.1109811 217.5149814 221.6561721 225.1841406 228.7121091 232.2400776 235.8180135 239.5541796 243.2903458 
33.52679223 35.06845809 36.64567057 38.2353724 39.82507423 41.41477606 43.00447789 45.40281106 48.14770052 50.89258999 53.63747945 56.38236891 58.26939668 59.80731347 61.48445688 63.1616003 64.83874371 66.51588713 68.55907662 71.18279396 73.17452471 75.16625546 77.15798621 79.14971695 81.19627248 84.1017496 86.24888225 89.64793604 93.04698984 96.56680257 100.1516393 103.4298222 108.0926278 111.2905734 114.5939695 118.4686846 124.765288 131.5911177 138.1061647 143.3780813 148.6499978 153.9219144 159.193831 164.3662772 169.0165037 173.3586465 177.4697332 181.4701061 185.4704789 189.4708517 193.4712246 197.427029 201.51561 205.9196102 210.3236104 214.7276106 219.1316108 223.2728015 226.80077 230.3287385 233.8567071 237.3846756 240.9667755 244.7029416 
32.057846 33.63409776 35.22379959 36.81350142 38.40320325 39.99290509 41.58260692 43.98094009 46.72582955 49.47071901 52.21560847 54.96049793 57.7053874 59.65923712 61.33638053 63.01352395 64.69066736 66.36781078 68.04495419 70.03825884 72.02998959 74.02172034 76.01345109 78.00518184 79.99691258 82.06174304 85.10581354 88.50486733 91.90392113 95.42373386 99.00857064 102.5934074 107.9014425 111.2048386 114.5082347 118.7798695 125.6056991 132.4315287 138.9465758 144.2184923 149.4904089 154.7623255 160.0342421 165.3061587 170.466171 174.61764 178.6180128 182.6183857 186.6187585 190.6191314 194.6195042 198.7282392 203.1322394 207.5362397 211.9402399 216.3442401 220.7482403 224.889431 228.4173995 231.945368 235.4733365 239.001305 242.5292735 246.1155374 
31.82246022 33.41618966 35.00589149 36.59559332 38.18529515 39.77499698 41.36469881 43.66587637 46.41076583 49.15565529 51.90054475 54.64543421 57.39032367 59.70811472 61.38525813 63.06240155 64.73954496 66.41668838 68.09383179 70.34703088 72.33876162 74.33049237 76.32222312 78.31395387 80.30568462 82.14642488 85.07002544 88.46907923 91.86813302 95.38794576 98.97278253 102.5576193 107.9073023 111.2106984 114.5140946 119.0654741 125.8913037 132.7171334 139.2321804 144.504097 149.7760136 155.0479301 160.3198467 165.5917633 170.6863813 175.1273792 179.127752 183.1281249 187.1284977 191.1288706 195.1292434 199.322345 203.7263452 208.1303454 212.5343456 216.9383458 221.342346 225.4835367 229.0115052 232.5394738 236.0674423 239.5954108 243.1233793 246.8881939 
32.08049861 33.6798667 35.26956853 36.85927036 38.44897219 40.03867402 41.62837585 43.83239779 46.53842501 49.28331447 52.02820393 54.77309339 57.51798285 59.8357739 61.51291731 63.19006073 64.86720414 66.54434756 68.22149097 71.23712577 73.22885652 75.22058726 77.21231801 79.20404876 81.19577951 82.5432842 85.47714958 88.87620337 92.27525716 95.79506989 99.37990667 102.9647434 108.0898078 111.2531961 114.5565922 119.1231035 125.9549858 132.7808154 139.2958625 144.567779 149.8396956 155.1116122 160.3835288 165.6554453 170.4025583 175.3817022 179.382075 183.3824479 187.3828207 191.3831936 195.3835664 199.5413482 203.9114414 208.3154416 212.7194419 217.1234421 221.5274423 225.668633 229.1966015 232.72457 236.2525385 239.780507 243.3084755 247.4048747 
32.33853699 33.93974628 35.53324557 37.1229474 38.71264923 40.30235106 41.89205289 44.09607483 46.66608419 49.41097365 52.15586311 54.90075257 57.64564203 59.96343308 61.64057649 63.31771991 64.99486332 66.67200674 69.01822639 72.12722066 74.11895141 76.11068216 78.10241291 80.09414365 81.95501598 82.94014351 85.88427371 89.28332751 92.6823813 96.20219403 99.78703081 103.2534063 108.2922626 111.2956938 114.5990899 119.1656012 126.0186678 132.8444975 139.3595445 144.6314611 149.9033777 155.1752942 160.4472108 165.5560127 170.1187352 175.1637746 179.6363981 183.6367709 187.6371437 191.6375166 195.6378894 199.7956712 204.0965377 208.5005379 212.9045381 217.3085383 221.7125385 225.8537292 229.3816977 232.9096662 236.4376348 239.9656033 243.7168838 247.9215556 
32.59657538 34.19778467 35.79692261 37.38662444 38.97632627 40.5660281 42.15572993 44.35975188 46.82705387 49.53863283 52.28352229 55.02841175 57.77330121 60.09109226 61.76823567 63.44537909 65.1225225 66.79966592 69.90832128 73.01731555 75.0090463 77.00077705 78.9925078 80.98423855 82.3518753 83.33700283 86.28678915 89.69045164 93.08950544 96.60931817 100.1941549 103.4846333 108.4947174 111.3381915 114.6415876 119.2080988 126.0823499 132.9081795 139.4232266 144.6951431 149.9670597 155.2389763 160.5108929 165.2721897 169.8349121 174.8799515 179.8907211 183.8910939 187.8914667 191.8918396 195.8922124 200.0499942 204.3127153 208.6856341 213.0896343 217.4936346 221.8976348 226.0388255 229.566794 233.0947625 236.622731 240.1506995 244.2335647 248.4382364 
32.85461377 34.45582306 36.05703234 37.65030148 39.24000331 40.82970514 42.41940697 44.62342892 47.09073091 49.66629201 52.41118147 55.15607093 57.90096039 60.21875144 61.89589485 63.57303827 65.25018168 67.56528151 70.79841617 73.90741045 75.89914119 77.89087194 79.88260269 81.76360708 82.74873461 83.73386214 86.68364847 90.09757578 93.49662957 97.01644231 100.6012791 103.7158603 108.6971722 111.3806891 114.6840853 119.2505965 126.1460319 132.9718616 139.4869086 144.7588252 150.0307418 155.3026583 160.4256441 164.9883666 169.551089 174.5961284 179.6947586 184.1454169 188.1457898 192.1461626 196.1465354 200.3043172 204.5670383 208.8707304 213.2747306 217.6787308 222.082731 226.2239217 229.7518902 233.2798587 236.8078272 240.5455738 244.7502455 248.9549172 
33.11265216 34.71386145 36.31507073 37.91397852 39.50368035 41.09338218 42.68308402 44.88710596 47.35440795 49.82170994 52.53884065 55.28373011 58.02861957 60.34641062 62.02355403 63.70069745 65.37784086 68.4553764 71.68851107 74.79750534 76.78923609 78.78096683 80.77269758 82.1604664 83.14559393 84.13072146 87.08050778 90.50469992 93.90375371 97.42356644 101.0084032 103.9470873 108.899627 111.477594 114.7265829 119.2930942 126.2053907 133.0355436 139.5505907 144.8225072 150.0944238 155.3663404 160.1418211 164.7045435 169.267266 174.3123053 179.4109355 184.3997399 188.4001128 192.4004856 196.4008584 200.5586402 204.8213613 209.0840824 213.4598268 217.863827 222.2678273 226.409018 229.9369865 233.464955 236.9929235 241.0622546 245.2669263 249.471598 
33.37069055 34.97189984 36.57310912 38.1743184 39.76735739 41.35705923 42.94676106 45.150783 47.61808499 50.08538698 52.66649983 55.41138929 58.15627875 60.4740698 62.15121321 63.82835663 66.11233663 69.34547129 72.57860596 75.68760023 77.67933098 79.67106173 81.57219819 82.55732571 83.54245324 84.52758077 87.4773671 90.91182406 94.31087785 97.83069058 101.311425 104.1783143 109.1020818 111.6800488 114.7690806 119.3355919 126.2478883 133.0992257 139.6142727 144.8861893 150.1581059 155.2952755 159.857998 164.4207204 168.9834429 174.0284823 179.1271124 184.2257426 188.6544358 192.6548086 196.6551814 200.8129632 205.0756843 209.3384054 213.6449231 218.0489233 222.4529235 226.5941142 230.1220827 233.6500512 237.3742637 241.5789354 245.7836071 249.9882789 
33.62872894 35.22993822 36.83114751 38.43235679 40.03103444 41.62073627 43.2104381 45.41446004 47.88176203 50.34906402 52.81636601 55.53904847 58.28393793 60.60172898 62.27887239 63.95601581 67.00243152 70.23556619 73.46870085 76.57769512 78.56942587 80.56115662 81.9690575 82.95418503 83.93931256 84.92444009 87.87422641 91.31517744 94.71800199 98.23781472 101.542652 104.4095413 109.3045366 111.8825036 114.8115783 119.3780895 126.290386 133.1629077 139.6779547 144.9498713 150.2217879 155.0114525 159.5741749 164.1368974 168.6996198 173.7446592 178.8432893 183.9419195 188.9087588 192.9091316 196.9095045 201.0672863 205.3300074 209.5927285 213.8554496 218.2340195 222.6380197 226.7792104 230.307179 233.8351475 237.8909445 242.0956162 246.300288 250.5049597 
33.88676733 35.48797661 37.0891859 38.69039518 40.29160446 41.88441331 43.47411514 45.67813708 48.14543907 50.61274106 53.08004305 55.66670765 58.41159711 60.72938816 62.40653157 64.65939175 67.89252641 71.12566108 74.35879574 77.46779002 79.45952076 81.38078929 82.36591682 83.35104434 84.33617187 85.3212994 88.27108573 91.71203676 95.12512612 98.64493886 101.773879 104.6407683 109.5069914 112.0849584 114.854076 119.4205872 126.3328837 133.2265898 139.7416368 145.0135534 150.164907 154.7276294 159.2903518 163.8530743 168.4157967 173.4608361 178.5594663 183.6580964 188.7567266 193.1634546 197.1638275 201.3216093 205.5843304 209.8470515 214.1097726 218.4191158 222.823116 226.9643067 230.4922752 234.2029536 238.4076253 242.6122971 246.8169688 251.0216405 
34.14480572 35.746015 37.34722429 38.94843357 40.54964285 42.14809035 43.73779218 45.94181412 48.40911611 50.8764181 53.34372009 55.81102208 58.53925629 60.85704734 62.53419075 65.54948664 68.78262131 72.01575597 75.24889064 78.35788491 80.34961566 81.7776486 82.76277613 83.74790366 84.73303119 85.71815872 88.66794504 92.10889607 95.53225026 99.05206299 102.005106 104.8719953 109.7094462 112.2874132 114.8965736 119.4630849 126.3753814 133.2876778 139.8053188 145.0772354 149.8810839 154.4438063 159.0065288 163.5692512 168.1319737 173.177013 178.2756432 183.3742733 188.4729035 193.4177776 197.4181505 201.5759323 205.8386534 210.1013745 214.3640956 218.6268167 223.0082122 227.1494029 230.6773714 234.7196344 238.9243061 243.1289779 247.3336496 251.5383214 
34.40284411 36.00405339 37.60526268 39.20647196 40.80768124 42.40889053 44.00146922 46.20549116 48.67279315 51.14009514 53.60739713 56.07469912 58.66691547 60.98470652 63.20644687 66.43958153 69.6727162 72.90585086 76.13898553 79.2479798 81.18938039 82.17450792 83.15963545 84.14476297 85.1298905 86.11501803 89.06480436 92.50575539 95.9393744 99.3694437 102.236333 105.1032223 109.911901 112.489868 115.067835 119.5055826 126.417879 133.3301755 139.8690009 145.0345384 149.5972608 154.1599832 158.7227057 163.2854281 167.8481506 172.89319 177.9918201 183.0904503 188.1890804 193.2877106 197.6724735 201.8302553 206.0929764 210.3556975 214.6184186 218.8811397 223.1933085 227.3344992 231.0316435 235.2363152 239.440987 243.6456587 247.8503304 252.0550022 
34.6608825 36.26209178 37.86330107 39.46451035 41.06571963 42.66692892 44.26514626 46.4691682 48.93647019 51.40377218 53.87107417 56.33837616 58.80567815 61.1123657 64.09654176 67.32967643 70.56281109 73.79594576 77.02908042 80.13807469 81.5862397 82.57136723 83.55649476 84.54162229 85.52674982 86.51187735 89.46166367 92.9026147 96.34356573 99.6006707 102.46756 105.3344493 110.1143558 112.6923228 115.2702898 119.5480802 126.4603767 133.3726732 139.9326829 144.7507153 149.3134377 153.8761602 158.4388826 163.0016051 167.5643275 172.6093669 177.707997 182.8066272 187.9052574 193.0038875 197.9267965 202.0845783 206.3472994 210.6100205 214.8727416 219.1354627 223.3981838 227.5195954 231.5483243 235.7529961 239.9576678 244.1623395 248.3670113 252.571683 
34.91892089 36.52013017 38.12133945 39.72254874 41.32375802 42.92496731 44.52617659 46.73284525 49.20014723 51.66744922 54.13475121 56.6020532 59.06935519 61.75350199 64.98663665 68.21977132 71.45290598 74.68604065 77.91917531 80.99797149 81.98309902 82.96822655 83.95335408 84.9384816 85.92360913 86.90873666 89.85852299 93.29947402 96.74042504 99.83189771 102.698787 105.5656763 110.3168106 112.8947776 115.4727446 119.5905779 126.5028744 133.4151708 139.9041698 144.4668922 149.0296147 153.5923371 158.1550595 162.717782 167.2805044 172.3255438 177.424174 182.5228041 187.6214343 192.7200644 197.8186946 202.3389013 206.6016224 210.8643435 215.1270646 219.3897857 223.6525068 227.8603334 232.0650051 236.2696769 240.4743486 244.6790204 248.8836921 253.0883638 
34.80733506 36.53861163 38.13982092 39.7410302 41.34223948 42.94344877 44.54465805 46.75213223 49.21943422 51.68673621 54.1540382 56.62134019 59.08864218 61.53116997 64.74237565 67.97551032 71.20864498 74.44177965 77.67491431 80.68324826 81.66837579 82.65350332 83.63863085 84.62375838 85.60888591 86.75628868 89.83238497 93.273336 96.71428703 99.78209793 102.6489872 105.5158765 110.2724341 112.8504011 115.4283681 119.5257717 126.4380682 133.3503646 139.9275931 144.5667663 149.1294888 153.6922112 158.2549337 162.8176561 167.3803786 172.4254179 177.5240481 182.6226783 187.7213084 192.8199386 197.9138024 202.4333315 206.6960526 210.9587738 215.2214949 219.484216 223.7469371 227.9922433 232.1969151 236.4015868 240.6062586 244.8109303 249.015602 253.2234092 
34.63414519 36.51716694 38.11837622 39.71958551 41.32079479 42.92200407 44.52321336 46.73068754 49.19798952 51.66529151 54.1325935 56.59989549 59.14652239 61.63510982 64.30905534 67.54219 70.77532467 74.00845933 77.241594 80.24992795 81.23505548 82.220183 83.20531053 84.19043806 85.17556559 86.68439958 89.7357474 93.17669843 96.61764945 99.68546036 102.5523497 105.419239 110.1869191 112.7648861 115.3428531 119.4430815 126.355378 133.2676744 139.9211401 144.73059 149.2933124 153.8560349 158.4187573 162.9814798 167.5442022 172.5892416 177.6878718 182.7865019 187.8851321 192.9837622 197.9608506 202.487996 206.7638341 211.0265552 215.2892763 219.5519974 223.8147185 228.0600248 232.2646965 236.4693683 240.67404 244.8787117 249.0833835 253.2948486 
34.46095532 36.37184863 38.09693153 39.69814081 41.2993501 42.90055938 44.50176866 46.70924284 49.17654483 51.64384682 54.11114881 56.5784508 59.25046224 61.73904966 63.87573502 67.10886968 70.34200435 73.57513901 76.80827368 79.81660763 80.80173516 81.78686269 82.77199022 83.75711774 84.88976822 86.61251049 89.63910983 93.08006085 96.52101188 99.58882279 102.4557121 105.3289889 110.1014041 112.6793711 115.2573381 119.3603913 126.2726878 133.1849842 139.914687 144.824913 149.4571361 154.0198586 158.582581 163.1453034 167.7080259 172.7530653 177.8516954 182.9503256 188.0489557 193.1475859 198.0078988 202.5350442 206.8316156 211.0943367 215.3570578 219.6197789 223.8825 228.1278063 232.332478 236.5371497 240.7418215 244.9464932 249.154151 253.366288 
34.28776546 36.19865877 38.07548684 39.67669612 41.2779054 42.87911469 44.48032397 46.68779815 49.15510014 51.62240213 54.08970412 56.63121328 59.35440208 61.8429895 63.97967486 66.67554937 69.90868403 73.1418187 76.37495336 79.38328731 80.36841484 81.35354237 82.3386699 83.32379743 84.81787913 86.5406214 89.55711931 92.98342328 96.42437431 99.49218521 102.3590745 105.2401761 110.0158891 112.5938561 115.1743917 119.2777011 126.1899976 133.147414 139.908234 144.8184599 149.6209598 154.1836822 158.7464047 163.3091271 167.8718496 172.9168889 178.0155191 183.1141493 188.2127794 193.1946341 198.054947 202.5820924 206.8871263 211.1621181 215.4248392 219.6875603 223.9502814 228.1955877 232.4002594 236.6049312 240.8096029 245.0142747 249.2255904 253.4377274 
34.11457559 36.0254689 37.93636221 39.65525143 41.25646071 42.85766999 44.45887928 46.66635346 49.13365545 51.60095744 54.06825943 56.73515312 59.45834192 61.94692934 64.0836147 66.24222905 69.47536371 72.70849838 75.94163304 78.949967 79.93509452 80.92022205 81.90534958 83.02324776 84.74599003 86.4687323 89.48523022 92.88678571 96.32773673 99.39554764 102.2624369 105.1513633 109.9303741 112.5083411 115.0917015 119.1950109 126.1073074 133.1409609 139.9017809 144.8120069 149.7222328 154.3475059 158.9102283 163.4729508 168.0356732 173.0807126 178.1793428 183.2779729 188.3766031 193.2416823 198.1019951 202.6291406 206.9341745 211.2298996 215.4926207 219.7553418 224.0180629 228.2633692 232.4680409 236.6727126 240.8773844 245.0848929 249.2970299 253.5091668 
33.94138572 35.85227903 37.76317235 39.63380673 41.23501602 42.8362253 44.43743458 46.64490876 49.11221075 51.57951274 54.11590417 56.83909297 59.56228176 62.05086918 64.18755454 66.32423991 69.0420434 72.27517806 75.50831273 78.51664668 79.50177421 80.48690174 81.47202926 82.95135867 84.67410094 86.39684321 89.41334112 92.79014813 96.23109916 99.29891007 102.1657994 105.0625505 109.8448591 112.422826 115.0090113 119.1123207 126.0246172 133.1345079 139.8953278 144.8055538 149.7157798 154.5113296 159.074052 163.6367744 168.1994969 173.2445363 178.3431664 183.4417966 188.4284176 193.2887305 198.1490433 202.6761888 206.9812227 211.2862566 215.5604021 219.8231232 224.0858443 228.3311506 232.5358224 236.7404941 240.9451658 245.1563323 249.3684693 253.5806062 
33.76819585 35.67908917 37.58998248 39.50087579 41.21357132 42.81478061 44.41598989 46.62346407 49.09076606 51.55806805 54.21984401 56.94303281 59.6662216 62.15480902 64.29149439 66.42817975 68.60872308 71.84185775 75.07499241 78.08332636 79.06845389 80.05358142 81.15672731 82.87946957 84.60221184 86.32495411 89.34145203 92.69351056 96.13446159 99.20227249 102.0749106 104.9737377 109.759344 112.337311 114.9263211 119.0296305 125.941927 133.1280548 139.8888748 144.7991007 149.7093267 154.6195527 159.2378757 163.8005981 168.3633206 173.4083599 178.5069901 183.6056203 188.4754658 193.3357787 198.1960915 202.723237 207.0282709 211.3333048 215.6281836 219.8909047 224.1536258 228.3989321 232.6036038 236.8082755 241.0156348 245.2277717 249.4399087 253.6520456 
33.59500599 35.5058993 37.41679261 39.32768592 41.19212663 42.79333591 44.3945452 46.60201938 49.06932137 51.60059506 54.32378385 57.04697265 59.77016144 62.25874887 64.39543423 66.53211959 68.66880495 71.40853743 74.64167209 77.65000604 78.63513357 79.6202611 81.08483821 82.80758048 84.53032275 86.25306502 89.26956293 92.60949976 96.03782402 99.10563492 101.9860978 104.8849248 109.673829 112.2528529 114.8436309 118.9469403 125.8981333 133.1216018 139.8824217 144.7926477 149.7028736 154.6130996 159.4016993 163.9644218 168.5271442 173.5721836 178.6708138 183.6622011 188.522514 193.3828269 198.2431397 202.7702852 207.0753191 211.380353 215.6853868 219.9586861 224.2214072 228.4667135 232.6713853 236.876057 241.0870742 245.2992111 249.5113481 253.7234851 
33.42181612 35.33270943 37.24360274 39.15449606 41.06538937 42.77189122 44.3731005 46.58057468 49.04787667 51.7045349 54.42772369 57.15091249 59.87410129 62.36268871 64.49937407 66.63605943 68.77274479 70.97521711 74.20835178 77.21668573 78.20181326 79.29020685 81.01294912 82.73569139 84.45843366 86.18117592 89.19767384 92.53761067 95.94118644 99.00899735 101.897285 104.796112 109.588314 112.1701627 114.7609407 118.8642501 125.8916802 133.1151487 139.8759687 144.7861946 149.6964206 154.6066465 159.5168725 164.1282454 168.6909679 173.7360073 178.8346374 183.7092493 188.5695622 193.4298751 198.2901879 202.8173334 207.1223673 211.4274011 215.732435 220.0264676 224.2891887 228.534495 232.7391667 236.9463766 241.1585136 245.3706505 249.5827875 253.7949245 
33.24862625 35.15951956 37.07041288 38.98130619 40.8921995 42.75044653 44.35165581 46.55912999 49.08528594 51.80847474 54.53166354 57.25485233 59.97804113 62.46662855 64.60331391 66.73999927 68.87668463 71.01337 73.77503146 76.78336541 77.76849294 79.21831775 80.94106002 82.66380229 84.38654456 86.10928683 89.12578475 92.46572157 95.84454887 98.91235977 101.8084721 104.7072992 109.502799 112.0874725 114.6782505 118.7815599 125.8852272 133.1086957 139.8695156 144.7797416 149.6899675 154.6001935 159.5104195 164.2920691 168.8547916 173.8998309 178.8959847 183.7562975 188.6166104 193.4769232 198.3372361 202.8643816 207.1694155 211.4744493 215.7794832 220.0845171 224.3569701 228.6022764 232.8069482 237.017816 241.229953 245.44209 249.6542269 253.8663639 
33.07543638 34.9863297 36.89722301 38.80811632 40.71900963 42.62990295 44.33021112 46.5376853 49.18922579 51.91241458 54.63560338 57.35879217 60.08198097 62.57056839 64.70725375 66.84393911 68.98062448 71.11730984 73.34171114 76.35004509 77.42368639 79.14642866 80.86917093 82.5919132 84.31465547 86.03739774 89.05389565 92.39383248 95.7479113 98.82083224 101.7196593 104.6184864 109.417284 112.0047823 114.5955603 118.6988697 125.8787741 133.1022426 139.8630626 144.7732885 149.6835145 154.5937404 159.5039664 164.4141924 169.0186152 174.0636546 178.9430329 183.8033457 188.6636586 193.5239714 198.3842843 202.9114298 207.2164637 211.5214975 215.8265314 220.1315653 224.4247516 228.6700579 232.8771185 237.0892555 241.3013924 245.5135294 249.7256663 253.9378033 
32.90224652 34.81313983 36.72403314 38.63492645 40.54581977 42.45671308 44.30876643 46.56997683 49.29316563 52.01635442 54.73954322 57.46273202 60.18592081 62.67450823 64.81119359 66.94787896 69.08456432 71.22124968 73.35793504 75.91672478 77.3517973 79.07453957 80.79728183 82.5200241 84.24276637 85.96550864 88.98200656 92.32194339 95.66188021 98.73201942 101.6308465 104.5296736 109.3317689 111.9220921 114.5128701 118.6488526 125.8723211 133.0957895 139.8566095 144.7668355 149.6770614 154.5872874 159.4975133 164.4077393 169.1824389 174.1297682 178.990081 183.8503939 188.7107068 193.5710196 198.4313325 202.958478 207.2635118 211.5685457 215.8735796 220.1786135 224.4836474 228.7378393 232.9485579 237.1606949 241.3728318 245.5849688 249.7971057 254.0092427 
32.72905665 34.63994996 36.55084327 38.46173659 40.3726299 42.28352321 44.19441652 46.67391667 49.39710547 52.12029427 54.84348306 57.56667186 60.28986065 62.77844807 64.91513344 67.0518188 69.18850416 71.32518952 73.46187488 75.55716593 77.2799082 79.00265047 80.72539274 82.44813501 84.17087728 85.89361955 88.91011746 92.25005429 95.58999112 98.6432066 101.5420337 104.4408607 109.248624 111.8394019 114.4301799 118.6423995 125.865868 133.0893365 139.8501565 144.7603824 149.6706084 154.5808343 159.4910603 164.4012862 169.3115122 174.1768164 179.0371292 183.8974421 188.757755 193.6180678 198.4783807 203.0055262 207.31056 211.6155939 215.9206278 220.2256617 224.5306956 228.8078604 233.0199973 237.2321343 241.4442712 245.6564082 249.8685452 254.0806821 
