15.6137536 15.9081775 16.20260139 16.49702529 16.79144918 17.08587308 17.38029697 17.67397706 17.96733837 18.26069967 18.55406098 18.84742229 19.1407836 19.48590119 19.90865323 20.33140526 20.75415729 21.17690933 21.59966136 22.04762453 22.72248795 23.39735137 24.07221479 24.74707821 25.42194163 26.09680505 26.09440682 25.92269316 25.75097951 25.12515794 24.25481673 23.38447552 30.1548291 28.63285969 27.11089029 26.66628526 28.22249979 29.77871431 30.87846842 30.15238089 29.42629336 28.70020583 27.97411829 27.24803076 26.52194323 26.3762994 26.29514932 26.21399924 26.13284916 26.05169908 25.97054899 25.76834726 25.48544442 25.20254158 24.91963874 24.6367359 24.35383306 24.10506525 23.93594585 23.76682645 23.59770705 23.42858765 23.25946825 23.09034885 
47.43119093 49.37855267 50.96718758 51.12091522 51.27464285 51.42837048 51.58209812 52.5762078 53.93048121 55.28475463 56.63902804 57.57841775 56.85827264 56.86934505 57.97724373 58.6185128 58.94869545 59.27887811 59.60906077 59.92900773 60.15683349 60.42418402 60.78375901 61.14333401 61.502909 61.862484 60.9474073 59.71366768 64.02669286 66.99319769 66.7909735 61.2043505 62.20882267 66.3331181 69.93231131 71.00693956 67.39309002 64.29354573 65.47195687 65.24720086 65.02244484 64.79768883 64.57293282 64.62194045 64.78827537 64.02505542 63.22707526 63.04580812 62.86454098 62.68327384 62.50200671 62.07971779 61.4967477 60.9137776 60.3308075 59.81075281 59.85693671 59.9201798 60.02322762 60.12627544 60.22932326 60.33237109 60.52378884 60.73729907 
84.87388692 85.05601446 87.0033762 88.95073793 90.89809967 92.8454614 94.79282314 95.60099619 95.08886997 94.36872486 93.64857975 92.92843464 92.20828953 92.21936194 93.32726062 94.4351593 95.54305799 96.65095667 97.75885535 98.72468415 98.95250991 99.18033567 99.40816142 99.63598718 99.86381294 101.0219078 108.1820955 117.0333828 125.8846701 119.970344 106.3071228 92.64390164 89.79049709 94.22985385 98.66921061 101.6322004 103.1175421 104.646745 105.8851996 105.9879231 106.154258 106.3205929 106.4869278 106.6532628 106.8195977 106.0563777 105.1898739 104.3233701 103.4568662 102.5903624 101.8229367 101.6362815 101.7089522 101.7551361 101.8013201 101.847504 101.8936879 101.9924353 102.2106767 102.4241869 102.6376972 102.8512074 103.0647176 103.2782279 
121.6654094 121.407335 121.1492605 120.8911861 120.6331116 120.4970696 120.48306 120.7028217 121.022771 121.1510035 121.2579342 121.3648648 121.4717955 121.809788 122.4943734 123.1789588 123.8635442 124.5481296 125.5596344 126.6583588 128.2151403 129.552917 130.3796822 131.2064475 132.0332127 132.8599779 141.7092398 152.5641257 162.0332344 155.880006 142.4836647 129.2734557 123.7372133 127.1799018 130.2137358 132.5674347 133.7750903 135.125825 136.221505 136.2969664 136.3245667 136.2803754 136.2361841 136.1919927 136.1478014 135.5418694 134.8471665 133.9152669 132.9833674 132.0514678 131.1195682 130.5295539 130.1674632 129.8053724 129.4432816 129.1308472 129.2653204 129.4258704 129.6472659 129.9233995 130.2542712 130.5851428 130.9160144 131.2468861 
155.4801776 155.2221032 154.9640287 154.8234122 154.7219484 154.6204845 154.5190207 154.6830742 154.9609208 155.2387675 155.5166141 155.6833653 155.790296 156.1282885 156.8128739 157.782337 160.3661071 162.9498771 165.5336471 167.9104602 168.4246608 168.9388614 169.453062 169.9828908 170.809656 171.6364212 180.4856831 190.3847321 199.8235633 191.0263079 172.4096211 157.171983 150.8905507 153.4930593 156.2519234 158.6198206 159.7509782 160.9534983 162.0161673 161.9265735 161.8369797 161.7473859 161.6646024 161.6204111 161.5762198 160.9564516 160.2727304 159.5890093 158.9052881 158.0106153 157.0787157 156.4887014 156.1266106 155.7065837 155.178961 154.6513384 154.1237157 153.7554498 153.7590165 153.7625831 153.7661498 153.8515427 154.1824143 154.513286 
184.8781948 184.7767309 184.6752671 184.5738032 184.4473768 184.2835064 184.1196361 184.423636 184.9281519 185.4326677 185.7105143 185.988361 186.2662076 187.1307864 188.8754634 190.6201403 192.9521824 195.5359525 198.1197225 200.4965356 201.0107361 201.5249367 202.0391373 202.773841 203.7290479 204.6842548 210.6019637 218.7865218 228.225353 219.4280975 200.8114108 184.154341 175.8689145 178.4714231 181.0684473 182.8490491 183.1212796 184.2524372 185.1394445 185.0498507 184.9602569 184.8706631 184.8809711 184.9578804 185.0347897 184.3264061 183.5307677 182.7575128 182.0737916 181.3900704 180.7063493 180.1162872 179.5886645 179.0610419 178.5334192 178.022535 177.5116509 177.0659572 176.7723747 176.4787922 176.3634992 176.3670659 176.3706325 176.3741992 
211.3695012 211.2056309 211.0417605 210.8778901 210.7140198 210.5501494 210.7038826 212.3291562 212.8336721 213.3381879 213.8427037 214.3472196 214.8517354 215.3838216 216.8064089 218.5510859 220.2957628 222.0404398 223.7851168 225.2520926 225.0644631 226.01967 226.9748768 227.9300837 228.8852905 229.8404974 235.7582064 242.9165409 250.0748754 241.9128935 225.6016385 209.2903834 200.8784604 203.4712621 206.0640637 207.0557711 207.3280016 207.6002322 207.0797502 206.2423963 206.3193056 206.3962149 206.4731242 206.5500335 206.6269428 205.9185592 205.1229208 204.3272824 203.531644 202.7360056 201.747107 200.7980088 200.2817238 199.7708396 199.2599555 198.7490713 198.2381872 197.7924935 197.498911 197.2053285 196.911746 196.6181635 196.3245809 196.2065429 
240.4946655 240.3307952 240.1669248 240.0030544 240.5590854 241.2421577 241.9252301 243.5900293 245.6755686 247.7611079 248.9770843 249.4816002 249.986116 250.5182022 251.091644 251.6650858 252.5313364 254.2760134 256.0206904 257.4876662 256.4553316 255.422997 254.3906624 255.2464922 256.201699 257.1569059 263.0746149 269.1269311 271.3696289 264.622076 252.6794089 236.3681538 229.1289976 231.7217993 232.3212628 232.4136956 232.6859261 232.1115229 231.0857918 229.2379365 227.3900811 225.638464 225.7153733 225.7922826 225.8691919 225.1608082 224.3651699 223.5695315 222.2468198 220.7484171 219.2500143 218.300916 217.7180208 217.1351255 216.5846352 216.0737511 215.5628669 215.1171733 214.8235907 214.5300082 214.2754356 214.2419189 214.2084022 214.1748855 
269.6198298 269.7312158 270.4142882 271.0973606 271.7804329 272.4635053 273.1465776 274.8113769 276.8969162 278.9824555 281.0679948 283.1535341 285.1204966 285.6525828 286.2260247 286.7994665 287.3729083 287.9463501 288.5197919 289.7232398 288.6909052 287.6585706 286.626236 285.5939014 284.5615668 284.4733144 288.1175414 290.3602392 292.602937 285.855384 274.2669268 262.6784696 257.3795349 257.6835688 257.6791873 257.7579647 256.9377646 256.1175645 255.0918334 253.243978 251.3961227 249.5482673 247.700412 245.8525566 245.111441 244.2449354 242.7465326 241.2481299 239.7497271 238.2513243 236.7529216 235.8038233 235.220928 234.6380328 234.0551375 233.4722422 232.889347 232.441853 232.3108116 232.2772949 232.2437782 232.2102615 232.1767448 232.1432281 
297.5266597 298.7418632 299.5313617 300.2144341 300.8975065 301.5805788 302.2636512 303.4566988 305.2052728 307.2908121 309.3763514 311.4618907 313.54743 315.0281303 315.6015721 316.1750139 316.7484557 317.3218975 317.6705838 317.4091813 316.3768467 315.3445121 314.3121775 313.2798429 312.2475083 310.4063494 310.8768193 313.1195172 315.362215 308.614662 297.0262048 286.2052323 285.2633004 283.9745358 283.9701543 282.6585378 281.1085531 280.288353 279.2626219 277.4147665 275.5669112 273.7190558 271.8712005 269.4720099 262.1108025 264.2827715 264.2032529 262.7048501 261.2064474 259.7080446 258.2096419 257.2605436 256.6776483 256.094753 255.5118578 254.9289625 254.9075861 254.5930356 252.5117333 252.4782166 252.4446999 252.4111832 252.3776665 252.3441498 
324.9766143 326.1918177 327.4070211 328.5424049 329.2254773 329.9085496 330.591622 331.7846696 333.1962781 334.6078866 336.5923363 338.6778756 340.7634149 342.2441152 342.8175571 343.3909989 343.9644407 343.8261566 343.6504133 343.3890108 342.3566762 341.3243416 340.292007 338.7339366 336.8927778 335.0516189 335.2036033 336.4510338 338.6937316 331.9461787 320.3577215 315.8684983 314.5905088 310.9681467 310.6110121 309.2993956 305.560057 304.5209215 303.4951904 301.647335 299.7994797 297.9516243 291.9687549 284.6075475 277.2463401 279.4183092 282.64952 285.6442502 284.1458475 282.6474447 281.149042 280.1999437 279.6170484 279.0341532 278.6197136 279.159856 279.6999985 279.385448 277.076614 274.76778 273.4828388 273.4493221 273.4158054 273.3822887 
352.4265688 353.6417722 354.8569757 356.0721791 357.2873825 358.2365204 358.9195928 360.1126404 361.5242489 362.9358574 364.3474659 365.8938606 367.9793999 369.4601002 370.033542 370.1574728 369.9817294 369.8059861 369.6302428 369.3688403 368.3365057 367.0615238 365.220365 363.3792061 361.5380472 359.6968884 359.8488727 360.4991429 362.0252483 355.2776953 349.4453738 345.5317642 343.9177172 340.2953551 337.2518699 335.9402534 332.2009148 328.7534901 327.7277589 325.8799036 321.8267074 314.4655 307.1042926 299.7430852 292.3818778 294.5538468 297.7850577 301.0162686 304.2474794 305.5868449 304.0884421 303.1393438 302.5564486 302.8719835 303.412126 303.9522684 304.4924109 304.1778604 301.8690264 299.5601924 297.2513584 294.9425244 294.4539442 294.4204275 
379.8765233 381.0917268 382.3069302 383.5221336 384.7373371 385.9525405 387.1677439 388.4406112 389.8522197 391.2638282 392.6754367 394.0870452 395.4986538 396.4887889 396.3130456 396.1373023 395.9615589 395.7858156 395.6100723 395.3486698 393.5479522 391.7067933 389.8656344 388.0244756 386.1833167 384.3421578 384.4941422 385.1444124 385.7946826 383.0222494 379.1086398 375.1950301 373.2449255 369.6225635 366.0002014 362.5811113 358.8417726 355.102434 351.6846599 344.3234524 336.962245 329.6010376 322.2398302 314.8786228 307.5174154 309.6893844 312.9205953 316.1518062 319.3830171 322.614228 325.8454388 326.584111 327.1242534 327.6643959 328.2045383 328.7446808 329.2848233 328.9702728 326.6614388 324.3526048 322.0437708 319.7349368 317.4261028 315.4585664 
413.10806 414.3232635 415.5384669 416.7536703 417.9688738 419.1840772 420.3691384 421.7067543 423.1183628 424.5299713 425.9415798 427.3531883 428.5886024 429.2406205 429.3495511 429.1738077 428.9980644 428.8223211 428.6465778 428.3328773 426.7203941 424.8792353 423.0380764 421.1969175 419.3557587 417.5145998 417.6665842 418.3168543 418.6358002 413.9169097 410.0033001 406.0896905 403.4647959 399.8424338 396.2200718 392.739468 389.0001294 385.2607908 381.0078279 375.5753939 368.2141865 360.8529791 353.4917717 346.1305643 338.7693569 340.9413259 344.1725368 347.4037477 350.6349586 353.8661695 353.7506793 352.6898883 353.2300307 353.7701732 354.3103157 354.8504581 354.6521977 351.7532372 349.4444032 347.1355692 344.8267352 342.5179012 340.2090672 338.0132766 
446.917755 448.1329584 449.3481618 450.5633652 451.7785687 452.9641323 454.1290987 455.4667145 456.878323 458.2899315 459.70154 460.9428273 461.7671211 462.4191392 462.8127437 462.9159808 462.7402375 462.5644942 462.3887508 462.0750504 460.5197361 458.9043945 457.0632356 455.2220767 453.3809179 451.539759 451.6917434 452.3420136 451.0209038 445.7495674 441.0210999 437.1074903 433.7739325 430.1515704 426.6196562 423.2495746 419.510236 415.6612359 411.1435731 406.5377563 401.0777684 393.716561 386.3553536 378.9941462 371.6329388 373.8049078 377.0361187 380.2673296 383.4985405 383.4499843 379.9877931 378.9270021 379.4671445 380.007287 380.5474295 380.3860892 377.2342174 374.3352569 372.0264229 369.7175889 367.4087549 365.0999209 362.9028742 360.7196439 
480.7274499 481.9426533 483.1578567 484.3730602 485.5591261 486.7240925 487.8890589 489.2266748 490.6382833 492.0498918 493.2970522 494.121346 494.9456398 495.5976579 495.9912624 496.3848669 496.4824106 496.3066672 496.1309239 495.8172235 494.2619092 492.7065949 491.0883948 489.247236 487.4060771 485.5649182 485.7169026 486.0689809 483.4060075 478.134671 472.0388997 468.12529 464.083069 460.460707 457.1297628 453.7596812 450.0203426 445.7969811 441.2793183 436.6735015 432.0676847 426.5801429 419.2189355 411.8577281 404.4965207 406.6684897 409.8997006 413.1309115 413.1492893 409.6870981 406.2249069 405.1641159 405.7042583 406.2444008 406.1199807 402.9681089 399.816237 396.9172766 394.6084426 392.2996086 389.9907746 387.7924718 385.6092415 383.4260112 
514.5371448 515.7523482 516.9675517 518.15412 519.3190864 520.4840528 521.6490192 522.9866351 524.3982436 525.6512771 526.4755709 527.2998647 528.1241585 528.7761766 529.1697811 529.5633856 529.9569901 530.0488403 529.873097 529.5593966 528.0040823 526.448768 524.8934537 523.2723952 521.4312363 519.5900774 519.7420618 518.4540845 515.7911111 510.5197747 503.843935 499.1430898 494.3922056 490.8111202 487.6398694 484.2697878 480.4283506 475.9327263 471.4150635 466.8092467 462.2034299 457.5976131 452.0825174 444.72131 437.3601026 439.5320716 442.7632825 442.8485944 439.3864031 435.9242119 432.4620207 431.4012297 431.9413721 431.8538722 428.7020003 425.5501285 422.3982567 419.4992962 417.1904622 414.8816282 412.6820694 410.4988391 408.3156088 406.1323785 
548.3468397 549.5620431 550.7491138 551.9140802 553.0790466 554.244013 555.4089794 556.7465953 558.005502 558.8297958 559.6540896 560.4783834 561.3026772 561.9546953 562.3482998 562.7419043 563.1355088 563.5291134 563.6152701 563.3015696 561.7462554 560.1909411 558.6356268 557.0803125 555.4563955 553.6152367 553.5021616 550.8391882 548.1762148 542.9048783 536.2290387 530.1608896 524.7013421 521.3212268 518.149976 514.7798944 510.5640958 506.0684715 501.5508086 496.9449918 492.339175 487.7333582 483.1275415 477.5848919 470.2236844 472.3956535 472.5478994 469.0857082 465.6235169 462.1613257 458.6991345 457.6383435 457.5877637 454.4358918 451.28402 448.1321482 444.9802763 442.0813159 439.7724819 437.5716671 435.3884368 433.2052065 431.0219762 428.8387459 
582.1565346 583.3441077 584.5090741 585.6740405 586.8390069 588.0039733 589.1689397 590.3597269 591.1840207 592.0083145 592.8326083 593.6569021 594.4811959 595.133214 595.5268185 595.920423 596.3140276 596.7076321 597.1012366 597.0437427 595.4884284 593.9331142 592.3777999 590.8224856 589.2671713 587.6403959 585.8872652 583.2242918 580.5613185 575.289982 568.6141423 561.9383026 555.0104787 551.8313334 548.6600826 545.1954653 540.699841 536.2042166 531.6865538 527.080737 522.4749202 517.8691034 513.2632866 508.6574698 503.0872663 502.2472044 498.7850132 495.322822 491.8606308 488.3984395 484.9362483 483.3216551 480.1697833 477.0179115 473.8660397 470.7141678 467.562296 464.6633355 462.4612647 460.2780344 458.0948041 455.9115738 453.7283435 451.5451132 
618.0928243 619.5518926 620.716859 621.8818254 623.0467918 624.2117582 625.3767246 626.6913051 627.5155989 628.3398927 629.1641865 629.9884803 630.8127741 631.4647922 631.8583967 632.2520013 632.6456058 633.0392103 633.4328148 635.572322 634.0170077 632.4616935 630.9063792 629.3510649 627.7957506 627.9105378 627.3105377 624.6475643 621.984591 617.6431421 610.9673024 604.2914628 593.99533 590.9410546 587.7698037 583.5296569 579.0340326 574.5384082 570.0207454 565.4149286 560.8091118 556.203295 551.5974782 546.9916614 542.1690772 535.6541465 532.1919553 528.729764 525.2675728 521.8053816 518.3431903 515.0671908 511.9153189 508.7634471 505.6115753 502.4597035 499.3078316 494.8337417 492.6505114 490.4672811 488.2840508 486.1008205 483.9175902 480.1008786 
655.8012762 657.5108758 658.9644978 660.1294642 661.2944306 662.459397 663.6243634 665.053932 666.4747268 667.2990206 668.1233144 668.9476082 669.771902 670.42392 670.8175246 671.2111291 671.6047336 671.9983381 674.656203 678.0895732 676.5342589 674.9789446 673.4236303 671.868316 671.9339826 675.2907315 676.2656176 673.6026442 670.9396708 667.9069527 661.6271762 654.9513366 639.3729051 637.2171211 634.0458703 629.626356 624.2002628 619.7046385 615.1869757 610.5811589 605.9753421 601.3695253 596.7637085 591.9460508 586.8475807 578.4065756 571.5737542 568.111563 564.6493717 561.1871805 557.7249893 554.4489897 551.2971179 548.145246 544.9933742 541.8415024 536.210681 531.2587212 529.0754909 526.8922606 524.7090303 522.5258 518.7393381 513.5311426 
693.5097281 695.2193277 696.9289273 698.377103 699.5420694 700.7070358 701.8720022 703.3015708 704.8445404 706.2581484 707.0824422 707.906736 708.7310298 709.3830479 709.7766524 710.1702569 710.5638615 713.1857856 717.1734541 720.6068243 719.05151 717.4961957 715.9408815 715.9574274 719.3141763 722.6709251 723.7571668 722.5577241 719.8947507 716.8620325 712.28705 705.6112104 684.7504801 683.4931877 680.3219369 675.9024226 669.3664931 664.8708688 660.3532059 655.7473891 651.1415723 646.5357555 641.7230244 636.6245543 631.5260843 623.0850791 614.2726813 607.4933619 604.0311707 600.5689794 597.1067882 593.8307886 590.6789168 587.527045 584.3751731 578.7742186 572.6356605 567.6837007 565.5004705 563.3172402 561.1340099 557.3777976 552.1696021 546.9614065 
731.21818 732.9277796 734.6373792 736.3469788 737.7897082 738.9546746 740.119641 741.5492096 743.0921792 744.6351488 746.04157 746.8658638 747.6901576 748.3421757 748.7357802 749.1293848 751.7153683 755.7030368 759.6907053 763.1240755 761.5687612 760.0134469 759.9808722 763.337621 766.6943699 770.0511188 771.1373605 771.5128039 768.8498306 765.8171124 762.5853009 756.2710842 730.1280551 728.9736203 726.5980034 722.1784891 715.4407712 710.037099 705.5194362 700.9136194 696.3078026 691.499998 686.4015279 681.3030578 676.2045878 667.7635827 658.9511848 650.1387869 643.4129696 639.9507784 636.4885871 633.2125876 630.0607157 626.9088439 621.3377562 615.1991981 609.06064 604.1086803 601.92545 599.7422197 596.0162571 590.8080615 585.599866 580.3916704 
768.9266319 770.6362315 772.3458311 774.0554307 775.7650303 777.2023134 778.3672798 779.7968484 781.339818 782.8827876 784.4257572 785.8249917 786.6492855 787.3013035 787.6949081 790.244951 794.2326194 798.2202879 802.2079564 805.6413266 804.0860123 804.004317 807.3610658 810.7178147 814.0745636 817.4313124 818.5175541 819.0361691 817.8049104 814.7721923 811.5403808 806.930958 775.5056302 774.3511954 772.87407 768.4545557 761.7168378 755.2033293 750.6856664 746.0798497 741.2769716 736.1785015 731.0800314 725.9815614 720.8830913 712.4420862 703.6296883 694.8172904 686.0048925 679.3325773 675.8703861 672.5943865 669.4425147 663.9012938 657.7627357 651.6241777 645.4856196 640.5336598 638.3504295 634.6547166 629.446521 624.2383255 619.0301299 613.8219343 
806.6350838 808.3446834 810.054283 811.7638826 813.4734822 815.1830819 816.6149185 818.0444872 819.5874568 821.1304264 822.673396 824.2163656 825.6084133 826.2604314 828.7745336 832.7622021 836.7498706 840.7375391 844.7252075 848.1585778 848.0277618 851.3845106 854.7412595 858.0980084 861.4547572 864.8115061 865.8977478 866.4163627 866.7599903 863.7272721 860.4954606 857.2636491 820.8832052 819.7287704 818.5743356 814.7306223 807.9929044 801.2551865 795.8518967 791.0539451 785.9554751 780.857005 775.758535 770.6600649 765.5615948 757.1205897 748.3081918 739.4957939 730.6833961 721.8709982 715.252185 711.9761854 706.4648314 700.3262734 694.1877153 688.0491572 681.9105991 676.9586393 673.2931761 668.0849805 662.8767849 657.6685894 652.4603938 647.2521982 
842.3306933 844.0402929 845.7498926 847.4594922 849.1690918 850.8786914 852.588291 854.1797305 855.7227001 857.2656697 858.8086393 860.3516089 861.8945785 863.9318059 867.9194744 871.9071429 875.8948113 879.8824798 883.8701483 887.7947248 891.1514737 894.5082225 897.8649714 901.2217202 904.5784691 907.935218 909.2442585 909.7628735 910.2814884 907.6619569 904.4301453 901.1983338 862.2960945 861.1416597 859.9872249 856.1208078 849.3830899 842.645372 836.2355037 831.1370337 826.0385636 820.9400935 815.8416235 810.7431534 805.3770665 796.6015403 787.7891424 778.9767445 770.1643466 761.3519487 752.5395508 745.5700019 739.4314438 733.2928857 727.1543276 721.0157696 714.8772115 709.0177621 703.8095666 698.601371 693.3931754 688.1849799 682.9767843 677.7151909 
868.9685122 870.6781118 872.3877114 874.097311 875.8069106 877.5165102 879.2187674 880.8091941 882.3521637 883.8951333 885.4381029 886.9810725 889.3712888 891.1147026 891.8890183 895.8766868 899.8643553 903.8520238 907.8396922 911.7642688 915.1210176 918.4777665 921.8345153 925.1912642 928.548013 933.1054003 934.4391963 934.9578112 933.6476841 929.0048634 925.7730519 922.1187566 885.8678982 884.7134634 883.5590286 876.273044 868.7868109 862.049093 855.6392247 850.5407546 845.4422845 840.3438145 835.2453444 829.9127096 821.4690287 812.6935025 803.8811046 795.0687067 786.2563088 777.443911 769.4065621 762.7923069 756.8354039 750.6968458 744.5582877 738.4197297 732.2811716 726.4217222 721.2135267 716.0053311 710.7971355 705.58894 700.3303131 694.8254631 
895.606331 897.3159306 899.0255302 900.7351298 902.4447294 904.147071 905.8482309 907.4386577 908.9816273 910.5245969 912.0675665 914.4429189 917.4722863 919.2157 919.0301831 919.8462308 923.8338992 927.8215677 931.8092362 935.7338127 939.0905616 942.4473104 945.8040593 949.1608081 953.7058177 958.300338 959.6341341 960.152749 954.9905906 950.3477699 947.1159584 941.0013163 909.4397018 908.285267 905.2577948 897.2534248 888.1905318 881.4528139 875.0429456 869.9444756 864.8460055 859.7475354 854.4483527 846.0046718 837.5609909 828.7854647 819.9730669 811.160669 802.3482711 794.3008567 786.495016 779.8807608 774.0608958 768.1008059 761.9622478 755.8236898 749.6851317 743.8256823 738.6174868 733.4092912 728.2010956 722.9454354 717.4405854 711.9357354 
922.2441498 923.9537494 925.663349 927.3729487 929.0753746 930.7765346 932.4776945 934.0681213 935.6110909 937.1540605 939.5145489 942.5439163 945.5732837 947.3166974 947.1311805 946.9456637 947.8034432 951.7911117 955.7787801 959.7033567 963.0601055 966.4168544 969.7736032 974.306235 978.9007554 983.4952758 984.8290718 983.5967635 976.3334972 971.6906765 968.0860851 959.8838761 933.0115055 931.8570707 926.2381756 918.2338056 908.3109163 900.8565349 894.4466666 889.3481965 884.2497264 878.9839958 870.540315 862.0966341 853.6529532 844.877427 836.0650291 827.2526312 819.1951512 811.3893105 803.5834699 796.9692146 791.1493497 785.3294848 779.3662079 773.2276499 767.0890918 761.2296424 756.0214469 750.8132513 745.5605576 740.0557076 734.5508576 729.0460076 
948.8819686 950.5915683 952.3011679 954.0036782 955.7048382 957.4059981 959.1071581 960.6975848 962.2405545 964.5861789 967.6155463 970.6449137 973.6742811 975.4176948 975.232178 975.0466611 974.8611443 975.7606556 979.7483241 983.6729006 987.0296495 990.3863983 994.9066524 999.5011728 1004.095693 1008.690214 1010.02401 1004.93967 997.6764037 993.033583 986.9686449 978.7664359 956.5833092 954.1898776 947.2185564 939.2141864 929.2912971 920.2602558 913.8503875 908.7519175 903.519639 895.0759581 886.6322772 878.1885963 869.7449154 860.9693892 852.1569913 844.0894458 836.2836051 828.4777644 820.6719237 814.0576685 808.2378036 802.4179387 796.5980737 790.63161 784.4930519 778.6336025 773.425407 768.1756798 762.6708298 757.1659798 751.6611298 746.1562798 
975.5197875 977.2293871 978.9319818 980.6331418 982.3343018 984.0354617 985.7366217 987.3270484 989.6578089 992.6871763 995.7165437 998.7459111 1001.775279 1003.518692 1003.333175 1003.147659 1002.962142 1002.776625 1003.717868 1007.642445 1010.999193 1015.50707 1020.10159 1024.696111 1029.290631 1033.885151 1033.545843 1026.282577 1019.01931 1014.053414 1005.851205 997.6489956 980.1551128 975.1702583 968.1989372 960.1945672 950.2716779 940.3487886 933.2541085 928.0552821 919.6116012 911.1679203 902.7242394 894.2805585 885.8368776 877.0613514 868.9837403 861.1778996 853.372059 845.5662183 837.7603776 831.1461224 825.3262575 819.5063925 813.6865276 807.8666627 801.897012 796.0375626 790.790802 785.285952 779.781102 774.276252 768.771402 763.266552 
1002.157606 1003.860285 1005.561445 1007.262605 1008.963765 1010.664925 1012.366085 1014.729439 1017.758806 1020.788174 1023.817541 1026.846909 1029.876276 1031.61969 1031.434173 1031.248656 1031.063139 1030.877622 1030.692105 1031.611988 1036.107487 1040.702008 1045.296528 1049.891048 1054.485569 1059.080089 1054.888749 1047.625483 1040.362217 1032.935973 1024.733764 1016.531555 1003.12196 996.1506391 989.179318 981.1749479 971.2520587 961.3291694 952.5909252 944.1472443 935.7035634 927.2598825 918.8162016 910.3725207 901.9288398 893.8780348 886.0721942 878.2663535 870.4605128 862.6546722 854.8488315 848.2345763 842.4147113 836.5948464 830.7749815 824.9551166 819.1352516 813.4059242 807.9010742 802.3962242 796.8913742 791.3865242 785.8816742 780.3768242 
1031.46138 1033.16254 1034.8637 1036.56486 1038.266019 1039.967179 1041.598297 1043.750593 1046.711224 1049.740592 1052.769959 1055.799327 1058.828694 1060.572108 1060.386591 1060.201074 1060.015557 1059.83004 1059.644524 1062.920207 1068.061391 1072.655911 1077.250431 1081.844952 1086.439472 1091.033993 1086.142284 1078.879017 1071.448922 1063.141823 1054.939614 1046.737405 1032.523581 1025.55226 1018.580939 1010.805217 1000.882328 990.9594385 980.358641 971.9201204 963.4764395 955.0327586 946.5890777 938.1453968 929.7017159 921.8320912 914.0262505 906.2204098 898.4145692 890.6087285 882.6028579 875.7934515 869.9735866 864.1537216 858.3338567 852.5139918 846.5759439 840.0741635 834.5279238 829.0230738 823.5182238 818.0133738 812.5085238 807.0036738 
1061.357587 1063.058747 1064.759907 1066.461067 1068.162227 1069.794718 1071.35854 1073.510836 1075.915334 1078.882215 1081.911582 1084.940949 1087.970317 1089.713731 1089.528214 1089.342697 1089.15718 1088.971663 1092.01526 1095.613855 1100.978323 1106.111807 1110.706327 1115.300848 1119.895368 1124.489888 1119.59818 1112.334913 1103.403357 1095.476231 1087.66175 1079.459541 1063.796589 1056.825268 1049.954314 1042.357684 1032.434794 1022.271055 1010.718901 1002.283679 993.8450741 985.4013932 976.9577124 968.5140315 960.0703506 952.2007259 944.3948852 936.5890445 928.7832039 920.782212 912.4884934 905.679087 899.8592221 894.0393572 888.2194922 882.2921883 875.3979333 868.8961528 863.3101466 857.7647184 852.2598684 846.7550184 841.2501684 835.7453184 
1091.253795 1092.954955 1094.656115 1096.357275 1097.991139 1099.554961 1101.118783 1103.271078 1105.675577 1108.080076 1111.053205 1114.082572 1117.11194 1118.855353 1118.669836 1118.48432 1118.298803 1121.30652 1124.708908 1128.307503 1133.671971 1139.036439 1144.162223 1148.756744 1153.351264 1157.945784 1153.054075 1145.654313 1135.357792 1127.430666 1120.383886 1112.181676 1095.069597 1088.098276 1081.50678 1073.91015 1063.987261 1052.631315 1041.079161 1032.643939 1024.208718 1015.770028 1007.326347 998.8826661 990.4389852 982.5693605 974.7635199 966.9576792 958.9615661 950.6678475 942.3741289 935.5647225 929.7448576 923.9249927 918.0084326 911.1141776 904.2199226 897.7181422 892.1321359 886.5461296 881.001513 875.496663 869.991813 864.486963 
1121.150002 1122.851162 1124.552322 1126.18756 1127.751382 1129.315204 1130.879026 1133.031321 1135.43582 1137.840318 1140.244817 1143.224195 1146.253562 1147.996976 1147.811459 1147.625942 1150.597781 1154.000168 1157.402555 1161.00115 1166.365618 1171.730087 1177.094555 1182.21264 1186.80716 1191.40168 1186.509971 1177.608748 1167.312227 1159.385101 1152.733803 1144.903812 1126.342605 1119.403275 1113.059247 1105.462617 1095.322962 1082.991575 1071.439421 1063.004199 1054.568978 1046.133756 1037.694982 1029.251301 1020.80762 1012.937995 1005.132155 997.1409203 988.8472017 980.5534831 972.2597645 965.4503581 959.6304931 953.724677 946.830422 939.9361669 933.0419119 926.5401315 920.9541252 915.3681189 909.7821126 904.2383076 898.7334576 893.2286076 
1151.04621 1152.74737 1154.383981 1155.947803 1157.511625 1159.075447 1160.639269 1162.791564 1165.196063 1167.600561 1170.00506 1172.409558 1175.395185 1177.138599 1176.953082 1179.889041 1183.291429 1186.693816 1190.096203 1193.694798 1199.059266 1204.423734 1209.788202 1215.15267 1220.263056 1224.857576 1219.859703 1209.563183 1199.266662 1191.339536 1184.688238 1177.625948 1157.615612 1150.955742 1144.611713 1137.015083 1125.683222 1113.351835 1101.799681 1093.364459 1084.929238 1076.494016 1068.058795 1059.619935 1051.176255 1043.30663 1035.320274 1027.026556 1018.732837 1010.439119 1002.1454 995.3359936 989.4409213 982.5466663 975.6524113 968.7581562 961.8639012 955.3621208 949.7761145 944.1901082 938.6041019 933.0180957 927.4751022 921.9702522 
1180.942417 1182.580402 1184.144224 1185.708046 1187.271868 1188.83569 1190.399512 1192.551807 1194.956306 1197.360804 1199.765303 1202.169801 1204.5743 1206.280221 1209.180302 1212.582689 1215.985076 1219.387463 1222.78985 1226.388446 1231.752914 1237.117382 1242.48185 1247.846318 1253.210786 1258.313472 1251.814138 1241.517618 1231.221097 1223.293971 1216.642673 1209.991375 1188.88862 1182.508208 1176.16418 1168.37487 1156.043482 1143.712095 1132.159941 1123.724719 1115.289498 1106.854276 1098.419054 1089.983833 1081.544889 1073.499629 1065.20591 1056.912191 1048.618473 1040.324754 1032.031036 1025.157166 1018.262911 1011.368656 1004.474401 997.5801456 990.6858905 984.1841101 978.5981038 973.0120975 967.4260913 961.840085 956.2540787 950.7118968 
1209.138183 1210.430087 1211.993909 1213.557731 1215.121553 1216.685375 1218.249197 1220.401492 1222.805991 1225.21049 1227.614988 1230.019487 1232.423985 1234.782835 1238.185223 1241.58761 1244.989997 1248.392384 1251.794771 1255.689806 1261.054275 1266.418743 1271.783211 1277.147679 1282.512147 1288.083217 1283.239189 1272.942669 1262.646148 1254.719022 1248.067724 1241.416426 1219.859389 1213.550147 1207.206118 1197.946917 1185.61553 1173.284143 1161.731988 1153.296767 1144.861545 1136.426324 1127.991102 1119.555881 1109.929616 1100.452687 1092.158968 1083.865249 1075.571531 1067.277812 1058.984094 1051.530053 1044.635798 1037.741543 1030.847288 1023.953033 1017.058778 1009.256331 1003.507492 997.9214855 992.3354793 986.749473 981.1634667 975.5774604 
1235.293417 1236.252978 1237.550925 1239.114747 1240.678569 1242.242391 1243.806213 1245.958508 1248.363007 1250.767505 1253.172004 1255.576503 1257.150701 1259.361283 1262.763671 1266.166058 1269.568445 1272.970832 1276.728947 1280.920423 1286.284891 1291.649359 1297.013827 1302.378295 1307.941101 1314.131977 1314.028979 1303.732459 1293.435938 1285.508812 1278.857514 1273.420626 1249.403122 1243.979452 1237.635423 1227.920891 1214.241723 1201.910336 1190.358181 1181.92296 1173.487738 1165.052517 1156.617295 1147.025061 1135.186859 1124.881167 1115.592933 1107.299214 1099.005496 1090.711777 1082.418059 1074.964018 1068.069763 1061.175508 1054.281253 1047.386998 1038.889408 1030.545293 1023.873735 1018.135752 1012.549746 1006.963739 1001.377733 995.7917268 
1261.448651 1262.408212 1263.367773 1264.671763 1266.235585 1267.799407 1269.363229 1271.515524 1273.920023 1276.324521 1278.72902 1280.313103 1281.729149 1283.939731 1287.342119 1290.744506 1294.146893 1297.898421 1301.959564 1306.151039 1311.515507 1316.879975 1322.244444 1327.798986 1333.989862 1340.180738 1340.843967 1334.522249 1324.225728 1316.298602 1309.647304 1306.94284 1278.946855 1274.408757 1268.064728 1258.350196 1242.867916 1230.536529 1218.984374 1210.549153 1202.113931 1193.67871 1184.120505 1172.282304 1160.444102 1150.13841 1140.002996 1130.73318 1122.439461 1114.145742 1105.852024 1098.397983 1091.503728 1084.609473 1077.715218 1069.239294 1060.17837 1051.834255 1045.162698 1038.49114 1032.764012 1027.178006 1021.591999 1016.005993 
1287.603885 1288.563446 1289.523007 1290.482568 1291.792601 1293.356423 1294.920245 1297.07254 1299.477039 1301.881537 1303.475505 1304.891551 1306.307597 1308.518179 1311.920567 1315.322954 1319.067894 1323.129037 1327.19018 1331.381656 1336.746124 1342.110592 1347.65687 1353.847746 1360.038622 1366.229498 1366.892727 1365.312039 1355.015518 1347.088392 1341.596304 1340.465055 1308.490587 1304.134375 1298.494033 1288.779501 1272.805463 1259.162722 1247.610567 1239.175346 1230.740124 1221.215949 1209.377748 1197.539547 1185.701345 1175.395653 1165.260239 1155.124826 1145.873426 1137.579707 1129.285989 1121.831948 1114.937693 1108.043438 1099.589181 1090.528257 1081.467332 1073.123218 1066.45166 1059.780102 1053.108545 1047.392272 1041.806266 1036.22026 
1313.759119 1314.71868 1315.678241 1316.637802 1317.597364 1318.913439 1320.477261 1322.629556 1325.034055 1326.637907 1328.053953 1329.469999 1330.886045 1333.096627 1336.499014 1340.237367 1344.29851 1348.359653 1352.420796 1356.612272 1361.97674 1367.514754 1373.70563 1379.896506 1386.087382 1392.278258 1392.941487 1392.222805 1385.805308 1377.878182 1375.118518 1373.987269 1338.03432 1333.678108 1328.923338 1319.208806 1303.234768 1287.788915 1276.23676 1267.801539 1258.311394 1246.473192 1234.634991 1222.79679 1210.958588 1200.652896 1190.517482 1180.382069 1170.246655 1161.013672 1152.719954 1145.265913 1138.371658 1129.939068 1120.878143 1111.817219 1102.756294 1094.41218 1087.740622 1081.069065 1074.397507 1067.725949 1062.020532 1056.434526 
1339.914353 1340.873914 1341.833475 1342.793037 1343.752598 1344.712159 1346.034277 1348.186572 1349.800309 1351.216355 1352.632401 1354.048447 1355.464493 1357.675075 1361.40684 1365.467984 1369.529127 1373.59027 1377.651413 1381.842888 1387.372638 1393.563514 1399.75439 1405.945266 1412.136142 1418.327018 1418.990247 1418.271565 1416.595098 1409.771982 1408.640732 1407.509483 1367.578053 1363.22184 1358.865628 1349.638111 1333.664073 1317.690035 1304.862953 1295.406838 1283.568637 1271.730435 1259.892234 1248.054033 1236.215831 1225.910139 1215.774725 1205.639312 1195.503898 1185.368485 1176.153919 1168.699879 1160.288955 1151.22803 1142.167106 1133.106181 1124.045257 1115.701142 1109.029585 1102.358027 1095.686469 1089.014911 1082.343354 1076.648792 
1367.142703 1368.102264 1369.061825 1370.021386 1370.980948 1371.940509 1372.90007 1374.157282 1375.573328 1376.989374 1378.40542 1379.821466 1381.237512 1383.701335 1387.762478 1391.823621 1395.884764 1399.945907 1404.00705 1408.281167 1414.472043 1420.662919 1426.853795 1433.044671 1439.235547 1445.426423 1446.152835 1445.434153 1444.71547 1443.923782 1442.792533 1441.661283 1398.023622 1393.66741 1389.311197 1380.888746 1364.914708 1348.94067 1333.623687 1321.785486 1309.947284 1298.109083 1286.270882 1274.43268 1262.594479 1252.069544 1241.934131 1231.798718 1221.663304 1211.527891 1201.392477 1191.907264 1182.84634 1173.785415 1164.724491 1155.663566 1146.602642 1138.258527 1131.58697 1124.915412 1118.243854 1111.572296 1104.900739 1098.300656 
1405.102211 1406.061772 1407.021333 1407.980895 1408.940456 1409.900017 1411.061804 1412.06695 1413.292055 1414.708101 1416.124148 1417.540194 1418.95624 1421.384717 1425.368326 1429.42947 1433.490613 1437.551756 1441.612899 1445.887015 1452.077891 1458.268767 1464.459643 1470.650519 1476.841395 1482.334916 1484.4537 1483.735017 1483.016335 1484.371441 1483.240192 1482.108942 1436.53871 1433.131346 1428.775133 1420.352682 1404.378644 1388.404607 1371.216382 1359.378181 1347.539979 1335.701778 1323.863576 1312.025375 1297.79987 1287.250575 1277.115162 1266.979748 1256.844335 1246.708921 1236.123378 1226.801765 1218.087951 1209.027027 1199.966102 1190.905178 1181.844253 1173.500139 1166.828581 1160.157023 1153.485466 1146.813908 1140.205883 1134.328489 
1443.061719 1444.02128 1444.980842 1445.940403 1446.899964 1448.059158 1449.277983 1450.283129 1451.196699 1452.426829 1453.842875 1455.258921 1456.674967 1459.103445 1463.050568 1467.035318 1471.096461 1475.157604 1479.218747 1483.492864 1489.68374 1495.874616 1502.065492 1508.256368 1513.757813 1519.156239 1522.052156 1522.035882 1521.317199 1523.149372 1523.687851 1522.556602 1474.598286 1472.595282 1468.23907 1459.816618 1443.842581 1426.980176 1408.809077 1396.970875 1385.132674 1373.294473 1361.456271 1347.255126 1332.980901 1322.431606 1312.296193 1302.160779 1292.025366 1281.446442 1270.649073 1261.327459 1252.989683 1244.268638 1235.207714 1226.146789 1217.085865 1208.74175 1202.070193 1195.398635 1188.727077 1182.111111 1176.233716 1170.356321 
1481.021227 1481.980789 1482.94035 1483.899911 1485.056513 1486.275337 1487.494162 1488.499309 1489.412879 1490.326449 1491.561603 1492.977649 1494.393695 1496.822172 1500.769296 1504.71642 1508.70231 1512.763453 1516.824596 1521.098712 1527.289588 1533.480464 1539.67134 1545.18071 1550.579136 1555.977562 1558.873479 1560.336746 1559.618064 1561.450236 1564.135511 1563.004261 1512.657863 1511.453973 1507.703006 1499.280555 1483.306517 1464.572871 1446.401772 1434.56357 1422.725369 1410.887168 1396.710383 1382.436157 1368.161932 1357.612637 1347.477224 1337.34181 1326.769506 1315.972136 1305.174767 1295.853154 1287.515378 1279.177602 1270.449326 1261.388401 1252.327477 1243.983362 1237.311804 1230.640247 1224.016339 1218.138944 1212.261549 1206.384154 
1518.980736 1519.940297 1520.899858 1522.053867 1523.272692 1524.491517 1525.710341 1526.715488 1527.629058 1528.542628 1529.456198 1530.696377 1532.112423 1534.5409 1538.488024 1542.435147 1546.382271 1550.369301 1554.430444 1558.704561 1564.895437 1571.086313 1576.603607 1582.002033 1587.400459 1592.798885 1595.694802 1597.965092 1597.918928 1599.751101 1602.95681 1603.45192 1550.71744 1549.513549 1547.166942 1538.744491 1521.919889 1502.165565 1483.994466 1472.156265 1460.318064 1446.165639 1431.891414 1417.617188 1403.342963 1392.793668 1382.658254 1372.09257 1361.2952 1350.497831 1339.700462 1330.378848 1322.041072 1313.703296 1305.36552 1296.630013 1287.569088 1279.224974 1272.553416 1265.921566 1260.044172 1254.166777 1248.289382 1242.411987 
1556.940244 1557.899805 1559.051221 1560.270046 1561.488871 1562.707696 1563.926521 1564.931667 1565.845237 1566.758807 1567.672377 1568.585947 1569.831151 1572.259628 1576.206752 1580.153875 1584.100999 1588.048122 1592.036293 1596.310409 1602.501285 1608.026504 1613.42493 1618.823356 1624.221782 1629.620208 1632.516125 1634.786415 1636.219793 1638.051965 1641.257675 1643.89958 1588.777016 1587.573126 1586.369236 1578.208427 1559.512584 1539.75826 1521.587161 1509.74896 1495.620896 1481.34667 1467.072445 1452.798219 1438.523994 1427.974699 1417.415634 1406.618264 1395.820895 1385.023526 1374.226156 1364.904543 1356.566767 1348.228991 1339.891215 1331.553439 1322.8107 1314.466585 1307.826794 1301.949399 1296.072005 1290.19461 1284.317215 1278.43982 
1594.899752 1596.048575 1597.2674 1598.486225 1599.70505 1600.923875 1602.1427 1603.147846 1604.061416 1604.974986 1605.888556 1606.802126 1607.715696 1609.978356 1613.92548 1617.872603 1621.819727 1625.76685 1629.713974 1633.916258 1639.449401 1644.847827 1650.246253 1655.644679 1661.043105 1666.441531 1669.337448 1671.607738 1673.878028 1676.35283 1679.558539 1682.764249 1626.836593 1625.632703 1624.428812 1616.859602 1597.105279 1577.350955 1559.179856 1545.076152 1530.801927 1516.527701 1502.253476 1487.97925 1473.705024 1462.738698 1451.941328 1441.143959 1430.34659 1419.54922 1408.751851 1399.430238 1391.092462 1382.754686 1374.41691 1366.079134 1357.741358 1349.732022 1343.854627 1337.977232 1332.099837 1326.222443 1320.345048 1314.467653 
1628.706121 1629.257833 1630.476658 1631.695483 1632.914308 1634.133133 1635.351958 1636.357104 1637.270674 1638.184244 1639.097814 1640.011384 1640.924954 1643.12329 1647.070413 1651.017537 1654.96466 1658.911784 1662.858908 1666.052391 1671.450817 1676.849243 1682.247669 1687.646095 1693.044522 1698.532158 1702.031766 1704.302056 1706.572345 1709.450658 1712.656368 1715.862078 1662.980723 1661.776832 1660.572942 1655.96851 1636.214186 1616.459863 1597.801559 1583.527333 1569.253108 1554.978882 1540.704657 1526.430431 1510.53544 1498.767014 1487.969644 1477.172275 1466.374906 1455.577536 1444.780167 1433.649516 1425.31174 1416.973964 1408.636188 1400.298412 1391.960636 1382.075841 1375.937465 1370.06007 1364.182676 1358.305281 1352.427886 1346.550491 
1660.955064 1660.589496 1661.808321 1663.027146 1664.24597 1665.464795 1666.68362 1667.688767 1668.602337 1669.515907 1670.429476 1671.343046 1672.307152 1674.553051 1678.500174 1682.447298 1686.394421 1690.341545 1694.288669 1696.246343 1701.644769 1707.043195 1712.441621 1717.840047 1723.238473 1729.002105 1733.178456 1735.448745 1737.719035 1740.597348 1743.803058 1747.008767 1698.40656 1697.20267 1695.998779 1694.90824 1675.891674 1656.13735 1637.479047 1623.204821 1608.930595 1594.65637 1580.382144 1566.107919 1547.127239 1535.358813 1524.561444 1513.764075 1502.966705 1492.169336 1479.085544 1467.753889 1459.416113 1451.078337 1442.740561 1434.402785 1425.642965 1414.832396 1406.54093 1400.663535 1394.786141 1388.908746 1383.031351 1377.153956 
1693.204006 1692.56974 1693.139983 1694.358808 1695.577633 1696.796458 1698.015283 1699.020429 1699.933999 1700.847569 1701.761139 1702.674709 1703.736913 1705.982812 1709.929935 1713.877059 1717.824182 1721.771306 1724.594966 1726.440294 1731.83872 1737.237146 1742.635573 1748.033999 1753.51606 1759.472052 1764.325146 1766.595435 1768.865725 1771.744038 1774.949748 1778.197947 1733.832397 1732.628507 1731.424617 1732.229664 1715.569161 1695.814838 1677.156534 1662.882309 1648.608083 1634.333857 1620.059632 1604.226978 1583.719039 1571.950613 1561.153243 1550.355874 1539.558505 1528.761135 1513.189916 1501.858261 1493.520485 1485.182709 1476.844933 1468.507157 1458.39952 1447.588951 1437.361879 1431.267 1425.389606 1419.512211 1413.634816 1407.757421 
1725.452949 1724.818683 1724.471646 1725.690471 1726.909295 1728.12812 1729.346945 1730.352092 1731.265662 1732.179231 1733.092801 1734.054925 1735.166674 1737.412573 1741.359696 1745.30682 1749.253943 1753.201067 1754.788918 1756.634246 1762.032672 1767.431098 1772.829524 1778.22795 1783.986006 1789.941998 1795.136882 1797.742125 1800.012415 1802.890728 1806.096438 1809.404729 1769.258234 1768.054344 1768.384369 1769.551089 1755.246649 1735.492326 1716.834022 1702.559796 1688.285571 1674.011345 1659.73712 1640.818777 1620.310838 1608.542412 1597.745043 1586.947673 1576.150304 1563.116763 1547.294289 1535.962634 1527.624858 1519.287082 1510.949306 1502.216714 1491.156075 1480.345506 1470.118434 1461.870465 1455.993071 1450.115676 1444.238281 1438.360886 
1757.701891 1757.067625 1756.433359 1757.022133 1758.240958 1759.459783 1760.678608 1761.683754 1762.597324 1763.510894 1764.424464 1765.484686 1766.596435 1768.842333 1772.789457 1776.736581 1780.683704 1783.532331 1784.98287 1786.828197 1792.226623 1797.62505 1803.023476 1808.499961 1814.455953 1820.411945 1825.606828 1828.888815 1831.159105 1834.037418 1837.243128 1840.611512 1804.684071 1803.480181 1805.705793 1806.872513 1794.924137 1775.169813 1756.511509 1742.237284 1727.963058 1713.688833 1697.918516 1677.410577 1656.902638 1645.134211 1634.336842 1623.539473 1612.742103 1597.221136 1581.398661 1570.067006 1561.72923 1553.391454 1545.053678 1534.97327 1523.91263 1513.102061 1502.874989 1492.647918 1486.596536 1480.719141 1474.841746 1468.964351 
1789.950834 1789.316568 1788.682302 1788.353795 1789.57262 1790.791445 1792.01027 1793.015416 1793.928986 1794.842556 1795.802698 1796.914447 1798.026196 1800.272094 1804.219218 1808.166342 1812.113465 1813.726282 1815.176821 1817.022149 1822.420575 1827.819001 1833.217427 1838.969908 1844.9259 1850.881891 1856.076775 1860.035505 1862.305795 1865.184108 1868.389818 1871.818294 1840.109909 1838.906018 1843.027218 1844.193937 1833.959062 1814.847301 1796.188997 1781.914771 1767.640546 1753.36632 1734.510315 1714.002376 1693.494437 1681.726011 1670.928641 1660.131272 1647.147982 1631.325508 1615.503034 1604.171379 1595.833603 1587.495827 1578.790464 1567.729825 1556.669185 1545.858616 1535.631544 1525.404473 1517.200001 1511.322606 1505.445211 1499.567816 
1822.199776 1821.56551 1820.931244 1820.296978 1820.904283 1822.123108 1823.341933 1824.347079 1825.260649 1826.174219 1827.232459 1828.344208 1829.455957 1831.701855 1835.648979 1839.596103 1842.469695 1843.920234 1845.370773 1847.216101 1852.614527 1858.012953 1863.483862 1869.439854 1875.395846 1881.351838 1886.546722 1891.182195 1893.452485 1896.330798 1899.576569 1903.025076 1875.535746 1874.331856 1880.348642 1881.515362 1871.280486 1854.524788 1835.866485 1821.592259 1807.318033 1791.610054 1771.102115 1750.594175 1730.086236 1718.31781 1707.520441 1696.723071 1681.252355 1665.429881 1649.607407 1638.275751 1629.937975 1621.600199 1611.547019 1600.48638 1589.42574 1578.615171 1568.3881 1558.161028 1547.933956 1541.926071 1536.048676 1530.171281 
1854.448719 1853.814453 1853.180186 1852.54592 1852.235945 1853.45477 1854.673595 1855.678741 1856.592311 1857.550472 1858.66222 1859.773969 1860.885718 1863.131616 1867.07874 1871.025863 1872.663646 1874.114185 1875.564724 1877.410052 1882.808478 1888.206904 1893.953809 1899.909801 1905.865793 1911.821785 1917.016668 1922.021275 1924.599175 1927.477488 1930.783351 1934.231858 1910.961583 1910.364025 1917.670066 1918.836786 1908.60191 1894.202276 1875.543972 1861.269747 1846.995521 1828.201853 1807.693914 1787.185975 1766.678036 1754.909609 1744.11224 1731.179201 1715.356727 1699.534253 1683.711779 1672.380124 1664.042348 1655.364214 1644.303574 1633.242935 1622.182296 1611.371726 1601.144655 1590.917583 1580.690511 1572.529536 1566.652141 1560.774746 
1886.697661 1886.063395 1885.429129 1884.794863 1884.160597 1884.786433 1886.005257 1887.010404 1887.923974 1888.980232 1890.091981 1891.20373 1892.315479 1894.561377 1898.508501 1901.407059 1902.857598 1904.308137 1905.758676 1907.604004 1913.00243 1918.467764 1924.423756 1930.379748 1936.335739 1942.291731 1947.486615 1952.491221 1955.745865 1958.624178 1961.990134 1965.438641 1946.38742 1947.68545 1954.991491 1956.15821 1945.923335 1933.879764 1915.22146 1900.947234 1885.301592 1864.793652 1844.285713 1823.777774 1803.269835 1791.501409 1780.70404 1765.283574 1749.4611 1733.638626 1717.816152 1706.484496 1698.14672 1688.120769 1677.06013 1665.99949 1654.938851 1644.128282 1633.90121 1623.674138 1613.447066 1603.219995 1597.255606 1591.378212 
1918.946604 1918.312337 1917.678071 1917.043805 1916.409539 1916.118095 1917.33692 1918.342066 1919.298245 1920.409993 1921.521742 1922.633491 1923.74524 1925.991138 1929.938262 1931.601011 1933.05155 1934.502089 1935.952628 1937.797955 1943.196381 1948.93771 1954.893702 1960.849694 1966.805686 1972.761678 1977.956561 1982.961168 1986.892555 1989.770868 1993.196916 1996.645423 1981.813258 1985.006874 1992.312915 1993.479635 1983.244759 1973.009883 1954.898947 1940.624722 1921.893391 1901.385452 1880.877513 1860.369574 1839.861635 1828.093208 1815.21042 1799.387946 1783.565472 1767.742998 1751.920524 1740.588869 1731.937964 1720.877324 1709.816685 1698.756045 1687.695406 1676.884837 1666.657765 1656.430693 1646.203622 1635.97655 1627.859071 1621.981677 
1951.195546 1950.56128 1949.927014 1949.292748 1948.658482 1948.024216 1948.668582 1949.673729 1950.728006 1951.839754 1952.951503 1954.063252 1955.175001 1957.420899 1960.344423 1961.794962 1963.245501 1964.69604 1966.146579 1967.991907 1973.451665 1979.407657 1985.363649 1991.319641 1997.275633 2003.231625 2008.426508 2013.431115 2018.039245 2020.955191 2024.403698 2027.852205 2017.239095 2022.328298 2029.634339 2030.801059 2020.566183 2010.331307 1994.576435 1978.993129 1958.48519 1937.977251 1917.469312 1896.961373 1876.453434 1864.685008 1849.314793 1833.492319 1817.669845 1801.847371 1786.024897 1774.693241 1764.694519 1753.633879 1742.57324 1731.5126 1720.451961 1709.641392 1699.41432 1689.187248 1678.960177 1668.733105 1658.506033 1652.585142 
1983.444489 1982.810222 1982.175956 1981.54169 1980.907424 1980.273158 1980.000245 1981.046018 1982.157767 1983.269515 1984.381264 1985.493013 1986.604761 1988.85066 1990.538375 1991.988914 1993.439453 1994.889992 1996.340531 1998.185858 2003.921612 2009.877604 2015.833596 2021.789587 2027.745579 2033.701571 2038.896455 2043.901061 2048.905668 2052.161974 2055.610481 2059.058988 2052.664932 2059.649723 2066.955764 2068.122483 2057.887608 2047.652732 2034.253922 2015.584929 1995.07699 1974.569051 1954.061112 1933.553172 1913.045233 1899.24164 1883.419165 1867.596691 1851.774217 1835.951743 1820.129269 1808.511713 1797.451074 1786.390434 1775.329795 1764.269156 1753.208516 1742.397947 1732.170875 1721.943804 1711.716732 1701.48966 1691.262588 1683.188607 
2015.693431 2015.059165 2014.424899 2013.790633 2013.156367 2012.522101 2011.887835 2012.475779 2013.587528 2014.699276 2015.811025 2016.922774 2018.034522 2019.281787 2020.732326 2022.182865 2023.633404 2025.083943 2026.534482 2028.435567 2034.391559 2040.34755 2046.303542 2052.259534 2058.215526 2064.171518 2069.366401 2074.371008 2079.375614 2083.368756 2086.817263 2090.26577 2089.665106 2096.971147 2104.277188 2105.443908 2095.209032 2084.974156 2072.684667 2052.176728 2031.668789 2011.16085 1990.652911 1970.144972 1949.637033 1933.346012 1917.523538 1901.701064 1885.87859 1870.056116 1854.233642 1841.268268 1830.207629 1819.14699 1808.08635 1797.025711 1785.965071 1775.154502 1764.92743 1754.700359 1744.473287 1734.246215 1724.019143 1713.792072 
