765.3100891 745.8010387 726.2919882 706.7829377 687.2738873 667.7648368 648.2557863 635.9596015 626.7546449 617.5496882 608.3447316 599.1397749 589.9348183 584.6444139 585.2258381 585.8072622 586.3886864 586.9701105 587.5515347 585.437393 559.0631587 532.6889244 506.3146902 479.9404559 453.5662216 427.1919873 320.9416598 194.7223089 68.50295797 20.64571464 14.98345231 9.321189984 1 1 1 1 1 1 1 1 1 1 1 1 1 1 1 1 1 1 1 1 1 1 1 1 1 1 1 1 1 1 1 1 
943.5160092 924.0069587 904.4979082 884.9888578 865.4798073 845.9707568 746.0502658 672.3330485 636.621857 627.4169004 618.2119437 609.0069871 599.8020304 565.7399037 506.9796506 507.5610747 508.1424989 508.723923 509.3053472 507.1912055 480.8169712 454.4427369 428.0685026 401.6942683 375.6013433 360.479477 320.4886082 194.2692573 68.04990645 20.19266312 14.53040079 8.963957011 1 1 1 1 1 1 1 1 1 1 1 1 1 1 1 1 1 1 1 1 1 1 1 1 1 1 1 1 1 1 1 1 
1121.721929 1102.212879 1082.703828 1063.194778 1030.646034 924.2056967 817.7653592 744.0481419 684.3551189 637.2841125 628.0791558 618.8741992 609.6692425 575.6071159 504.2592342 432.9113525 429.8963113 430.4777355 431.0591596 428.9450179 402.5707836 376.1965494 349.8223151 326.2611728 311.1393066 296.0174403 275.6211588 193.8162058 67.59685493 19.7396116 14.07734927 9.032584255 1 1 1 1 1 1 1 1 1 1 1 1 1 1 1 1 1 1 1 1 1 1 1 1 1 1 1 1 1 1 1 1 
1299.927849 1280.418799 1260.909748 1208.801465 1102.361128 995.9207901 889.4804526 815.7632353 756.0702123 696.3771893 637.946368 628.7414113 619.5364547 585.474328 514.1264463 442.7785646 371.4306829 352.2315479 352.8129721 350.6988304 324.3245961 297.9503618 276.9210024 261.7991361 246.6772698 231.5554036 211.1591221 189.4442368 67.14380341 19.28656008 13.9117534 9.101211498 1 1 1 1 1 1 1 1 1 1 1 1 1 1 1 1 1 1 1 1 1 1 1 1 1 1 1 1 1 1 1 1 
1478.133769 1458.624719 1386.956896 1280.516559 1174.076221 1067.635884 961.195546 887.4783286 827.7853057 768.0922827 708.3992597 648.7062367 629.4036668 595.3415402 523.9936584 452.6457767 381.297895 309.9500133 274.5667846 272.4526429 246.0784086 227.5808319 212.4589657 197.3370994 182.2152331 167.0933669 146.6970854 124.9822001 66.69075188 18.83350856 13.98038064 9.169838741 1 1 1 1 1 1 1 1 1 1 1 1 1 1 1 1 1 1 1 1 1 1 1 1 1 1 1 1 1 1 1 1 
1656.339689 1565.112327 1458.67199 1352.231652 1245.791314 1139.350977 1032.910639 959.193422 899.5003991 839.8073761 780.1143531 720.4213301 660.7283072 605.2087523 533.8608706 462.5129889 391.1651072 319.8172255 248.4693438 194.2064553 178.2406615 163.1187952 147.9969289 132.8750627 117.7531964 102.6313302 82.23504869 60.52016341 38.80527814 18.85954978 14.04900788 9.238465985 1 1 1 1 1 1 1 1 1 1 1 1 1 1 1 1 1 1 1 1 1 1 1 1 1 1 1 1 1 1 1 1 
1475.653484 1369.213146 1262.772809 1156.332471 1049.892134 943.4517961 897.4437331 942.5978984 899.9644548 840.2714318 780.5784088 720.8853859 661.1923629 596.8373964 525.4895147 454.141633 382.7937513 311.4458696 240.0979879 287.2041748 173.8118499 158.6899836 143.5681174 128.4462511 113.3243848 98.20251859 78.89394436 57.17905908 35.46417381 24.73711173 19.92656983 15.11602793 1.737555958 1.737555958 1.737555958 1 1 1 1 1 1 1 1 1 1 1 1 1 1 1 1 1 1 1 1 1 1 1 1 1 1 1 1 1 
1235.151924 1128.711586 1022.271249 915.8309113 809.3905738 761.1442784 766.6155602 811.7697256 873.930841 828.8603146 769.1672916 709.4742686 649.7812457 585.4262792 514.0783975 442.7305158 371.3826341 300.0347524 366.8087255 422.9228595 275.0030761 164.2667096 149.1448433 134.0229771 118.9011108 103.7792445 85.45478638 64.02477682 42.30989154 31.58282946 26.77228756 19.47257116 2.59803791 2.59803791 2.268284055 1 1 1 1 1 1 1 1 1 1 1 1 1 1 1 1 1 1 1 1 1 1 1 1 1 1 1 1 1 
994.6503641 888.2100266 781.769689 675.3293515 624.8448237 630.3161056 635.7873874 680.9415528 743.1026681 805.2637835 757.7561744 698.0631514 638.3701284 574.015162 502.6672803 431.3193986 359.9715169 423.742841 502.5274102 558.6415442 410.7217608 262.8019775 154.7215693 139.599703 124.4778367 109.3559705 91.03151233 70.87049455 49.15560927 38.42854719 33.61800529 23.34342181 3.458519861 3.458519861 2.268284055 1 1 1 1 1 1 1 1 1 1 1 1 1 1 1 1 1 1 1 1 1 1 1 1 1 1 1 1 1 
754.1488043 647.7084667 541.2681292 488.545369 494.0166509 499.4879327 504.9592146 550.11338 612.2744953 674.4356107 736.5967261 686.6520342 626.9590112 562.6040447 491.256163 419.9082813 480.6769565 559.4615257 638.2460949 694.3602289 546.4404455 398.5206622 250.6008788 145.1764289 130.0545627 114.9326964 96.60823828 77.48313216 56.001327 45.27426492 38.09597167 27.21427245 4.319001812 4.219490294 2.268284055 1 1 1 1 1 1 1 1 1 1 1 1 1 1 1 1 1 1 1 1 1 1 1 1 1 1 1 1 1 
513.6472444 407.2069069 352.2459143 357.7171962 363.1884781 368.6597599 374.1310418 419.2852071 481.4463225 543.6074379 605.7685533 667.9296687 615.547894 551.1929275 479.8450458 537.6110719 616.3956412 695.1802104 773.9647796 830.0789136 682.1591302 534.2393469 386.3195635 238.3997802 135.6312886 120.5094224 102.1849642 83.0598581 62.84704474 52.11998266 41.96682231 31.08512309 5.179483764 4.219490294 2.268284055 1 1 1 1 1 1 1 1 1 1 1 1 1 1 1 1 1 1 1 1 1 1 1 1 1 1 1 1 1 
273.1456846 215.9464596 221.4177415 226.8890234 232.3603052 237.8315871 243.302869 288.4570343 350.6181497 412.7792651 474.9403805 537.1014959 599.2626112 539.7818103 594.5451874 673.3297566 752.1143259 830.8988951 909.6834643 965.7975983 817.8778149 669.9580316 522.0382482 374.1184649 226.1986815 126.0861483 107.7616902 88.63658405 69.51147793 56.71937218 45.83767296 34.95597374 6.039965715 4.219490294 2.268284055 1 1 1 1 1 1 1 1 1 1 1 1 1 1 1 1 1 1 1 1 1 1 1 1 1 1 1 1 1 
202.6899265 178.098456 183.5697379 189.0410197 194.5123016 199.9835835 205.4548654 250.6090307 312.7701461 374.9312615 437.0923768 499.2534922 561.4146076 609.3467462 688.1313155 766.9158847 845.7004539 924.4850232 1003.269592 1051.244559 894.3716911 746.4519077 598.5321244 450.612341 302.6925577 154.7727743 109.8887328 90.76362663 71.63852051 58.13460176 47.25290254 36.37120332 6.170696533 4.219490294 2.268284055 1 1 1 1 1 1 1 1 1 1 1 1 1 1 1 1 1 1 1 1 1 1 1 1 1 1 1 1 1 
358.9619041 264.2240113 269.6952931 275.166575 280.6378569 286.1091388 291.5804206 336.734586 398.8957014 461.0568167 523.2179321 585.3790475 661.098716 717.2580176 725.5407014 804.3252707 883.1098399 961.8944091 1040.678978 1088.653945 891.8991559 743.9793725 596.0595892 448.1398058 300.2200224 152.3002391 107.4161975 88.29109139 69.16598527 56.27566992 45.3939707 34.51227148 5.917039722 4.219490294 2.268284055 1 1 1 1 1 1 1 1 1 1 1 1 1 1 1 1 1 1 1 1 1 1 1 1 1 1 1 1 1 
515.2338817 377.5491997 355.8208484 361.2921303 366.7634122 372.234694 377.7059759 422.8601413 485.0212566 547.182372 609.3434874 671.5046028 813.6611814 869.820483 762.9500874 841.7346566 920.5192258 999.3037951 1078.088364 1126.063331 896.7518715 741.5068373 593.5870539 445.6672706 297.7474872 149.8277038 104.9436623 85.81855616 65.77173569 54.41673808 43.53503886 32.65333964 5.486798746 4.219490294 2.268284055 1 1 1 1 1 1 1 1 1 1 1 1 1 1 1 1 1 1 1 1 1 1 1 1 1 1 1 1 1 
671.5058593 533.8211773 441.9464037 447.4176856 452.8889674 458.3602493 463.8315312 508.9856965 571.1468119 633.3079273 695.4690427 768.4770005 966.2236469 1022.382948 866.161233 879.1440425 957.9286118 1036.713181 1115.49775 1163.472717 934.1612574 739.034302 591.1145187 443.1947353 295.274952 147.3551686 102.471127 83.34602092 62.37748611 51.36715167 41.67610702 30.7944078 5.056557771 4.219490294 2.268284055 1 1 1 1 1 1 1 1 1 1 1 1 1 1 1 1 1 1 1 1 1 1 1 1 1 1 1 1 1 
827.7778369 690.0931548 552.4084728 533.5432408 539.0145227 544.4858046 549.9570865 595.1112518 657.2723672 719.4334826 781.5945979 921.039466 1118.786112 1174.945414 1018.723698 916.5534285 995.3379977 1074.122567 1152.907136 1200.882103 971.5706433 742.2591841 588.6419834 440.7222001 292.8024167 144.8826334 99.99859181 80.87348569 58.98323652 47.97290208 39.81717519 28.93547597 4.626316795 4.219490294 2.268284055 1 1 1 1 1 1 1 1 1 1 1 1 1 1 1 1 1 1 1 1 1 1 1 1 1 1 1 1 1 
984.0498145 846.3651324 708.6804504 619.6687961 625.140078 630.6113599 636.0826418 681.2368071 743.3979225 805.5590378 875.8552851 1073.601931 1271.348578 1327.507879 1171.286164 1015.064448 1032.747384 1111.531953 1190.316522 1238.291489 1008.980029 779.6685701 586.1694482 438.2496649 290.3298815 142.4100981 97.52605657 78.40095045 55.58898694 44.5786525 37.95824335 27.07654413 4.196075819 4.196075819 2.268284055 1 1 1 1 1 1 1 1 1 1 1 1 1 1 1 1 1 1 1 1 1 1 1 1 1 1 1 1 1 
1140.321792 1002.63711 864.952428 727.267746 711.2656333 716.7369151 722.208197 767.3623624 829.5234777 891.6845931 1028.417751 1226.164397 1423.911043 1480.070345 1323.848629 1167.626914 1070.15677 1148.941339 1227.725908 1275.700874 1046.389415 817.077956 587.7664968 435.7771296 287.8573463 139.9375629 95.05352134 75.08194286 52.19473736 41.18440292 36.09931151 25.21761229 3.765834844 3.765834844 2.268284055 1 1 1 1 1 1 1 1 1 1 1 1 1 1 1 1 1 1 1 1 1 1 1 1 1 1 1 1 1 
1296.59377 1158.909088 1021.224406 883.5397236 797.3911885 802.8624704 808.3337523 853.4879176 915.649033 983.2335696 1180.980216 1378.726862 1576.473509 1632.63281 1476.411095 1320.189379 1163.967664 1186.350725 1265.135294 1313.11026 1083.798801 854.4873419 625.1758827 433.3045944 285.384811 137.4650277 92.5809861 71.68769327 48.80048777 37.79015333 33.17505716 23.35868045 3.335593868 3.335593868 2.268284055 1 1 1 1 1 1 1 1 1 1 1 1 1 1 1 1 1 1 1 1 1 1 1 1 1 1 1 1 1 
1452.865747 1315.181065 1177.496383 1039.811701 902.1270191 888.9880257 894.4593076 939.6134729 1001.774588 1135.796035 1333.542681 1531.289328 1729.035974 1785.195276 1628.97356 1472.751845 1316.530129 1223.760111 1302.54468 1350.519646 1121.208187 891.8967279 662.5852687 433.2738094 282.9122758 134.9924924 90.10845087 68.29344369 45.40623819 34.39590375 29.78080757 21.49974862 2.905352892 2.905352892 2.268284055 1 1 1 1 1 1 1 1 1 1 1 1 1 1 1 1 1 1 1 1 1 1 1 1 1 1 1 1 1 
1609.137725 1471.453043 1333.768361 1196.083679 1058.398997 975.113581 980.5848629 1025.739028 1090.611854 1288.358501 1486.105147 1683.851793 1881.59844 1937.757741 1781.536026 1625.31431 1469.092595 1312.870879 1339.954066 1387.929032 1158.617573 929.3061138 699.9946546 470.6831954 280.4397406 132.5199572 87.63591563 64.89919411 42.01198861 31.00165417 26.38655799 19.64081678 2.475111917 2.475111917 2.268284055 1 1 1 1 1 1 1 1 1 1 1 1 1 1 1 1 1 1 1 1 1 1 1 1 1 1 1 1 1 
1765.409702 1627.72502 1490.040338 1352.355656 1214.670974 1076.986292 1066.710418 1111.864583 1243.17432 1440.920966 1638.667612 1836.414259 2034.160905 2090.320207 1934.098491 1777.876776 1621.65506 1465.433345 1377.363452 1425.338418 1196.026959 966.7154998 737.4040405 508.0925813 278.7811221 130.047422 84.39215002 61.50494452 38.61773902 27.60740458 22.99230841 17.78188494 2.044870941 2.044870941 2.044870941 1 1 1 1 1 1 1 1 1 1 1 1 1 1 1 1 1 1 1 1 1 1 1 1 1 1 1 1 1 
1921.68168 1783.996998 1646.312316 1508.627634 1370.942952 1233.25827 1152.835973 1197.990139 1395.736785 1593.483431 1791.230078 1988.976724 2186.72337 2242.882672 2086.660957 1930.439241 1774.217526 1617.99581 1461.774095 1462.747804 1233.436345 1004.124886 774.8134265 545.5019673 316.190508 127.5748867 80.99790044 58.11069494 35.22348944 24.213155 19.59805882 14.98296265 1.614629965 1.614629965 1.614629965 1 1 1 1 1 1 1 1 1 1 1 1 1 1 1 1 1 1 1 1 1 1 1 1 1 1 1 1 1 
2077.953658 1940.268976 1802.584294 1664.899611 1527.214929 1389.530247 1251.845565 1350.552604 1548.299251 1746.045897 1943.792543 2141.53919 2339.285836 2395.445137 2239.223422 2083.001707 1926.779991 1770.558276 1614.33656 1500.15719 1270.845731 1041.534272 812.2228124 582.9113532 353.599894 125.1023515 77.60365086 54.71644536 31.82923986 20.81890542 16.20380924 11.58871306 1.18438899 1.18438899 1.18438899 1 1 1 1 1 1 1 1 1 1 1 1 1 1 1 1 1 1 1 1 1 1 1 1 1 1 1 1 1 
2046.560074 1908.875392 1771.19071 1633.506028 1495.821346 1358.136664 1283.148664 1337.885637 1535.632283 1733.37893 1931.125576 2128.872222 2326.618869 2382.77817 2226.556455 2070.334739 1914.113024 1757.891308 1601.669593 1554.200436 1324.888977 1095.577517 866.266058 636.9545988 407.6431396 173.0718944 78.10319306 55.21598756 32.32878207 21.31844763 16.70335145 12.08825527 1 1 1 1 1 1 1 1 1 1 1 1 1 1 1 1 1 1 1 1 1 1 1 1 1 1 1 1 1 1 1 1 
1874.417319 1736.732637 1599.047955 1461.363273 1323.678591 1243.86777 1347.324175 1373.380497 1399.043242 1596.789888 1794.536534 1992.283181 2190.029827 2246.189129 2089.967413 1933.745698 1777.523982 1621.302267 1597.722303 1620.719076 1391.407617 1162.096158 932.7846984 703.4732392 469.1942043 225.2722286 81.52307911 58.63587361 35.74866812 24.73833368 20.1232375 13.62671147 1 1 1 1 1 1 1 1 1 1 1 1 1 1 1 1 1 1 1 1 1 1 1 1 1 1 1 1 1 1 1 1 
1702.274565 1564.589883 1426.905201 1289.220519 1204.586876 1308.04328 1411.499685 1437.556008 1430.440866 1460.200846 1657.947493 1855.694139 2053.440785 2109.600087 1953.378372 1797.156656 1640.934941 1613.209922 1664.240943 1687.237716 1457.926257 1228.614798 999.3033388 765.3165143 521.3945385 277.4725628 130.7368553 62.05575966 39.16855417 28.15821973 23.54312355 13.63215077 1 1 1 1 1 1 1 1 1 1 1 1 1 1 1 1 1 1 1 1 1 1 1 1 1 1 1 1 1 1 1 1 
1530.13181 1392.447128 1254.762446 1165.305981 1268.762386 1372.218791 1475.675196 1501.731518 1494.616377 1487.501235 1521.358451 1719.105097 1916.851744 1973.011045 1816.78933 1660.567614 1628.697541 1679.728562 1730.759584 1753.756357 1524.444898 1295.133438 1061.438824 817.5168484 573.5948727 329.672897 182.9371894 65.47564572 42.58844022 31.57810578 25.22094493 13.63759006 1 1 1 1 1 1 1 1 1 1 1 1 1 1 1 1 1 1 1 1 1 1 1 1 1 1 1 1 1 1 1 1 
1357.989056 1220.304373 1126.025087 1229.481492 1332.937897 1436.394301 1539.850706 1565.907029 1558.791887 1551.676745 1544.561604 1582.516056 1780.262702 1836.422004 1680.200288 1644.18516 1695.216181 1746.247203 1797.278224 1820.274997 1590.963538 1357.561134 1113.639158 869.7171826 625.7952069 381.8732311 235.1375236 112.6983832 46.00832627 34.99799183 25.22638422 13.64302935 1 1 1 1 1 1 1 1 1 1 1 1 1 1 1 1 1 1 1 1 1 1 1 1 1 1 1 1 1 1 1 1 
1185.846301 1086.744193 1190.200598 1293.657002 1397.113407 1500.569812 1604.026217 1630.082539 1622.967397 1615.852256 1608.737114 1601.621973 1643.67366 1699.832962 1659.672779 1710.7038 1761.734822 1812.765843 1863.796864 1886.793638 1653.683444 1409.761468 1165.839493 921.9175168 677.9955411 434.0735653 287.3378578 164.8987173 49.42821232 36.81517838 25.23182351 13.64846864 1 1 1 1 1 1 1 1 1 1 1 1 1 1 1 1 1 1 1 1 1 1 1 1 1 1 1 1 1 1 1 1 
1037.502801 1140.959206 1244.415611 1347.872016 1451.32842 1554.784825 1658.24123 1683.066812 1675.951671 1668.836529 1661.721388 1654.606246 1647.491105 1651.855511 1702.886533 1753.917554 1804.948575 1855.979596 1907.010618 1932.91862 1690.745557 1446.823581 1202.901605 958.9796295 715.0576537 471.135678 324.3999705 201.96083 79.52168953 36.80781986 25.22446499 13.64111012 1 1 1 1 1 1 1 1 1 1 1 1 1 1 1 1 1 1 1 1 1 1 1 1 1 1 1 1 1 1 1 1 
1031.954832 1135.411237 1238.867642 1342.324047 1445.780451 1549.236856 1644.137129 1668.213473 1661.78852 1654.673379 1647.558237 1640.443096 1633.327954 1615.81723 1606.270965 1657.301986 1708.333007 1759.364028 1810.39505 1836.303052 1636.103884 1393.056364 1149.134389 905.2124129 661.2904372 417.3684615 270.6327539 148.1936135 47.13964239 36.72367446 25.14031959 13.55696472 1 1 1 1 1 1 1 1 1 1 1 1 1 1 1 1 1 1 1 1 1 1 1 1 1 1 1 1 1 1 1 1 
1026.406863 1129.863268 1233.319673 1336.776077 1440.232482 1535.341441 1628.363538 1652.439882 1646.968047 1640.510228 1633.395087 1626.279945 1619.164803 1601.654079 1568.549981 1560.686418 1611.717439 1662.74846 1713.779482 1739.687484 1539.488316 1339.289148 1095.367172 851.4451964 607.5232207 363.601245 216.8655374 94.42639696 43.27115445 33.55026984 25.0561742 13.47281933 1 1 1 1 1 1 1 1 1 1 1 1 1 1 1 1 1 1 1 1 1 1 1 1 1 1 1 1 1 1 1 1 
1020.858894 1124.315299 1227.771703 1331.228108 1426.545753 1519.56785 1612.589947 1636.666292 1631.194456 1625.722621 1619.231936 1612.116794 1605.001653 1587.490929 1554.38683 1521.282731 1515.101871 1566.132892 1617.163914 1643.071916 1442.872748 1242.67358 1041.599956 797.6779799 553.7560042 309.8340284 163.0983209 60.00766703 39.4026665 29.68178189 24.97202881 13.38867394 1 1 1 1 1 1 1 1 1 1 1 1 1 1 1 1 1 1 1 1 1 1 1 1 1 1 1 1 1 1 1 1 
1015.310925 1118.76733 1222.223734 1317.750065 1410.772162 1503.794259 1596.816357 1620.892701 1615.420866 1609.94903 1604.477195 1597.953644 1590.838502 1573.327778 1540.223679 1507.119581 1474.015482 1469.517324 1520.548346 1546.456348 1346.25718 1146.058012 945.8588438 743.9107634 499.9887877 256.0668119 109.3311044 56.13917908 35.53417855 25.81329395 21.95308715 13.30452855 1 1 1 1 1 1 1 1 1 1 1 1 1 1 1 1 1 1 1 1 1 1 1 1 1 1 1 1 1 1 1 1 
1009.762956 1113.21936 1208.954377 1301.976475 1394.998572 1488.020669 1581.042766 1605.11911 1599.647275 1594.17544 1588.703605 1583.231769 1576.675352 1559.164628 1526.060529 1492.95643 1459.852332 1426.748233 1423.932778 1449.84078 1249.641612 1049.442444 849.2432758 649.0441077 446.2215711 202.2995954 72.87569166 52.27069113 31.6656906 21.944806 18.0845992 13.22038316 1 1 1 1 1 1 1 1 1 1 1 1 1 1 1 1 1 1 1 1 1 1 1 1 1 1 1 1 1 1 1 1 
1004.214986 1100.15869 1193.180787 1286.202884 1379.224981 1472.247078 1565.269175 1589.34552 1583.873684 1578.401849 1572.930014 1567.458179 1561.986343 1545.001477 1511.897378 1478.79328 1445.689181 1412.585083 1379.480984 1353.225212 1153.026044 952.8268758 752.6277077 552.4285397 352.2293716 148.5323789 69.00720371 48.40220318 27.79720265 18.07631805 14.21611125 10.35590446 1 1 1 1 1 1 1 1 1 1 1 1 1 1 1 1 1 1 1 1 1 1 1 1 1 1 1 1 1 1 1 1 
1004.395168 1095.190191 1188.212288 1281.234385 1374.256482 1467.278579 1560.300676 1588.601494 1583.129659 1577.657824 1572.185988 1566.714153 1561.242318 1544.717577 1511.613479 1478.50938 1445.405281 1412.301183 1379.197084 1304.076924 1103.877756 903.6785877 703.4794196 503.2802515 303.0810835 111.2632576 67.99715643 47.3921559 26.78715537 17.06627076 13.20606397 9.345857171 1 1 1 1 1 1 1 1 1 1 1 1 1 1 1 1 1 1 1 1 1 1 1 1 1 1 1 1 1 1 1 1 
1006.86661 1094.543729 1187.565826 1280.587923 1373.61002 1466.632117 1559.654214 1592.179505 1588.397459 1582.925624 1577.453789 1571.981953 1566.510118 1549.985378 1516.881279 1483.77718 1450.673082 1417.568983 1384.464885 1273.915548 1073.71638 873.5172116 673.3180435 473.1188754 272.9197073 108.4809327 68.1304854 47.52548487 26.92048434 17.19959974 13.33939294 9.479186148 1 1 1 1 1 1 1 1 1 1 1 1 1 1 1 1 1 1 1 1 1 1 1 1 1 1 1 1 1 1 1 1 
1009.338051 1095.997079 1186.919364 1279.941461 1372.963558 1465.985655 1559.007752 1591.533043 1593.66526 1588.193424 1582.721589 1577.249754 1571.777919 1555.253178 1522.149079 1489.044981 1455.940882 1422.836784 1358.641775 1243.754172 1043.555004 843.3558354 643.1566674 442.9574993 250.0221611 105.6986078 68.26381438 47.65881385 27.05381332 17.33292872 13.47272192 9.542691081 1 1 1 1 1 1 1 1 1 1 1 1 1 1 1 1 1 1 1 1 1 1 1 1 1 1 1 1 1 1 1 1 
1011.809493 1098.468521 1186.272902 1279.294999 1372.317096 1465.339193 1558.36129 1590.886581 1597.484669 1593.461225 1587.98939 1582.517554 1577.045719 1560.520978 1527.41688 1494.312781 1461.208683 1428.104584 1328.480399 1213.592795 1013.393627 813.1944593 612.9952912 412.7961232 247.2398362 102.9162829 67.08807427 47.79214283 27.1871423 17.4662577 13.6060509 9.572341931 1 1 1 1 1 1 1 1 1 1 1 1 1 1 1 1 1 1 1 1 1 1 1 1 1 1 1 1 1 1 1 1 
1014.280935 1100.939963 1187.598991 1278.648537 1371.670634 1464.692731 1557.714828 1590.240119 1596.838207 1598.729025 1593.25719 1587.785355 1582.313519 1565.788779 1532.68468 1499.580582 1466.476483 1403.727563 1298.319023 1183.431419 983.2322513 783.0330832 582.8339151 388.7810646 244.4575113 100.133958 64.30574937 47.92547181 27.32047128 17.59958667 13.73937988 9.601992781 1 1 1 1 1 1 1 1 1 1 1 1 1 1 1 1 1 1 1 1 1 1 1 1 1 1 1 1 1 1 1 1 
1016.752376 1103.411404 1190.070433 1278.002075 1371.024172 1464.046269 1557.068366 1589.593657 1596.191745 1602.789833 1598.52499 1593.053155 1587.58132 1571.056579 1537.952481 1504.848382 1471.744283 1373.566187 1268.157647 1153.270043 953.0708751 752.871707 552.672539 385.9987397 241.6751864 97.35163309 61.52342447 48.05880078 27.45380025 17.73291565 13.87270886 9.631643631 1 1 1 1 1 1 1 1 1 1 1 1 1 1 1 1 1 1 1 1 1 1 1 1 1 1 1 1 1 1 1 1 
1019.223818 1105.882846 1192.541874 1279.200903 1370.37771 1463.399807 1556.421904 1588.947195 1595.545283 1602.143371 1603.792791 1598.320956 1592.84912 1576.32438 1543.220281 1510.116183 1448.813352 1343.404811 1237.99627 1123.108667 922.909499 722.7103309 527.5399682 383.2164148 238.8928615 94.56930819 58.74109956 48.19212976 27.58712923 17.86624463 13.94467731 9.661294481 1 1 1 1 1 1 1 1 1 1 1 1 1 1 1 1 1 1 1 1 1 1 1 1 1 1 1 1 1 1 1 1 
1021.69526 1108.354288 1195.013316 1281.672344 1369.731248 1462.753345 1555.775442 1588.300733 1594.898821 1601.496909 1608.094997 1603.588756 1598.116921 1581.59218 1548.488082 1515.383983 1418.651975 1313.243435 1207.834894 1092.947291 892.7481229 692.5489548 524.7576433 380.4340899 236.1105366 91.78698329 55.95877466 47.25440221 27.72045821 17.99957361 13.97432816 9.690945331 1 1 1 1 1 1 1 1 1 1 1 1 1 1 1 1 1 1 1 1 1 1 1 1 1 1 1 1 1 1 1 1 
1024.166701 1110.825729 1197.484758 1284.143786 1370.802814 1462.106883 1555.12898 1587.654271 1594.252359 1600.850447 1607.448535 1608.856556 1603.384721 1586.859981 1553.755882 1493.89914 1388.490599 1283.082059 1177.673518 1062.785915 862.5867467 666.2988717 521.9753184 377.651765 233.3282117 89.00465839 53.17644976 44.47207731 27.85378719 18.13290258 14.00397901 9.720596181 1 1 1 1 1 1 1 1 1 1 1 1 1 1 1 1 1 1 1 1 1 1 1 1 1 1 1 1 1 1 1 1 
1026.638143 1113.297171 1199.956199 1286.615228 1373.274256 1461.46042 1554.482518 1587.007808 1593.605897 1600.203985 1606.802073 1613.400161 1608.652522 1592.127781 1559.023682 1463.737764 1358.329223 1252.920683 1147.512142 1032.624539 832.4253706 663.5165468 519.1929935 374.8694401 230.5458868 86.22233348 50.39412486 41.68975241 27.98711617 18.26623156 14.03362986 9.750247031 1 1 1 1 1 1 1 1 1 1 1 1 1 1 1 1 1 1 1 1 1 1 1 1 1 1 1 1 1 1 1 1 
1029.109585 1115.768613 1202.427641 1289.086669 1375.745697 1462.404726 1553.836055 1586.361346 1592.959435 1599.557523 1606.155611 1612.753699 1613.920322 1597.395581 1538.984928 1433.576388 1328.167847 1222.759306 1117.350766 1002.463163 805.0577752 660.7342219 516.4106686 372.0871152 227.7635619 83.44000858 47.61179996 38.90742751 28.12044514 18.34666354 14.06328071 9.779897881 1 1 1 1 1 1 1 1 1 1 1 1 1 1 1 1 1 1 1 1 1 1 1 1 1 1 1 1 1 1 1 1 
1031.581026 1118.240054 1204.899083 1291.558111 1378.217139 1464.876167 1553.189593 1585.714884 1592.312973 1598.911061 1605.509149 1612.107237 1618.705326 1602.663382 1508.823552 1403.415011 1298.006471 1192.59793 1087.18939 972.3017864 802.2754503 657.951897 513.6283437 369.3047903 224.981237 80.65768368 44.82947506 36.12510261 27.42073016 18.37631439 14.09293156 9.809548731 1 1 1 1 1 1 1 1 1 1 1 1 1 1 1 1 1 1 1 1 1 1 1 1 1 1 1 1 1 1 1 1 
1034.052468 1120.711496 1207.370524 1294.029553 1380.688581 1467.347609 1554.006637 1585.068422 1591.66651 1598.264599 1604.862687 1611.460775 1618.058863 1584.070716 1478.662176 1373.253635 1267.845095 1162.436554 1057.028014 943.8166787 799.4931254 655.1695721 510.8460188 366.5224654 222.1989121 77.87535878 42.04715015 33.3427777 24.63840525 18.40596524 14.12258241 9.839199581 1 1 1 1 1 1 1 1 1 1 1 1 1 1 1 1 1 1 1 1 1 1 1 1 1 1 1 1 1 1 1 1 
995.0513433 1084.781634 1171.440662 1258.09969 1344.758718 1431.417747 1518.076775 1548.693145 1555.291233 1561.889322 1568.48741 1575.085498 1581.683586 1519.745118 1414.966542 1309.558001 1204.149461 1098.74092 993.3323795 884.0323377 739.7087844 595.385231 451.0616777 306.7381244 162.4145711 48.30011704 41.63272245 32.92835 24.22397755 18.39324836 14.10986553 9.8264827 1 1 1 1 1 1 1 1 1 1 1 1 1 1 1 1 1 1 1 1 1 1 1 1 1 1 1 1 1 1 1 1 
949.1381244 1042.451554 1129.110583 1215.769611 1302.428639 1389.087667 1475.746695 1506.363066 1512.961154 1519.559242 1526.15733 1532.755419 1512.536151 1435.026315 1345.681865 1240.273324 1134.864784 1029.456243 924.0477025 814.7476606 670.4241073 526.100554 381.7770006 237.4534473 93.12989398 46.29934296 41.61294428 32.90857183 24.20419938 18.37347019 14.09008736 9.806704531 1 1 1 1 1 1 1 1 1 1 1 1 1 1 1 1 1 1 1 1 1 1 1 1 1 1 1 1 1 1 1 1 
903.2249054 997.196463 1086.780503 1173.439531 1260.098559 1346.757588 1433.416616 1464.032986 1470.631074 1477.229163 1483.827251 1490.425339 1427.817348 1350.307511 1276.397188 1170.988647 1065.580107 960.171566 854.7630254 745.4629835 601.1394302 456.8158769 312.4923236 168.1687702 51.30803446 44.29856889 41.59316611 32.88879366 24.18442121 18.35369202 14.07030919 9.761400216 1 1 1 1 1 1 1 1 1 1 1 1 1 1 1 1 1 1 1 1 1 1 1 1 1 1 1 1 1 1 1 1 
857.3116864 951.283244 1044.450423 1131.109452 1217.76848 1304.427508 1391.086536 1421.702906 1428.300995 1434.899083 1441.497171 1423.008056 1343.098544 1265.588708 1191.678384 1101.70397 996.2954295 890.8868889 785.4783483 676.1783065 531.8547531 387.5311998 243.2076465 98.88409316 49.30726039 42.29779482 40.4009618 32.86901549 24.16464304 18.33391385 14.05053102 9.710352518 1 1 1 1 1 1 1 1 1 1 1 1 1 1 1 1 1 1 1 1 1 1 1 1 1 1 1 1 1 1 1 1 
811.3984674 905.3700251 999.3415827 1088.779372 1175.4384 1262.097428 1348.756457 1379.372827 1385.970915 1392.569003 1399.167092 1338.289252 1258.379741 1180.869904 1106.959581 1032.419293 927.0107524 821.6022118 716.1936712 606.8936294 462.5700761 318.2465227 173.9229694 54.31595189 47.30648632 40.29702075 38.40018772 32.84923732 24.14486487 18.31413568 14.03075285 9.659304821 1 1 1 1 1 1 1 1 1 1 1 1 1 1 1 1 1 1 1 1 1 1 1 1 1 1 1 1 1 1 1 1 
765.4852485 859.4568061 953.4283637 1046.449293 1133.108321 1219.767349 1306.426377 1337.042747 1343.640836 1350.238924 1333.47996 1253.570449 1173.660937 1096.151101 1022.240777 948.3304539 857.7260753 752.3175347 646.9089942 537.6089523 393.285399 248.9618457 104.6382923 52.31517781 45.30571224 38.29624667 36.39941365 32.82945915 24.1250867 18.29435751 14.01097468 9.608257124 1 1 1 1 1 1 1 1 1 1 1 1 1 1 1 1 1 1 1 1 1 1 1 1 1 1 1 1 1 1 1 1 
719.5720295 813.5435871 907.5151447 1001.486702 1090.778241 1177.437269 1264.096298 1294.712668 1301.310756 1307.908844 1248.761157 1168.851645 1088.942134 1011.432298 937.521974 863.6116505 788.4413982 683.0328577 577.6243171 468.3242752 324.0007219 179.6771686 57.32386931 50.31440374 43.30493817 36.2954726 34.39863958 32.80968098 24.10530853 18.27457934 13.96822298 9.557209426 1 1 1 1 1 1 1 1 1 1 1 1 1 1 1 1 1 1 1 1 1 1 1 1 1 1 1 1 1 1 1 1 
673.6588105 767.6303681 861.6019258 955.5734834 1048.448162 1135.10719 1221.766218 1252.382588 1258.980677 1243.951865 1164.042353 1084.132842 1004.22333 926.7134942 852.8031706 778.8928471 704.9825235 613.7481806 508.33964 399.0395982 254.7160448 110.3924915 55.32309524 48.31362967 41.3041641 34.29469853 32.39786551 31.77919062 24.08553036 18.25480117 13.91717528 9.506161729 1 1 1 1 1 1 1 1 1 1 1 1 1 1 1 1 1 1 1 1 1 1 1 1 1 1 1 1 1 1 1 1 
627.7455915 721.7171492 815.6887068 909.6602644 1003.631822 1092.77711 1179.436138 1210.052509 1216.650597 1159.233061 1079.32355 999.4140385 919.504527 841.9946908 768.0843672 694.1740436 620.2637201 544.4635035 439.0549629 329.7549211 185.4313678 60.33178674 53.32232117 46.3128556 39.30339003 32.29392446 30.39709143 29.77841654 24.06575219 18.235023 13.86612758 9.455114032 1 1 1 1 1 1 1 1 1 1 1 1 1 1 1 1 1 1 1 1 1 1 1 1 1 1 1 1 1 1 1 1 
581.8323726 675.8039302 769.7754878 863.7470455 957.7186031 1050.447031 1137.106059 1167.722429 1154.423769 1074.514258 994.6047465 914.6952351 834.7857236 757.2758873 683.3655638 609.4552402 535.5449167 461.6345931 369.7702859 260.470244 116.1466907 58.33101267 51.32154709 44.31208152 37.30261595 30.29315038 28.39631736 27.77764247 24.04597402 18.21524483 13.81507989 9.404066334 1 1 1 1 1 1 1 1 1 1 1 1 1 1 1 1 1 1 1 1 1 1 1 1 1 1 1 1 1 1 1 1 
535.9191536 629.8907112 723.8622689 817.8338265 911.8053841 1005.776942 1094.775979 1125.39235 1069.704966 989.7954546 909.8859431 829.9764317 750.0669202 672.5570839 598.6467604 524.7364368 450.8261133 376.9157897 300.4856088 191.185567 63.33970416 56.33023859 49.32077302 42.31130745 35.30184188 28.29237631 26.39554329 25.7768684 24.02619585 18.17504574 13.76403219 9.353018637 1 1 1 1 1 1 1 1 1 1 1 1 1 1 1 1 1 1 1 1 1 1 1 1 1 1 1 1 1 1 1 1 
490.0059346 583.9774923 677.9490499 771.9206075 865.8921651 959.8637228 1052.4459 1064.895674 984.9861626 905.0766512 825.1671397 745.2576283 665.3481168 587.8382805 513.927957 440.0176334 366.1073099 292.1969863 218.2866628 121.9008899 61.33893009 54.32946452 47.31999895 40.31053338 33.30106781 26.29160224 24.39476922 23.77609433 23.15741944 18.12399804 13.71298449 9.30197094 1 1 1 1 1 1 1 1 1 1 1 1 1 1 1 1 1 1 1 1 1 1 1 1 1 1 1 1 1 1 1 1 
444.0927157 538.0642733 632.0358309 726.0073885 819.9789462 913.9505038 1007.922061 980.1768707 900.2673592 820.3578478 740.4483363 660.5388249 580.6293134 503.1194771 429.2091535 355.29883 281.3885064 207.4781829 133.5678593 66.34762159 59.33815602 52.32869045 45.31922488 38.30975931 31.30029374 24.29082817 22.39399514 21.77532025 21.15664537 18.07295035 13.66193679 9.250923242 1 1 1 1 1 1 1 1 1 1 1 1 1 1 1 1 1 1 1 1 1 1 1 1 1 1 1 1 1 1 1 1 
