33.49673068 35.61193228 37.72713388 39.84233548 41.95753708 44.07273867 46.18794027 48.55793701 51.03713166 53.51632632 55.99552097 58.47471563 60.95391028 60.74938983 56.51929673 52.28920363 48.05911053 43.82901743 39.59892433 37.92871245 59.29743157 80.6661507 102.0348698 123.403589 144.7723081 166.1410272 148.2575495 120.5610226 92.86449569 75.77660175 64.40104864 53.02549554 1 1 1 1 1 1 1 1 1 1 1 1 1 1 1 1 1 1 1 1 1 1 1 1 1 1 1 1 1 1 1 1 
381.0971585 252.861561 150.3588406 150.7876283 151.2164159 151.6452036 152.0739913 151.5057733 150.5102673 149.5147612 148.5192552 155.3055918 193.219299 189.2479224 122.44892 113.6604914 143.5457787 173.4310661 203.3163534 228.4252258 210.5463638 238.4229515 373.0622553 507.7015591 642.3408629 776.9801667 657.6406368 474.8063985 387.7467404 285.6977677 133.38323 42.15960572 10.37984122 8.642833588 4.010813232 1 1 1 1 1 1 1 1 1 1 1 1 1 1 1 1 1 1 1 1 1 1 1 1 1 1 1 1 1 
1067.548327 1032.618295 904.3826976 776.1471001 647.9115026 519.6759052 391.4403077 352.7488196 383.0166972 420.9304045 458.8441117 496.757819 534.6715263 530.7001496 463.9011472 397.1021448 330.3031423 263.5041399 196.7051374 153.162592 135.28373 117.404868 99.52600594 81.64714392 63.76828189 46.88938398 37.84923246 29.15059459 20.45195671 17.31506425 17.72780998 18.1405557 1 1 1 1 1 1 1 1 1 1 1 1 1 1 1 1 1 1 1 1 1 1 1 1 1 1 1 1 1 1 1 1 
546.4923266 587.9898794 629.4874322 670.9849851 712.4825379 720.9499411 696.3871947 688.797562 688.4821208 680.4924466 671.6500799 662.8077132 653.9653464 612.9983497 523.8444078 434.690466 345.5365241 256.3825823 205.7125288 162.3128354 145.8624936 128.1095665 107.3172738 86.5249812 65.73268857 44.94039594 33.94871929 25.40719665 18.25671604 15.89973184 15.14908596 14.27779394 1 1 1 1 1 1 1 1 1 1 1 1 1 1 1 1 1 1 1 1 1 1 1 1 1 1 1 1 1 1 1 1 
529.6658862 571.1634391 612.6609919 675.748173 746.0318969 816.3156209 886.5993448 819.8489599 694.3696712 568.8903825 443.4110938 393.7458044 384.9034377 343.9364409 254.7824991 176.106095 156.8024053 137.4987155 118.1950257 100.3115868 95.21040605 90.10922531 85.00804456 79.12230822 58.33001559 37.53772296 26.54604632 20.91872 16.69452525 14.5681451 13.57135741 12.65300451 1 1 1 1 1 1 1 1 1 1 1 1 1 1 1 1 1 1 1 1 1 1 1 1 1 1 1 1 1 1 1 1 
717.0424787 787.3262026 857.6099265 927.8936504 933.1314447 840.8003444 748.4692441 694.0680402 655.9225062 617.7769723 492.2976836 366.8183949 241.3391062 160.6430229 147.1217477 133.6004725 116.0315071 96.72781735 77.42412756 59.54068868 54.43950793 49.33832719 44.23714644 38.99937307 33.62500708 28.2506411 24.33362366 20.47876186 16.25456711 14.12818695 13.13139927 11.79169684 1 1 1 1 1 1 1 1 1 1 1 1 1 1 1 1 1 1 1 1 1 1 1 1 1 1 1 1 1 1 1 1 
891.6282642 799.2971639 706.9660636 614.6349633 522.3038631 429.9727628 364.4572084 349.9229236 311.7773896 273.6318556 235.4863216 197.3407877 159.1952537 134.7008318 123.7930249 110.2717497 96.75047454 83.22919934 69.70792415 57.2720554 53.45430368 48.07993769 42.7055717 37.33120571 31.95683973 26.58247374 22.6654563 19.11277601 15.56009571 13.61832799 12.2181112 10.81789442 1 1 1 1 1 1 1 1 1 1 1 1 1 1 1 1 1 1 1 1 1 1 1 1 1 1 1 1 1 1 1 1 
615.1986727 522.8675724 430.5364721 338.2053718 306.6561756 285.8331979 265.0102201 251.1579531 240.2931336 229.4283141 203.5591017 165.4135677 127.2680337 102.7736118 98.75585796 94.73810414 88.34446997 74.82319477 61.30191958 48.86605083 46.19884009 43.53162935 40.86441861 35.62541038 30.25104439 24.87667841 20.95966097 17.64352665 15.14216177 13.08112099 11.28895728 9.888740492 1 1 1 1 1 1 1 1 1 1 1 1 1 1 1 1 1 1 1 1 1 1 1 1 1 1 1 1 1 1 1 1 
338.7690811 269.6781206 248.8551429 228.0321651 207.2091873 186.3862095 165.5632318 151.7109648 140.8461453 129.9813258 119.1165063 108.2516868 95.34081373 70.84639181 66.82863799 62.81088416 58.79313034 54.77537652 50.7576227 40.46004625 37.79283552 35.12562478 32.45841404 29.7912033 27.12399256 23.17088308 19.74009902 17.23873415 14.73736928 12.6763285 10.8523853 9.028442109 1 1 1 1 1 1 1 1 1 1 1 1 1 1 1 1 1 1 1 1 1 1 1 1 1 1 1 1 1 1 1 1 
243.2456654 232.1312126 213.2499398 192.426962 171.6039842 150.7810064 129.9580287 119.6724896 111.3553329 100.4905134 89.62569387 78.76087438 67.89605489 59.77006166 55.75230784 51.73455402 47.71680019 43.69904637 40.00119027 37.07818393 34.41097319 31.74376245 29.07655172 26.40934098 23.74213024 21.45313183 19.26872358 16.7673587 14.26599383 12.20495305 10.38100986 8.553297944 1 1 1 1 1 1 1 1 1 1 1 1 1 1 1 1 1 1 1 1 1 1 1 1 1 1 1 1 1 1 1 1 
215.5620656 204.4476128 193.3331599 180.7624284 159.9394506 139.1164728 118.293495 108.007956 102.238462 96.46896807 86.36844741 75.50362792 64.63880842 56.5128152 52.49506137 48.47730755 44.45955373 41.45480937 38.5033813 35.58037496 32.91316422 30.24595348 27.57874274 25.15737001 22.8683716 20.57937319 18.48645938 16.27101465 13.76964978 11.70860899 9.8846658 8.025861976 1 1 1 1 1 1 1 1 1 1 1 1 1 1 1 1 1 1 1 1 1 1 1 1 1 1 1 1 1 1 1 1 
187.8784658 176.764013 165.6495602 154.5351073 143.4206545 127.4519392 106.6289614 96.34342233 90.57392839 84.80443444 79.0349405 72.24638145 61.38156196 53.25556873 49.23781491 45.85985654 42.90842847 39.95700039 37.00557232 34.08256598 31.41535524 28.8616082 26.57260979 24.28361138 21.99461296 19.70561455 17.61270075 15.56880809 13.27330572 11.21226494 9.360056369 7.498426008 1 1 1 1 1 1 1 1 1 1 1 1 1 1 1 1 1 1 1 1 1 1 1 1 1 1 1 1 1 1 1 1 
160.194866 149.0804132 137.9659604 126.8515075 115.7370547 104.6226019 93.50814905 84.6788887 78.90939476 73.13990082 67.37040688 61.60091294 55.831419 50.26490371 47.31347563 44.36204756 41.41061949 38.45919141 35.50776334 32.584757 30.27684797 27.98784956 25.69885115 23.40985274 21.12085433 18.83185592 16.73894211 14.69504946 12.6511568 10.69425076 8.832620401 6.970990039 1 1 1 1 1 1 1 1 1 1 1 1 1 1 1 1 1 1 1 1 1 1 1 1 1 1 1 1 1 1 1 1 
150.1403374 139.0258845 127.9114317 116.7969789 105.6825261 94.56807322 86.61485297 80.82248765 75.05299371 69.28349977 63.51400583 57.74451189 52.26235931 48.37688836 45.65310267 42.70167459 39.75024652 36.79881845 33.84739037 31.0328242 29.30877723 27.01977882 24.73078041 22.441782 20.15278359 17.86378518 15.77087137 13.72697872 11.76836295 10.45466009 8.593029731 6.731399369 1 1 1 1 1 1 1 1 1 1 1 1 1 1 1 1 1 1 1 1 1 1 1 1 1 1 1 1 1 1 1 1 
141.8487158 130.734263 119.6198102 108.5053573 97.39090451 89.38499705 83.53926517 77.74689985 71.97740591 66.20791197 60.43841803 54.94668741 50.13499802 46.24952707 43.75338376 41.02504522 38.07361715 35.12218908 32.170761 29.35619483 27.77338573 26.04227687 23.75327846 21.46428005 19.17528163 16.88628322 14.79336942 12.74947676 11.21298159 10.03850104 8.38222359 6.520593229 1 1 1 1 1 1 1 1 1 1 1 1 1 1 1 1 1 1 1 1 1 1 1 1 1 1 1 1 1 1 1 1 
133.5570943 122.4426415 111.3281886 100.2137358 92.15514113 86.30940925 80.46367738 74.67131206 68.90181812 63.13232418 57.63101551 52.81932612 48.00763673 44.12216578 41.62602247 39.12987917 36.39698778 33.44555971 30.49413164 27.67956546 26.09675636 24.51394725 22.7757765 20.48677809 18.19777968 15.90878127 13.81586747 11.84872401 10.65760024 9.483119687 8.17141745 6.309787089 1 1 1 1 1 1 1 1 1 1 1 1 1 1 1 1 1 1 1 1 1 1 1 1 1 1 1 1 1 1 1 1 
125.2654727 114.1510199 103.0365671 94.92528521 89.07955333 83.23382146 77.38808959 71.59572427 65.82623033 60.31534362 55.50365422 50.69196483 45.88027544 41.99480449 39.49866118 37.00251788 34.50637457 31.76893034 28.81750227 26.00293609 24.42012699 22.83731789 21.25450878 19.50927614 17.22027773 14.93127932 12.83836551 11.29334265 10.10221888 8.927738329 7.762219518 6.098980948 1 1 1 1 1 1 1 1 1 1 1 1 1 1 1 1 1 1 1 1 1 1 1 1 1 1 1 1 1 1 1 1 
116.9738512 105.8593984 97.69542928 91.84969741 86.00396554 80.15823367 74.31250179 68.52013647 62.99967172 58.18798233 53.37629294 48.56460355 43.75291416 39.8674432 37.3712999 34.87515659 32.37901329 29.88286998 27.1408729 24.32630673 22.74349762 21.16068852 19.57787942 17.99507031 16.24277578 13.95377737 11.92908507 10.7379613 9.54683752 8.372356972 7.20683816 5.888174808 1 1 1 1 1 1 1 1 1 1 1 1 1 1 1 1 1 1 1 1 1 1 1 1 1 1 1 1 1 1 1 1 
108.6822297 100.4655734 94.61984149 88.77410962 82.92837775 77.08264587 71.236914 65.68399982 60.87231043 56.06062104 51.24893165 46.43724226 41.62555287 37.74008191 35.24393861 32.7477953 30.251652 27.75550869 25.25936539 22.64967736 21.06686825 19.48405915 17.90125005 16.31844095 14.73563184 12.97627541 11.37370371 10.18257994 8.991456163 7.816975614 6.651456803 5.485937991 1 1 1 1 1 1 1 1 1 1 1 1 1 1 1 1 1 1 1 1 1 1 1 1 1 1 1 1 1 1 1 1 
103.6564089 98.33099918 92.4852673 86.63953543 80.79380356 74.94807169 69.10233981 64.26504923 59.45335984 54.64167045 49.82998106 45.01829167 40.20660228 36.32113133 33.82498802 31.32884472 28.83270141 26.33655811 23.8404148 21.66040399 20.07759488 18.49478578 16.91197668 15.32916757 13.74635847 12.17440377 10.97764749 9.786523718 8.595399943 7.477430449 6.311911638 5.146392826 1 1 1 1 1 1 1 1 1 1 1 1 1 1 1 1 1 1 1 1 1 1 1 1 1 1 1 1 1 1 1 1 
101.3520889 96.46991647 91.13487112 85.28913925 79.44340738 73.59767551 67.75194363 62.9989824 58.62475151 53.81306212 49.00137273 44.18968334 39.37799395 35.49252299 32.99637969 30.50023638 28.00409308 25.50794977 23.27407205 21.24392728 19.66111818 18.07830907 16.49549997 14.91269087 13.34041692 11.78953251 10.71436222 9.523238446 8.332114671 7.293679255 6.152229967 4.986711155 1 1 1 1 1 1 1 1 1 1 1 1 1 1 1 1 1 1 1 1 1 1 1 1 1 1 1 1 1 1 1 1 
99.0477688 94.16559641 89.28342401 83.93874307 78.0930112 72.24727932 66.40154745 61.64858622 57.36395526 52.98445379 48.1727644 43.36107501 38.54938562 34.66391466 32.16777136 29.67162805 27.17548475 24.93744408 22.85759534 20.82745057 19.24464147 17.66183237 16.07902326 14.50643007 12.95554566 11.40466126 10.33808796 9.259953175 8.0688294 7.030393983 5.992548295 4.827029484 1 1 1 1 1 1 1 1 1 1 1 1 1 1 1 1 1 1 1 1 1 1 1 1 1 1 1 1 1 1 1 1 
96.74344874 91.86127634 86.97910395 82.09693155 76.74261502 70.89688314 65.05115127 60.29819004 56.01355908 51.72892812 47.34415606 42.53246667 37.72077728 33.83530633 31.33916302 28.84301972 26.6008161 24.52096737 22.44111864 20.41097387 18.82816476 17.24535566 15.67244321 14.12155881 12.57067441 11.01979 9.953216701 8.996667903 7.805544128 6.767108711 5.810890103 4.667347813 1 1 1 1 1 1 1 1 1 1 1 1 1 1 1 1 1 1 1 1 1 1 1 1 1 1 1 1 1 1 1 1 
94.43912867 89.55695628 84.67478388 79.79261149 74.9104391 69.54648696 63.70075509 58.94779386 54.6631629 50.37853194 46.09390098 41.70385834 36.89216895 33.00669799 30.51055469 28.26418813 26.1843394 24.10449066 22.02464193 19.99449716 18.41168806 16.83845636 15.28757196 13.73668756 12.18580315 10.63491875 9.568345447 8.62284992 7.542258856 6.50382344 5.547604831 4.507666142 1 1 1 1 1 1 1 1 1 1 1 1 1 1 1 1 1 1 1 1 1 1 1 1 1 1 1 1 1 1 1 1 
92.13480861 87.25263621 82.37046382 77.48829142 72.60611903 67.72394664 62.35035891 57.59739768 53.31276672 49.02813576 44.7435048 40.45887385 36.06356062 32.17808966 29.92756015 27.84771142 25.76786269 23.68801396 21.60816522 19.57802045 18.00446951 16.45358511 14.90270071 13.3518163 11.8009319 10.25004749 9.183474192 8.237978665 7.278973585 6.240538168 5.28431956 4.328100951 1 1 1 1 1 1 1 1 1 1 1 1 1 1 1 1 1 1 1 1 1 1 1 1 1 1 1 1 1 1 1 1 
90.68063585 85.79846345 80.91629106 76.03411866 71.15194627 66.26977388 61.38760148 56.6033415 52.31871054 48.03407958 43.74944862 39.46481767 35.18018671 31.6755437 29.59569496 27.51584623 25.4359975 23.35614877 21.27630003 19.24934773 17.69846333 16.14757893 14.59669452 13.04581012 11.49492572 9.944041312 8.87517662 7.929681093 6.984185566 6.029099584 5.072880975 4.116662367 1 1 1 1 1 1 1 1 1 1 1 1 1 1 1 1 1 1 1 1 1 1 1 1 1 1 1 1 1 1 1 1 
93.05212595 88.16995356 83.28778117 78.40560877 73.52343638 68.64126398 62.21065304 57.21281532 52.92818436 48.64355341 44.35892245 40.07429149 35.70583015 32.04719804 29.6445816 27.56473287 25.48488414 23.4050354 21.32518667 19.29823437 17.74734997 16.19646556 14.64558116 13.09469676 11.54381235 9.980579908 8.911460618 7.965965091 7.013627271 6.050971092 5.094752483 4.141174855 1 1 1 1 1 1 1 1 1 1 1 1 1 1 1 1 1 1 1 1 1 1 1 1 1 1 1 1 1 1 1 1 
95.42361606 90.54144367 85.65927128 80.77709888 75.89492649 69.48211369 62.82012686 57.82228915 53.53765819 49.25302723 44.96839627 40.60140564 36.16970384 32.51107173 30.01204416 27.61361951 25.53377077 23.45392204 21.37407331 19.34712101 17.7962366 16.2453522 14.6944678 13.14358339 11.58047825 10.01686391 8.947744615 8.002249088 7.035498779 6.0728426 5.116623992 4.178426189 1 1 1 1 1 1 1 1 1 1 1 1 1 1 1 1 1 1 1 1 1 1 1 1 1 1 1 1 1 1 1 1 
97.79510617 92.91293378 88.03076138 83.14858899 76.75357433 70.09158751 63.42960069 58.43176297 54.14713201 49.86250106 45.49698113 41.06527933 36.63357753 32.97494542 30.47591785 27.97689027 25.58265741 23.50280868 21.42295995 19.39600765 17.84512324 16.29423884 14.74335443 13.18037659 11.61676225 10.0531479 8.984028612 8.031981954 7.057370287 6.094714108 5.140825776 4.215677522 1 1 1 1 1 1 1 1 1 1 1 1 1 1 1 1 1 1 1 1 1 1 1 1 1 1 1 1 1 1 1 1 
100.1665963 95.28442389 90.40225149 84.02503498 77.36304816 70.70106134 64.03907451 59.0412368 54.75660584 50.39255663 45.96085482 41.52915302 37.09745122 33.43881911 30.93979153 28.44076396 25.94173639 23.55169532 21.47184658 19.44489428 17.89400988 16.34312548 14.78027493 13.21666059 11.65304624 10.0894319 9.02031261 8.053853462 7.079241795 6.116585616 5.17807711 4.252928856 1 1 1 1 1 1 1 1 1 1 1 1 1 1 1 1 1 1 1 1 1 1 1 1 1 1 1 1 1 1 1 1 
102.5380864 97.65591399 91.29649563 84.6345088 77.97252198 71.31053516 64.64854834 59.65071062 55.28813212 50.85643031 46.42472851 41.99302671 37.56132491 33.90269279 31.40366522 28.90463765 26.40561008 23.90658251 21.52073322 19.49378092 17.94289652 16.38017327 14.81655893 13.25294458 11.68933024 10.1257159 9.050336637 8.07572497 7.101113304 6.140476698 5.215328443 4.290180189 1 1 1 1 1 1 1 1 1 1 1 1 1 1 1 1 1 1 1 1 1 1 1 1 1 1 1 1 1 1 1 1 
104.9095765 98.56795627 91.90596945 85.24398263 78.58199581 71.92000899 65.25802217 60.18370761 55.75200581 51.320304 46.8886022 42.4569004 38.02519859 34.36656648 31.86753891 29.36851134 26.86948377 24.37045619 21.87142862 19.54266756 17.98007161 16.41645727 14.85284292 13.28922858 11.72561424 10.16199989 9.072208145 8.097596478 7.122984812 6.177728031 5.252579777 4.327431523 1 1 1 1 1 1 1 1 1 1 1 1 1 1 1 1 1 1 1 1 1 1 1 1 1 1 1 1 1 1 1 1 
105.294899 98.6329122 91.97092538 85.30893856 78.64695174 71.98496492 65.23580265 60.04278586 55.60464909 51.17294729 46.74124548 42.30954368 37.87784188 34.21920977 31.72018219 29.22115462 26.72212705 24.22309948 21.72407191 19.34636599 17.9115284 16.34791405 14.78429971 13.22068537 11.65707102 10.09345668 9.001044478 8.026432811 7.057810811 6.161194297 5.236046043 4.310897789 1 1 1 1 1 1 1 1 1 1 1 1 1 1 1 1 1 1 1 1 1 1 1 1 1 1 1 1 1 1 1 1 
105.238851 98.57686416 91.91487734 85.25289052 78.5909037 71.84345075 65.01053167 59.81751488 55.32731337 50.88976159 46.45805979 42.02635799 37.59465618 33.93602407 31.4369965 28.93796893 26.43894135 23.93991378 21.45160039 19.07496588 17.69272725 16.2560759 14.69246156 13.12884722 11.56523287 10.00161853 8.909206327 7.934594661 7.019879663 6.127938035 5.207560072 4.282411817 1 1 1 1 1 1 1 1 1 1 1 1 1 1 1 1 1 1 1 1 1 1 1 1 1 1 1 1 1 1 1 1 
105.1828029 98.52081612 91.85882929 85.19684247 78.45109885 71.61817977 64.78526069 59.5922439 55.10204239 50.61184087 46.17487409 41.74317229 37.31147049 33.65283838 31.1538108 28.65478323 26.15575566 23.66732322 21.18020029 18.80356578 17.42132715 16.03908851 14.60062341 13.03700906 11.47339472 9.909780379 8.817368177 7.847657147 6.981948515 6.090006886 5.1790741 4.253925846 1 1 1 1 1 1 1 1 1 1 1 1 1 1 1 1 1 1 1 1 1 1 1 1 1 1 1 1 1 1 1 1 
105.1267549 98.46476807 91.80278125 85.05874695 78.22582787 71.39290879 64.55998971 59.36697293 54.87677141 50.38656989 45.89636838 41.4599866 37.02828479 33.36965268 30.87062511 28.37159754 25.88304605 23.39592312 20.90880018 18.53216568 17.14992705 15.76768841 14.38544978 12.94517091 11.38155657 9.817942228 8.725530026 7.809725998 6.944017367 6.052075738 5.146008649 4.225439875 1 1 1 1 1 1 1 1 1 1 1 1 1 1 1 1 1 1 1 1 1 1 1 1 1 1 1 1 1 1 1 1 
105.0707068 98.40872003 91.66639504 84.83347597 78.00055689 71.16763781 64.33471873 59.14170195 54.65150043 50.16129891 45.6710974 41.18089588 36.7450991 33.08646699 30.58743941 28.09876888 25.61164595 23.12452301 20.63740008 18.26076558 16.87852695 15.49628831 14.11404967 12.73181104 11.28971842 9.726104078 8.637503482 7.77179485 6.906086218 6.01414459 5.108077501 4.196953904 1 1 1 1 1 1 1 1 1 1 1 1 1 1 1 1 1 1 1 1 1 1 1 1 1 1 1 1 1 1 1 1 
105.0146588 98.27404314 91.44112407 84.60820499 77.77528591 70.94236683 64.10944775 58.91643097 54.42622945 49.93602794 45.44582642 40.9556249 36.46542338 32.80328129 30.31449171 27.82736878 25.34024585 22.85312291 20.36599998 17.98936548 16.60712684 15.22488821 13.84264957 12.46041094 11.0781723 9.634265927 8.599572333 7.733863702 6.86815507 5.976213441 5.070146353 4.164079264 1 1 1 1 1 1 1 1 1 1 1 1 1 1 1 1 1 1 1 1 1 1 1 1 1 1 1 1 1 1 1 1 
105.7773949 98.84168019 92.00876111 85.17584203 78.34292296 71.51000388 64.6770848 59.48406802 54.9938665 50.50366498 46.01346346 41.52326195 37.03306043 32.70994928 30.22282634 27.73570341 25.24858048 22.76145755 20.27433462 17.93516083 16.5529222 15.17068356 13.78844493 12.40620629 11.02396766 9.596239748 8.575440957 7.709732325 6.844023694 5.952082065 5.046014977 4.139947888 1 1 1 1 1 1 1 1 1 1 1 1 1 1 1 1 1 1 1 1 1 1 1 1 1 1 1 1 1 1 1 1 
107.5226721 100.4613182 93.52788779 86.69496871 79.86204963 73.02913055 66.19621148 61.00319469 56.51299317 52.02279166 47.53259014 43.04238862 37.36845711 32.8339656 30.34684266 27.85971973 25.3725968 22.88547387 20.4433038 18.14159073 16.7593521 15.37711346 13.99487483 12.61263619 11.18672785 9.622532123 8.567869308 7.702160676 6.836452044 5.944510415 5.038443327 4.132503765 1 1 1 1 1 1 1 1 1 1 1 1 1 1 1 1 1 1 1 1 1 1 1 1 1 1 1 1 1 1 1 1 
109.2679493 102.2065954 95.14524145 88.21409539 81.38117631 74.54825723 67.71533815 62.52232137 58.03211985 53.54191833 49.05171682 43.39187732 37.49247343 32.95798191 30.47085898 27.98373605 25.49661312 23.05361059 20.6497337 18.34802063 16.965782 15.58354336 14.20130473 12.77721596 11.21302023 9.648824499 8.58868871 7.694589026 6.828880394 5.936938766 5.030871677 4.12521905 1 1 1 1 1 1 1 1 1 1 1 1 1 1 1 1 1 1 1 1 1 1 1 1 1 1 1 1 1 1 1 1 
111.0132265 103.9518725 96.89051862 89.8291647 82.90030298 76.0673839 69.23446483 64.04144804 59.55124652 55.06104501 49.41529754 43.51589364 37.61648974 33.08199823 30.5948753 28.10775237 25.66391738 23.26004049 20.8561636 18.55445053 17.1722119 15.78997326 14.36770407 12.80350834 11.23931261 9.675116875 8.614981085 7.687017377 6.821308745 5.929367116 5.023421758 4.117934335 1 1 1 1 1 1 1 1 1 1 1 1 1 1 1 1 1 1 1 1 1 1 1 1 1 1 1 1 1 1 1 1 
112.7585036 105.6971497 98.63579579 91.57444187 84.51308795 77.58651058 70.7535915 65.56057472 61.0703732 55.43871775 49.53931386 43.63990996 37.74050606 33.20601455 30.71889162 28.27422417 25.87034728 23.46647039 21.0625935 18.76088043 17.3786418 15.95819217 14.39399644 12.82980071 11.26560498 9.701409251 8.641273461 7.707152657 6.813737095 5.921795466 5.016137043 4.110649621 1 1 1 1 1 1 1 1 1 1 1 1 1 1 1 1 1 1 1 1 1 1 1 1 1 1 1 1 1 1 1 1 
114.5037808 107.4424269 100.381073 93.31971904 86.25836512 79.19701119 72.27271818 67.07970139 61.46213797 55.56273407 49.66333018 43.76392628 37.86452238 33.33003087 30.88453096 28.48065407 26.07677718 23.67290029 21.2690234 18.96731033 17.54868028 15.98448455 14.42028882 12.85609309 11.29189736 9.727701626 8.667565837 7.733445033 6.806165445 5.91433975 5.008852328 4.103364906 1 1 1 1 1 1 1 1 1 1 1 1 1 1 1 1 1 1 1 1 1 1 1 1 1 1 1 1 1 1 1 1 
116.2433067 109.1819527 102.1205988 95.05924488 87.99789096 80.93653703 73.87518311 67.57106773 61.67166384 55.77225994 49.87285604 43.97345214 38.07404825 33.50411041 31.10023352 28.69635663 26.29247974 23.88860285 21.48472596 19.16481718 17.60062145 16.03642572 14.47222999 12.90803426 11.34383853 9.779642799 8.697036009 7.762915205 6.828794401 5.909538394 5.004050972 4.09856355 1 1 1 1 1 1 1 1 1 1 1 1 1 1 1 1 1 1 1 1 1 1 1 1 1 1 1 1 1 1 1 1 
117.9253192 110.8639652 103.8026113 96.74125738 89.67990346 82.61854953 74.80749676 68.5074296 62.73628518 56.83688128 50.93747738 45.03807349 39.13866959 34.33194429 31.40866266 29.00478577 26.60090888 24.19703199 21.7931551 19.47324633 17.9090506 16.34485487 14.78065914 13.21646341 11.65226768 9.968084453 8.758284149 7.824163345 6.89004254 5.929570626 5.024083204 4.118595781 1 1 1 1 1 1 1 1 1 1 1 1 1 1 1 1 1 1 1 1 1 1 1 1 1 1 1 1 1 1 1 1 
119.6073317 112.5459777 105.4846238 98.42326988 91.36191595 83.5604747 75.53796841 69.23790125 63.67602229 57.90150262 52.00209873 46.10269483 40.20329093 35.39656564 32.22885825 29.31321492 26.90933803 24.50546114 22.10158425 19.78167548 18.21747975 16.65328402 15.08908828 13.52489255 11.84207282 10.14152767 8.872796618 7.885411484 6.95129068 5.981659675 5.044115435 4.138628013 1 1 1 1 1 1 1 1 1 1 1 1 1 1 1 1 1 1 1 1 1 1 1 1 1 1 1 1 1 1 1 1 
121.2893441 114.2279902 107.1666363 100.1052824 92.31345265 84.29094635 76.26844006 69.9683729 64.40649394 58.84461499 53.06672007 47.16731617 41.26791227 36.46118698 33.29347959 30.1257722 27.21776718 24.81389029 22.4100134 20.09010462 18.52590889 16.96171316 15.39751743 13.7160612 12.01551604 10.31497089 9.046239835 7.946659624 7.01253882 6.042907815 5.064147667 4.158660245 1 1 1 1 1 1 1 1 1 1 1 1 1 1 1 1 1 1 1 1 1 1 1 1 1 1 1 1 1 1 1 1 
122.9713566 115.9100027 108.8486488 101.0664306 93.0439243 85.021418 76.99891171 70.69884455 65.13696559 59.57508664 54.01320768 48.23193751 42.33253362 37.52580832 34.35810093 31.19039354 28.02268615 25.12231943 22.71844254 20.39853377 18.83433804 17.27014231 15.59004957 13.88950441 12.18895926 10.4884141 9.219683053 8.058905526 7.07378696 6.104155954 5.115404072 4.178692477 1 1 1 1 1 1 1 1 1 1 1 1 1 1 1 1 1 1 1 1 1 1 1 1 1 1 1 1 1 1 1 1 
124.6533691 117.5920152 109.8194085 101.7969022 93.77439595 85.75188965 77.72938336 71.4293162 65.86743724 60.30555829 54.74367933 49.18180038 43.39715496 38.59042966 35.42272227 32.25501488 29.08730749 25.9196001 23.02687169 20.70696292 19.14276719 17.46403794 15.76349278 14.06294763 12.36240248 10.66185732 9.39312627 8.232348743 7.135035099 6.165404094 5.176652211 4.198724708 1 1 1 1 1 1 1 1 1 1 1 1 1 1 1 1 1 1 1 1 1 1 1 1 1 1 1 1 1 1 1 1 
126.3353816 118.5723865 110.5498802 102.5273739 94.5048676 86.4823613 78.45985501 72.15978785 66.59790889 61.03602994 55.47415098 49.91227203 44.35039307 39.65505101 36.48734362 33.31963622 30.15192883 26.98422144 23.81651405 21.01539206 19.33802631 17.63748116 15.936936 14.23639085 12.53584569 10.83530054 9.566569487 8.40579196 7.245014434 6.226652234 5.237900351 4.249148468 1 1 1 1 1 1 1 1 1 1 1 1 1 1 1 1 1 1 1 1 1 1 1 1 1 1 1 1 1 1 1 1 
129.2711688 119.8529316 111.8304253 103.807919 95.78541272 87.76290642 79.74040013 73.44033297 67.87845401 62.31657506 56.7546961 51.19281714 45.63093819 40.36878745 37.20108006 34.03337267 30.86566528 27.69795789 24.5302505 21.163285 19.46273984 17.76219469 16.06164954 14.36110438 12.66055923 10.93452284 9.627935727 8.467158201 7.306380674 6.257419816 5.268667934 4.279916051 1 1 1 1 1 1 1 1 1 1 1 1 1 1 1 1 1 1 1 1 1 1 1 1 1 1 1 1 1 1 1 1 
132.6771214 121.3397543 113.317248 105.2947417 97.27223539 89.24972909 81.2272228 74.92715564 69.36527668 63.80339773 58.24151877 52.67963981 46.65171974 40.95094206 37.78323467 34.61552728 31.44781989 28.2801125 25.11240511 21.2697249 19.56917975 17.86863459 16.16808944 14.46754428 12.76699913 10.96209926 9.647273101 8.486495574 7.325718048 6.27675719 5.288005307 4.299253425 1 1 1 1 1 1 1 1 1 1 1 1 1 1 1 1 1 1 1 1 1 1 1 1 1 1 1 1 1 1 1 1 
136.0830741 124.1835375 114.8040706 106.7815644 98.75905806 90.73655176 82.71404547 76.41397831 70.85209935 65.2902204 59.72834144 54.16646248 47.23387435 41.53309668 38.36538928 35.19768189 32.0299745 28.86226711 25.26209181 21.37616481 19.67561965 17.9750745 16.27452934 14.57398419 12.84954101 10.98967567 9.666610474 8.505832948 7.345055422 6.296094564 5.307342681 4.310146225 1 1 1 1 1 1 1 1 1 1 1 1 1 1 1 1 1 1 1 1 1 1 1 1 1 1 1 1 1 1 1 1 
139.4890267 127.5894902 116.2908933 108.268387 100.2458807 92.22337443 84.20086814 77.90080098 72.33892202 66.77704307 61.21516411 55.20552016 47.81602896 42.11525129 38.9475439 35.77983651 32.61212911 29.44442172 25.36853171 21.48260471 19.78205955 18.0815144 16.38096925 14.68042409 12.87711742 11.01725208 9.690025756 8.525170322 7.364392796 6.315431938 5.326680055 4.317540559 1 1 1 1 1 1 1 1 1 1 1 1 1 1 1 1 1 1 1 1 1 1 1 1 1 1 1 1 1 1 1 1 
142.8949794 130.9954428 119.0959063 109.7552097 101.7327034 93.7101971 85.6876908 79.38762365 73.82574469 68.26386574 62.70198678 55.78767477 48.39818357 42.6974059 39.52969851 36.36199112 33.19428373 29.60371882 25.47497161 21.58904461 19.88849946 18.1879543 16.48740915 14.76455917 12.90469383 11.04482849 9.717602169 8.544507696 7.38373017 6.334769312 5.346017429 4.324934893 1 1 1 1 1 1 1 1 1 1 1 1 1 1 1 1 1 1 1 1 1 1 1 1 1 1 1 1 1 1 1 1 
146.300932 134.4013955 122.5018589 111.2420324 103.2195261 95.19701977 87.17451347 80.87444632 75.31256736 69.7506884 63.75932057 56.36982938 48.98033818 43.27956051 40.11185312 36.94414573 33.77643834 29.71015872 25.58141152 21.69548452 19.99493936 18.29439421 16.59384905 14.79213558 12.93227024 11.07240491 9.745178581 8.56384507 7.403067543 6.354106685 5.365354803 4.332329226 1 1 1 1 1 1 1 1 1 1 1 1 1 1 1 1 1 1 1 1 1 1 1 1 1 1 1 1 1 1 1 1 
149.7068847 137.8073481 125.9078116 114.008275 104.7063487 96.68384244 88.66133614 82.36126899 76.79939003 71.23751107 64.34147518 56.95198399 49.56249279 43.86171512 40.69400773 37.52630034 33.94534583 29.81659862 25.68785142 21.80192442 20.10137926 18.40083411 16.67957733 14.81971199 12.95984666 11.09998132 9.772754993 8.583182443 7.422404917 6.373444059 5.37673015 4.33972356 1 1 1 1 1 1 1 1 1 1 1 1 1 1 1 1 1 1 1 1 1 1 1 1 1 1 1 1 1 1 1 1 
153.1128373 141.2133007 129.3137642 117.4142277 106.1931714 98.17066511 90.14815881 83.84809166 78.2862127 72.31312099 64.9236298 57.5341386 50.14464741 44.44386973 41.27616234 38.10845495 34.05178573 29.92303853 25.79429132 21.90836432 20.20781917 18.50727401 16.70715374 14.84728841 12.98742307 11.12755773 9.800331406 8.606264835 7.441742291 6.392781433 5.384124484 4.347117894 1 1 1 1 1 1 1 1 1 1 1 1 1 1 1 1 1 1 1 1 1 1 1 1 1 1 1 1 1 1 1 1 
156.5187899 144.6192534 132.7197168 120.8201803 108.9206438 99.65748778 91.63498148 85.33491433 79.77303537 72.8952756 65.50578441 58.11629321 50.72680202 45.02602434 41.85831695 38.28697284 34.15822563 30.02947843 25.90073122 22.01480422 20.31425907 18.59459549 16.73473016 14.87486482 13.01499948 11.15513414 9.827907818 8.633841247 7.461079665 6.412118807 5.391518818 4.354512228 1 1 1 1 1 1 1 1 1 1 1 1 1 1 1 1 1 1 1 1 1 1 1 1 1 1 1 1 1 1 1 1 
159.9247426 148.025206 136.1256695 124.2261329 112.3265964 101.1443104 93.12180415 86.821737 80.86692141 73.47743021 66.08793902 58.69844782 51.30895663 45.60817895 42.44047156 38.39341274 34.26466554 30.13591833 26.00717113 22.12124413 20.42069897 18.62217191 16.76230657 14.90244123 13.04257589 11.18271055 9.85548423 8.66141766 7.480417039 6.431456181 5.398913151 4.361906562 1 1 1 1 1 1 1 1 1 1 1 1 1 1 1 1 1 1 1 1 1 1 1 1 1 1 1 1 1 1 1 1 
163.3306952 151.4311587 139.5316221 127.6320856 115.732549 103.8330125 94.60862682 88.30855967 81.44907602 74.05958482 66.67009363 59.28060243 51.89111124 46.19033357 42.62859985 38.49985265 34.37110544 30.24235824 26.11361103 22.22768403 20.50961366 18.64974832 16.78988298 14.93001764 13.07015231 11.21028697 9.883060643 8.688994072 7.499754412 6.443314075 5.406307485 4.369300896 1 1 1 1 1 1 1 1 1 1 1 1 1 1 1 1 1 1 1 1 1 1 1 1 1 1 1 1 1 1 1 1 
166.7366479 154.8371113 142.9375748 131.0380382 119.1385017 107.2389651 96.09544949 89.42072183 82.03123063 74.64173944 67.25224824 59.86275705 52.47326585 46.77248818 42.73503975 38.60629255 34.47754534 30.34879814 26.22005093 22.33412393 20.53719007 18.67732473 16.81745939 14.95759406 13.09772872 11.23786338 9.910637055 8.716570484 7.522503913 6.450708409 5.413701819 4.37669523 1 1 1 1 1 1 1 1 1 1 1 1 1 1 1 1 1 1 1 1 1 1 1 1 1 1 1 1 1 1 1 1 
170.1426005 158.243064 146.3435274 134.4439909 122.5444543 110.6449178 98.74538124 90.00287644 82.61338524 75.22389405 67.83440285 60.44491166 53.05542046 46.97022686 42.84147966 38.71273245 34.58398525 30.45523804 26.32649084 22.42463182 20.56476648 18.70490114 16.84503581 14.98517047 13.12530513 11.26543979 9.938213467 8.744146897 7.550080326 6.458102743 5.421096153 4.384089563 1 1 1 1 1 1 1 1 1 1 1 1 1 1 1 1 1 1 1 1 1 1 1 1 1 1 1 1 1 1 1 1 
