26.62104691 26.26446983 25.90789276 25.55131568 25.19473861 24.83816153 24.48158446 24.12500738 23.76843031 23.41185323 23.03242494 22.24167481 21.45092467 20.66017454 19.86942441 19.07867427 18.28792414 17.497174 16.70642387 15.91567374 15.1249236 14.33417347 13.54342334 12.7526732 12.2191656 11.75425602 11.28934643 10.82443684 10.35952726 9.894617669 9.429708082 8.964798495 8.499888907 8.03497932 7.570069733 7.105160146 6.640250559 6.244679334 5.911512636 5.578345938 5.24517924 4.912012542 4.578845844 4.245679146 3.912512447 3.579345749 3.246179051 2.913012353 2.579845655 2.246678957 1.9614816 1.8105984 1.6597152 1.508832 1.3579488 1.2070656 1.0561824 0.9052992001 0.7544160001 0.6035328001 0.4526496 0.3017664 0.1508832 0 
29.973994 29.61741692 29.26083985 28.90426277 28.5476857 28.19110862 27.83453155 27.47795447 27.1213774 26.80066199 26.49295705 25.70220692 24.91145678 24.12070665 23.32995652 22.53920638 21.74845625 20.95770612 20.16695598 19.37620585 18.58545571 17.79470558 16.68981255 15.4399305 14.345226 13.29190217 12.76505424 12.30014466 11.83523507 11.37032548 10.90541589 10.44050631 9.97559672 9.510687133 9.045777546 8.580867959 8.115958372 7.720387147 7.387220449 7.054053751 6.720887053 6.387720355 6.054553656 5.721386958 5.38822026 5.055053562 4.721886864 4.388720166 3.988566317 3.231147666 2.54002944 2.034552403 1.6597152 1.508832 1.3579488 1.2070656 1.0561824 0.9052992001 0.7544160001 0.6035328001 0.4526496 0.3017664 0.1508832 0 
33.32694109 32.97036401 32.61378694 32.25720986 31.90063279 31.54405571 31.18747864 30.83090156 30.5420632 30.2611941 29.95348916 29.16273903 28.3719889 27.58123876 26.79048863 25.99973849 25.20898836 24.41823823 23.62748809 22.83673796 21.78017461 20.53029255 19.2804105 18.03052845 16.93582394 15.88250012 14.82917629 13.77585247 13.31094288 12.84603329 12.38112371 11.91621412 11.45130453 10.98639495 10.52148536 10.05657577 9.591666184 9.19609496 8.862928262 8.529761564 8.196594866 7.863428167 7.530261469 7.197094771 6.863928073 6.530761375 6.175265627 5.417846976 4.660428325 3.903009674 3.211891448 2.706414411 2.200937373 1.695460336 1.3579488 1.2070656 1.0561824 0.9052992001 0.7544160001 0.6035328001 0.4526496 0.3017664 0.1508832 0 
36.67988818 36.3233111 35.96673403 35.61015695 35.25357988 34.8970028 34.56433351 34.28346441 34.00259531 33.72172622 33.41402127 32.62327114 31.83252101 31.04177087 30.25102074 29.4602706 28.66952047 27.87877034 26.87053666 25.62065461 24.37077255 23.1208905 21.87100845 20.62112639 19.52642189 18.47309807 17.41977424 16.36645042 15.31312659 14.32174111 13.85683152 13.39192193 12.92701235 12.46210276 11.99719317 11.53228358 11.067374 10.67180277 10.33863607 10.00546938 9.672302678 9.33913598 9.005969282 8.672802584 8.339635886 7.604546285 6.847127634 6.089708984 5.332290333 4.574871682 3.883753456 3.378276418 2.872799381 2.367322343 1.861845306 1.356368269 1.0561824 0.9052992001 0.7544160001 0.6035328001 0.4526496 0.3017664 0.1508832 0 
40.03283527 39.67625819 39.31968112 38.96310404 38.60652697 38.30573472 38.02486562 37.74399652 37.46312742 37.18225833 36.87455338 36.08380325 35.29305312 34.50230298 33.71155285 32.92080271 31.96089872 30.71101666 29.46113461 28.21125256 26.9613705 25.71148845 24.46160639 23.21172434 22.11701984 21.06369601 20.01037219 18.95704836 17.90372454 16.85040071 15.79707689 14.86762975 14.40272016 13.93781057 13.47290098 13.0079914 12.54308181 12.14751059 11.81434389 11.48117719 11.14801049 10.81484379 10.48167709 9.791245594 9.033826944 8.276408293 7.518989642 6.761570991 6.004152341 5.24673369 4.555615464 4.050138426 3.544661389 3.039184351 2.533707314 2.028230276 1.522753239 1.017276201 0.7544160001 0.6035328001 0.4526496 0.3017664 0.1508832 0 
43.38578236 43.02920528 42.67262821 42.32800502 42.04713593 41.76626683 41.48539773 41.20452863 40.92365953 40.64279044 40.33508549 39.54433536 38.75358523 37.96283509 37.05126077 35.80137872 34.55149666 33.30161461 32.05173256 30.8018505 29.55196845 28.3020864 27.05220434 25.80232229 24.70761778 23.65429396 22.60097013 21.54764631 20.49432249 19.44099866 18.38767484 17.33435101 16.28102719 15.41351838 14.9486088 14.48369921 14.01878962 13.6232184 13.2900517 12.956885 12.6237183 11.9779449 11.22052625 10.4631076 9.705688951 8.948270301 8.19085165 7.433432999 6.676014349 5.918595698 5.227477472 4.722000434 4.216523397 3.711046359 3.205569322 2.700092284 2.194615247 1.689138209 1.183661172 0.6781841343 0.4526496 0.3017664 0.1508832 0 
46.73872945 46.38215237 46.06940623 45.78853713 45.50766804 45.22679894 44.94592984 44.66506074 44.38419164 44.10332255 43.79561761 43.00486747 42.14162282 40.89174077 39.64185872 38.39197666 37.14209461 35.89221256 34.6423305 33.39244845 32.1425664 30.89268434 29.64280229 28.39292024 27.29821573 26.24489191 25.19156808 24.13824426 23.08492043 22.03159661 20.97827278 19.92494896 18.87162513 17.81830131 16.76497748 15.95940702 15.49449744 15.09892621 14.76575951 14.16464421 13.40722556 12.64980691 11.89238826 11.13496961 10.37755096 9.620132309 8.862713658 8.105295007 7.347876356 6.590457706 5.899339479 5.393862442 4.888385404 4.382908367 3.877431329 3.371954292 2.866477255 2.361000217 1.85552318 1.350046142 0.8445691046 0.3390920671 0.1508832 0 
50.09167654 49.81080744 49.52993834 49.24906924 48.96820015 48.68733105 48.40646195 48.12559285 47.84472376 47.56385466 47.23198488 45.98210282 44.73222077 43.48233872 42.23245666 40.98257461 39.73269256 38.4828105 37.23292845 35.9830464 34.73316434 33.48328229 32.23340024 30.98351818 29.88881368 28.83548985 27.78216603 26.7288422 25.67551838 24.62219455 23.56887073 22.51554691 21.46222308 20.40889926 19.35557543 18.30225161 17.24892778 16.35134352 15.59392487 14.83650622 14.07908757 13.32166892 12.56425027 11.80683162 11.04941297 10.29199432 9.534575666 8.777157015 8.019738364 7.262319713 6.571201487 6.06572445 5.560247412 5.054770375 4.549293337 4.0438163 3.538339262 3.032862225 2.527385187 2.02190815 1.516431112 1.010954075 0.5054770375 0 
50.67734402 50.58479973 50.30393063 50.02306153 49.74219243 49.46132333 49.18045424 48.89958514 48.61871604 48.33784694 48.00597716 46.75609511 45.50621306 44.256331 43.00644895 41.7565669 40.50668484 39.25680279 38.00692074 36.75703868 35.50715663 34.25727458 33.00739252 31.93012993 30.58077766 29.46666031 28.41333649 27.36001266 26.30668884 25.25336502 24.20004119 23.14671737 22.09339354 21.04006972 19.98674589 18.93342207 17.88009824 16.98251398 16.22509533 15.46767668 14.71025803 13.95283938 13.19542073 12.43800208 11.68058343 10.92316478 10.16574613 9.408327475 8.650908825 7.834820323 6.836369803 6.06572445 5.560247412 5.054770375 4.549293337 4.0438163 3.538339262 3.032862225 2.527385187 2.02190815 1.516431112 1.010954075 0.5054770375 0 
51.2630115 51.24719213 51.07792291 50.79705382 50.51618472 50.23531562 49.95444652 49.67357742 49.39270833 49.11183923 48.77996945 47.5300874 46.28020534 45.03032329 43.78044124 42.53055918 41.28067713 40.03079508 38.78091302 37.53103097 36.28114892 35.03126686 33.94167431 32.92606153 31.57670926 30.13835979 29.04450695 27.99118313 26.9378593 25.88453548 24.83121165 23.77788783 22.724564 21.67124018 20.61791635 19.56459253 18.5112687 17.61368444 16.85626579 16.09884714 15.34142849 14.58400984 13.82659119 13.06917254 12.31175389 11.55433524 10.79691659 10.03949794 9.238076897 8.201976452 7.203525932 6.310495203 5.560247412 5.054770375 4.549293337 4.0438163 3.538339262 3.032862225 2.527385187 2.02190815 1.516431112 1.010954075 0.5054770375 0 
51.84867898 51.83285961 51.81704024 51.5710461 51.290177 51.00930791 50.72843881 50.44756971 50.16670061 49.88583152 49.55396174 48.30407968 47.05419763 45.80431558 44.55443352 43.30455147 42.05466941 40.80478736 39.55490531 38.30502325 37.0551412 35.95321869 34.93760591 33.92199312 32.57264085 31.13429139 29.69594192 28.62235359 27.56902976 26.51570594 25.46238211 24.40905829 23.35573446 22.30241064 21.24908681 20.19576299 19.14243916 18.2448549 17.48743625 16.7300176 15.97259895 15.2151803 14.45776165 13.700343 12.94292435 12.1855057 11.42808705 10.64133347 9.605233026 8.569132581 7.570682062 6.677651332 5.784620602 5.054770375 4.549293337 4.0438163 3.538339262 3.032862225 2.527385187 2.02190815 1.516431112 1.010954075 0.5054770375 0 
52.43434646 52.41852709 52.40270772 52.34503839 52.06416929 51.78330019 51.50243109 51.221562 50.9406929 50.6598238 50.32795402 49.07807197 47.82818991 46.57830786 45.32842581 44.07854375 42.8286617 41.57877965 40.32889759 39.07901554 37.96476307 36.94915028 35.9335375 34.91792472 33.56857245 32.13022298 30.69187351 29.25352405 28.20020022 27.1468764 26.09355257 25.04022875 23.98690492 22.9335811 21.88025727 20.82693345 19.77360962 18.87602536 18.11860671 17.36118806 16.60376941 15.84635076 15.08893211 14.33151346 13.57409481 12.81667616 12.04459004 11.0084896 9.972389155 8.936288711 7.937838191 7.044807462 6.151776732 5.258746002 4.549293337 4.0438163 3.538339262 3.032862225 2.527385187 2.02190815 1.516431112 1.010954075 0.5054770375 0 
53.02001394 53.00419457 52.9883752 52.97255582 52.83816158 52.55729248 52.27642338 51.99555428 51.71468518 51.43381609 51.10194631 49.85206425 48.6021822 47.35230015 46.10241809 44.85253604 43.60265399 42.35277193 41.10288988 39.97630744 38.96069466 37.94508188 36.9294691 35.91385632 34.56450405 33.12615458 31.68780511 30.24945564 28.83137068 27.77804686 26.72472303 25.67139921 24.61807538 23.56475156 22.51142773 21.45810391 20.40478008 19.50719582 18.74977717 17.99235852 17.23493987 16.47752122 15.72010257 14.96268392 14.20526527 13.44784662 12.41174617 11.37564573 10.33954528 9.30344484 8.304994321 7.411963591 6.518932861 5.625902132 4.732871402 4.0438163 3.538339262 3.032862225 2.527385187 2.02190815 1.516431112 1.010954075 0.5054770375 0 
53.60568142 53.58986205 53.57404268 53.5582233 53.54240393 53.33128476 53.05041567 52.76954657 52.48867747 52.20780837 51.87593859 50.62605654 49.37617449 48.12629243 46.87641038 45.62652833 44.37664627 43.12676422 41.98785182 40.97223904 39.95662626 38.94101348 37.92540069 36.90978791 35.56043564 34.12208617 32.68373671 31.24538724 29.80703777 28.40921732 27.35589349 26.30256967 25.24924584 24.19592202 23.14259819 22.08927437 21.03595054 20.13836629 19.38094763 18.62352898 17.86611033 17.10869168 16.35127303 15.59385438 14.83643573 13.81500275 12.7789023 11.74280186 10.70670141 9.67060097 8.67215045 7.77911972 6.886088991 5.993058261 5.100027531 4.206996802 3.538339262 3.032862225 2.527385187 2.02190815 1.516431112 1.010954075 0.5054770375 0 
54.1913489 54.17552953 54.15971015 54.14389078 54.12807141 54.10527705 53.82440795 53.54353885 53.26266976 52.98180066 52.64993088 51.40004883 50.15016677 48.90028472 47.65040267 46.40052061 45.15063856 43.9993962 42.98378342 41.96817063 40.95255785 39.93694507 38.92133229 37.90571951 36.55636724 35.11801777 33.6796683 32.24131883 30.80296937 29.3646199 27.98706395 26.93374013 25.8804163 24.82709248 23.77376865 22.72044483 21.667121 20.76953675 20.01211809 19.25469944 18.49728079 17.73986214 16.98244349 16.22502484 15.21825932 14.18215888 13.14605843 12.10995799 11.07385754 10.0377571 9.03930658 8.14627585 7.25324512 6.360214391 5.467183661 4.574152931 3.681122202 3.032862225 2.527385187 2.02190815 1.516431112 1.010954075 0.5054770375 0 
54.77701638 54.76119701 54.74537763 54.72955826 54.71373889 54.69791952 54.59840024 54.31753114 54.03666204 53.75579294 53.42392316 52.17404111 50.92415906 49.674277 48.42439495 47.1745129 46.01094058 44.99532779 43.97971501 42.96410223 41.94848945 40.93287667 39.91726389 38.9016511 37.55229883 36.11394937 34.6755999 33.23725043 31.79890096 30.36055149 28.92220203 27.56491059 26.51158676 25.45826294 24.40493911 23.35161529 22.29829147 21.40070721 20.64328856 19.8858699 19.12845125 18.3710326 17.61361395 16.6215159 15.58541545 14.54931501 13.51321456 12.47711412 11.44101367 10.40491323 9.406462709 8.513431979 7.62040125 6.72737052 5.83433979 4.941309061 4.048278331 3.155247601 2.527385187 2.02190815 1.516431112 1.010954075 0.5054770375 0 
55.36268386 55.34686449 55.33104511 55.31522574 55.29940637 55.283587 55.26776763 55.09152343 54.81065433 54.52978523 54.19791545 52.9480334 51.69815134 50.44826929 49.19838724 48.02248495 47.00687217 45.99125939 44.97564661 43.96003383 42.94442104 41.92880826 40.91319548 39.8975827 38.54823043 37.10988096 35.67153149 34.23318203 32.79483256 31.35648309 29.91813362 28.47978415 27.14275722 26.0894334 25.03610958 23.98278575 22.92946193 22.03187767 21.27445902 20.51704036 19.75962171 19.00220306 18.02477247 16.98867203 15.95257158 14.91647114 13.88037069 12.84427025 11.8081698 10.77206936 9.773618838 8.880588109 7.987557379 7.094526649 6.20149592 5.30846519 4.41543446 3.522403731 2.629373001 2.02190815 1.516431112 1.010954075 0.5054770375 0 
55.94835134 55.93253197 55.91671259 55.90089322 55.88507385 55.86925448 55.85343511 55.83761574 55.58464661 55.30377752 54.97190774 53.72202568 52.47214363 51.22226158 50.03402933 49.01841655 48.00280377 46.98719099 45.9715782 44.95596542 43.94035264 42.92473986 41.90912708 40.8935143 39.54416202 38.10581256 36.66746309 35.22911362 33.79076415 32.35241469 30.91406522 29.47571575 28.03736628 26.72060386 25.66728004 24.61395621 23.56063239 22.66304813 21.90562948 21.14821083 20.39079217 19.42802904 18.3919286 17.35582816 16.31972771 15.28362727 14.24752682 13.21142638 12.17532593 11.13922549 10.14077497 9.247744238 8.354713509 7.461682779 6.568652049 5.67562132 4.78259059 3.88955986 2.996529131 2.103498401 1.516431112 1.010954075 0.5054770375 0 
56.53401882 56.51819945 56.50238007 56.4865607 56.47074133 56.45492196 56.43910259 56.42328322 56.3586389 56.0777698 55.74590002 54.49601797 53.24613592 52.04557371 51.02996093 50.01434815 48.99873536 47.98312258 46.9675098 45.95189702 44.93628424 43.92067145 42.90505867 41.88944589 40.54009362 39.10174415 37.66339469 36.22504522 34.78669575 33.34834628 31.90999681 30.47164735 29.03329788 27.59494841 26.2984505 25.24512667 24.19180285 23.29421859 22.53679994 21.77938129 20.83128562 19.79518517 18.75908473 17.72298428 16.68688384 15.6507834 14.61468295 13.57858251 12.54248206 11.50638162 10.5079311 9.614900368 8.721869638 7.828838908 6.935808179 6.042777449 5.149746719 4.25671599 3.36368526 2.47065453 1.577623801 1.010954075 0.5054770375 0 
57.1196863 57.10386693 57.08804755 57.07222818 57.05640881 57.04058944 57.02477007 57.0089507 56.99313133 56.85176209 56.51989231 55.27001025 54.05711809 53.0415053 52.02589252 51.01027974 49.99466696 48.97905418 47.9634414 46.94782861 45.93221583 44.91660305 43.90099027 42.88537749 41.53602522 40.09767575 38.65932628 37.22097681 35.78262735 34.34427788 32.90592841 31.46757894 30.02922947 28.59088001 27.15253054 25.87629713 24.82297331 23.92538905 23.1679704 22.23454219 21.19844175 20.1623413 19.12624086 18.09014041 17.05403997 16.01793952 14.98183908 13.94573864 12.90963819 11.87353775 10.87508723 9.982056497 9.089025767 8.195995038 7.302964308 6.409933578 5.516902849 4.623872119 3.730841389 2.83781066 1.94477993 1.0517492 0.5054770375 0 
57.70535378 57.68953441 57.67371503 57.65789566 57.64207629 57.62625692 57.61043755 57.59461818 57.57879881 57.56297944 57.29388459 56.06866246 55.05304968 54.0374369 53.02182412 52.00621134 50.99059856 49.97498577 48.95937299 47.94376021 46.92814743 45.91253465 44.89692186 43.88130908 42.53195681 41.09360734 39.65525788 38.21690841 36.77855894 35.34020947 33.90186001 32.46351054 31.02516107 29.5868116 28.14846214 26.71011267 25.45414377 24.55655951 23.63779877 22.60169832 21.56559788 20.52949743 19.49339699 18.45729654 17.4211961 16.38509565 15.34899521 14.31289477 13.27679432 12.24069388 11.24224336 10.34921263 9.456181897 8.563151167 7.670120438 6.777089708 5.884058978 4.991028249 4.097997519 3.204966789 2.31193606 1.41890533 0.5258746002 0 
58.29102126 58.27520189 58.25938251 58.24356314 58.22774377 58.2119244 58.19610503 58.18028566 58.16446629 58.14864692 58.08020684 57.06459406 56.04898128 55.0333685 54.01775571 53.00214293 51.98653015 50.97091737 49.95530459 48.93969181 47.92407902 46.90846624 45.89285346 44.87724068 43.52788841 42.08953894 40.65118947 39.21284001 37.77449054 36.33614107 34.8977916 33.45944213 32.02109267 30.5827432 29.14439373 27.70604426 26.2676948 25.04105534 24.0049549 22.96885445 21.93275401 20.89665356 19.86055312 18.82445267 17.78835223 16.75225178 15.71615134 14.68005089 13.64395045 12.60785001 11.60939949 10.71636876 9.823338026 8.930307297 8.037276567 7.144245837 6.251215108 5.358184378 4.465153648 3.572122919 2.679092189 1.786061459 0.8930307297 0 
60.1512184 60.13539903 60.11957966 60.10376029 60.08794092 60.07212155 60.05630218 60.04048281 60.02466344 60.09515826 60.19934656 59.18373378 58.168121 57.15250822 56.13689544 55.12128265 54.10566987 53.09005709 52.07444431 51.05883153 50.04321874 49.02760596 48.23143778 47.53655171 45.90522004 44.02416953 42.53921995 41.10087048 39.66252101 38.22417155 36.78582208 35.34747261 33.90912314 32.47077368 31.03242421 29.59407474 28.15572527 26.92908582 25.89298537 24.85688493 23.82078448 22.78468404 21.74858359 20.71248315 19.6763827 18.64028226 17.60418182 16.56808137 15.44992634 13.89414681 12.38730607 11.01749388 9.823338026 8.930307297 8.037276567 7.144245837 6.251215108 5.358184378 4.465153648 3.572122919 2.679092189 1.786061459 0.8930307297 0 
62.01141555 61.99559618 61.97977681 61.96395744 61.94813807 61.93231869 61.91649932 61.90067995 62.0478985 62.21429798 62.31848628 61.3028735 60.28726072 59.27164794 58.25603516 57.24042237 56.22480959 55.20919681 54.19358403 53.17797125 52.34804236 51.65315629 50.95827023 50.26338416 48.63205249 46.75100198 44.86995147 42.98890096 41.55055149 40.11220202 38.67385255 37.23550309 35.79715362 34.35880415 32.92045468 31.48210522 30.04375575 28.81711629 27.78101585 26.7449154 25.70881496 24.67271451 23.63661407 22.60051363 21.56441318 20.52831274 19.46486076 17.90908124 16.35330172 14.7975222 13.29068145 11.92086927 10.55105709 9.181244903 8.037276567 7.144245837 6.251215108 5.358184378 4.465153648 3.572122919 2.679092189 1.786061459 0.8930307297 0 
63.87161269 63.85579332 63.83997395 63.82415458 63.80833521 63.79251584 63.83423926 64.00063874 64.16703822 64.3334377 64.437626 63.42201322 62.40640044 61.39078766 60.37517488 59.3595621 58.34394931 57.32833653 56.46464693 55.76976087 55.07487481 54.37998874 53.68510268 52.99021661 51.35888494 49.47783443 47.59678392 45.71573341 43.8346829 42.0002325 40.56188303 39.12353356 37.6851841 36.24683463 34.80848516 33.37013569 31.93178622 30.70514677 29.66904632 28.63294588 27.59684543 26.56074499 25.52464455 24.4885441 23.45244366 21.92401567 20.36823614 18.81245662 17.2566771 15.70089758 14.19405683 12.82424465 11.45443247 10.08462029 8.714808105 7.344995923 6.251215108 5.358184378 4.465153648 3.572122919 2.679092189 1.786061459 0.8930307297 0 
65.73180984 65.71599047 65.7001711 65.68435173 65.66853236 65.78697951 65.95337898 66.11977846 66.28617794 66.45257742 66.55676572 65.54115294 64.52554016 63.50992738 62.4943146 61.47870182 60.58125151 59.88636545 59.19147938 58.49659332 57.80170726 57.10682119 56.41193513 55.71704907 54.08571739 52.20466688 50.32361637 48.44256586 46.56151535 44.68046484 42.79941433 41.01156404 39.57321457 38.1348651 36.69651564 35.25816617 33.8198167 32.59317724 31.5570768 30.52097636 29.48487591 28.44877547 27.41267502 25.93895009 24.38317057 22.82739105 21.27161153 19.71583201 18.16005249 16.60427297 15.09743222 13.72762004 12.35780785 10.98799567 9.618183489 8.248371306 6.878559124 5.508746942 4.465153648 3.572122919 2.679092189 1.786061459 0.8930307297 0 
67.59200699 67.57618762 67.56036825 67.57332027 67.73971975 67.90611923 68.07251871 68.23891818 68.40531766 68.57171714 68.67590545 67.66029266 66.64467988 65.6290671 64.69785609 64.00297002 63.30808396 62.6131979 61.91831183 61.22342577 60.52853971 59.83365364 59.13876758 58.44388152 56.81254984 54.93149933 53.05044882 51.16939831 49.2883478 47.40729729 45.52624678 43.64519627 41.76414576 40.02289558 38.58454611 37.14619664 35.70784718 34.48120772 33.44510728 32.40900683 31.37290639 29.95388452 28.398105 26.84232548 25.28654595 23.73076643 22.17498691 20.61920739 19.06342787 17.50764835 16.0008076 14.63099542 13.26118324 11.89137105 10.52155887 9.15174669 7.781934508 6.412122326 5.042310144 3.672497961 2.679092189 1.786061459 0.8930307297 0 
69.45220413 69.43638476 69.52606051 69.69245999 69.85885947 70.02525895 70.19165843 70.3580579 70.52445738 70.69085686 70.79504517 69.77943238 68.81446066 68.1195746 67.42468854 66.72980247 66.03491641 65.34003035 64.64514428 63.95025822 63.25537216 62.56048609 61.86560003 61.17071397 59.53938229 57.65833178 55.77728127 53.89623076 52.01518025 50.13412974 48.25307923 46.37202872 44.49097821 42.6099277 40.72887719 39.03422712 37.59587765 36.3692382 35.33313775 33.96881894 32.41303942 30.8572599 29.30148038 27.74570086 26.18992134 24.63414182 23.0783623 21.52258278 19.96680325 18.41102373 16.90418299 15.5343708 14.16455862 12.79474644 11.42493426 10.05512207 8.685309892 7.31549771 5.945685527 4.575873345 3.206061163 1.836248981 0.8930307297 0 
71.31240128 71.47880076 71.64520024 71.81159971 71.97799919 72.14439867 72.31079815 72.47719762 72.6435971 72.80999658 72.93106524 72.23617918 71.54129311 70.84640705 70.15152099 69.45663492 68.76174886 68.0668628 67.37197673 66.67709067 65.98220461 65.28731854 64.59243248 63.89754642 62.26621474 60.38516423 58.50411372 56.62306321 54.7420127 52.86096219 50.97991168 49.09886117 47.21781066 45.33676015 43.45570964 41.57465913 39.69360862 37.98375337 36.42797385 34.87219433 33.31641481 31.76063529 30.20485576 28.64907624 27.09329672 25.5375172 23.98173768 22.42595816 20.87017864 19.31439912 17.80755837 16.43774619 15.067934 13.69812182 12.32830964 10.95849746 9.588685276 8.218873093 6.849060911 5.479248729 4.109436547 2.739624364 1.369812182 0 
70.54248305 70.55342334 70.65436632 70.8207658 70.98716528 71.15356476 71.31996423 71.48636371 71.65276319 71.81916267 71.94023133 71.24534526 70.5504592 69.85557314 69.16068707 68.46580101 67.77091495 67.07602888 66.38114282 65.68625676 64.99137069 64.29648463 63.67838823 63.09573322 61.48802913 59.60697862 57.72592811 55.8448776 53.96382709 52.08277658 50.20172607 48.32067556 46.43962505 44.55857455 42.67752404 40.8217682 39.00079253 37.46971219 36.19953764 34.748981 33.19320148 31.63742196 30.08164244 28.52586292 26.97008339 25.41430387 23.85852435 22.30274483 20.74696531 19.19118579 17.701458 16.39667508 15.067934 13.69812182 12.32830964 10.95849746 9.588685276 8.218873093 6.849060911 5.479248729 4.109436547 2.739624364 1.369812182 0 
69.77256481 69.78350511 69.7944454 69.82993189 69.99633137 70.16273084 70.32913032 70.4955298 70.66192928 70.82832875 70.94939741 70.25451135 69.55962529 68.86473922 68.16985316 67.4749671 66.78008103 66.08519497 65.39030891 64.69542284 64.06551265 63.48285764 62.90020263 62.31754761 60.70984353 58.82879302 56.94774251 55.066692 53.18564149 51.30459098 49.42354047 47.54248996 45.66143945 43.79935994 41.97838428 40.15740861 38.33643294 36.8053526 35.53517805 34.2650035 32.99482895 31.51420863 29.95842911 28.40264959 26.84687007 25.29109055 23.73531103 22.1795315 20.62375198 19.06797246 17.57824468 16.27346175 14.96867882 13.6638959 12.32830964 10.95849746 9.588685276 8.218873093 6.849060911 5.479248729 4.109436547 2.739624364 1.369812182 0 
69.00264658 69.01358687 69.02452717 69.03546747 69.04640776 69.17189693 69.33829641 69.50469589 69.67109536 69.83749484 69.9585635 69.26367744 68.56879137 67.87390531 67.17901925 66.48413318 65.78924712 65.09436106 64.45263707 63.86998206 63.28732705 62.70467203 62.12201702 61.53936201 59.93165792 58.05060741 56.1695569 54.28850639 52.40745588 50.52640537 48.64535486 46.77695169 44.95597602 43.13500036 41.31402469 39.49304902 37.67207336 36.14099302 34.87081846 33.60064391 32.33046936 31.06029481 29.79012026 28.27943626 26.72365674 25.16787722 23.6120977 22.05631818 20.50053866 18.94475913 17.45503135 16.15024842 14.8454655 13.54068257 12.23589964 10.93111672 9.588685276 8.218873093 6.849060911 5.479248729 4.109436547 2.739624364 1.369812182 0 
68.23272834 68.24366864 68.25460893 68.26554923 68.27648953 68.28742983 68.3474625 68.51386197 68.68026145 68.84666093 68.96772959 68.27284352 67.57795746 66.8830714 66.18818533 65.49329927 64.83976149 64.25710648 63.67445146 63.09179645 62.50914144 61.92648643 61.34383141 60.7611764 59.15347231 57.2724218 55.39137129 53.51032078 51.62927028 49.75454343 47.93356777 46.1125921 44.29161644 42.47064077 40.6496651 38.82868944 37.00771377 35.47663343 34.20645888 32.93628433 31.66610978 30.39593523 29.12576067 27.85558612 26.58541157 25.04466389 23.48888437 21.93310485 20.37732533 18.82154581 17.33181802 16.0270351 14.72225217 13.41746924 12.11268632 10.80790339 9.503120465 8.198337539 6.849060911 5.479248729 4.109436547 2.739624364 1.369812182 0 
67.46281011 67.4737504 67.4846907 67.495631 67.50657129 67.51751159 67.52845189 67.53939218 67.68942754 67.85582702 67.97689568 67.28200961 66.58712355 65.89223749 65.22688591 64.6442309 64.06157588 63.47892087 62.89626586 62.31361085 61.73095583 61.14830082 60.56564581 59.9829908 58.37528671 56.4942362 54.61318569 52.73213518 50.91115951 49.09018385 47.26920818 45.44823252 43.62725685 41.80628118 39.98530552 38.16432985 36.34335419 34.81227384 33.54209929 32.27192474 31.00175019 29.73157564 28.46140109 27.19122654 25.92105199 24.65087743 23.36567104 21.80989152 20.254112 18.69833248 17.20860469 15.90382177 14.59903884 13.29425592 11.98947299 10.68469006 9.379907137 8.075124211 6.770341285 5.465558359 4.109436547 2.739624364 1.369812182 0 
66.69289187 66.70383217 66.71477247 66.72571276 66.73665306 66.74759336 66.75853365 66.76947395 66.78041425 66.8649931 66.98606176 66.2911757 65.61401033 65.03135532 64.4487003 63.86604529 63.28339028 62.70073527 62.11808025 61.53542524 60.95277023 60.37011522 59.7874602 59.20480519 57.5971011 55.71605059 53.88875126 52.06777559 50.24679993 48.42582426 46.60484859 44.78387293 42.96289726 41.1419216 39.32094593 37.49997027 35.6789946 34.14791426 32.87773971 31.60756515 30.3373906 29.06721605 27.7970415 26.52686695 25.2566924 23.98651785 22.7163433 21.44616875 20.13089867 18.57511915 17.08539137 15.78060844 14.47582551 13.17104259 11.86625966 10.56147674 9.25669381 7.951910884 6.647127958 5.342345032 4.037562106 2.73277918 1.369812182 0 
65.92297364 65.93391393 65.94485423 65.95579453 65.96673482 65.97767512 65.98861542 65.99955571 66.01049601 66.02143631 66.00113475 65.41847973 64.83582472 64.25316971 63.6705147 63.08785968 62.50520467 61.92254966 61.33989465 60.75723963 60.17458462 59.59192961 59.0092746 58.42661958 56.866343 55.04536734 53.22439167 51.40341601 49.58244034 47.76146467 45.94048901 44.11951334 42.29853768 40.47756201 38.65658634 36.83561068 35.01463501 33.48355467 32.21338012 30.94320557 29.67303102 28.40285647 27.13268192 25.86250736 24.59233281 23.32215826 22.05198371 20.78180916 19.51163461 18.24146006 16.96217804 15.65739511 14.35261219 13.04782926 11.74304633 10.43826341 9.133480483 7.828697556 6.52391463 5.219131704 3.914348778 2.609565852 1.304782926 0 
65.89201327 65.91487385 65.92581414 65.93675444 65.94769474 65.95863503 65.96957533 65.98051563 65.99145593 66.00239622 65.98209466 65.39943965 64.81678464 64.23412962 63.65147461 63.0688196 62.48616459 61.90350957 61.32085456 60.73819955 60.15554454 59.57288952 58.99023451 58.49709064 56.96238867 55.14141301 53.32043734 51.49946167 49.67848601 47.85751034 46.03653468 44.21555901 42.39458334 40.57360768 38.75263201 36.93165635 35.09285665 33.49456823 32.18488644 30.91471189 29.64453734 28.37436279 27.10418824 25.83401369 24.56383913 23.29366458 22.02349003 20.75331548 19.48314093 18.21296638 16.94159927 15.65739511 14.35261219 13.04782926 11.74304633 10.43826341 9.133480483 7.828697556 6.52391463 5.219131704 3.914348778 2.609565852 1.304782926 0 
65.86105291 65.88876989 65.90677406 65.91771436 65.92865465 65.93959495 65.95053525 65.96147554 65.97241584 65.98335614 65.96305458 65.38039956 64.79774455 64.21508954 63.63243453 63.04977951 62.4671245 61.88446949 61.30181448 60.71915946 60.13650445 59.55384944 59.05431191 58.59313631 57.05843434 55.23745867 53.41648301 51.59550734 49.77453168 47.95355601 46.13258034 44.31160468 42.49062901 40.66965335 38.84867768 37.01185844 35.15325427 33.55496585 32.1909616 30.88621821 29.61604366 28.34586911 27.07569456 25.80552001 24.53534546 23.26517091 21.99499635 20.7248218 19.45464725 18.1844727 16.91310559 15.63839933 14.35261219 13.04782926 11.74304633 10.43826341 9.133480483 7.828697556 6.52391463 5.219131704 3.914348778 2.609565852 1.304782926 0 
65.83009254 65.85780953 65.88552651 65.89867427 65.90961457 65.92055486 65.93149516 65.94243546 65.95337575 65.96431605 65.94401449 65.36135948 64.77870446 64.19604945 63.61339444 63.03073943 62.44808441 61.8654294 61.28277439 60.70011938 60.11746436 59.61153319 59.15035758 58.68918198 57.15448001 55.33350434 53.51252868 51.69155301 49.87057734 48.04960168 46.22862601 44.40765035 42.58667468 40.76569901 38.93086022 37.07225605 35.21365188 33.61536346 32.25135921 30.88735496 29.58754998 28.31737543 27.04720088 25.77702633 24.50685178 23.23667723 21.96650268 20.69632813 19.42615357 18.15597902 16.88461192 15.60990565 14.33519938 13.04782926 11.74304633 10.43826341 9.133480483 7.828697556 6.52391463 5.219131704 3.914348778 2.609565852 1.304782926 0 
65.79913218 65.82684916 65.85456615 65.87963418 65.89057448 65.90151478 65.91245507 65.92339537 65.93433567 65.94527596 65.9249744 65.34231939 64.75966438 64.17700937 63.59435435 63.01169934 62.42904433 61.84638932 61.2637343 60.68107929 60.16875446 59.70757886 59.24640325 58.78522764 57.25052568 55.42955001 53.60857434 51.78759868 49.96662301 48.14564735 46.32467168 44.50369601 42.68272035 40.849862 38.99125783 37.13265366 35.2740495 33.67576108 32.31175683 30.94775258 29.58374833 28.28888175 27.0187072 25.74853265 24.4783581 23.20818355 21.938009 20.66783445 19.3976599 18.12748534 16.85611824 15.58141197 14.30670571 13.03199944 11.74304633 10.43826341 9.133480483 7.828697556 6.52391463 5.219131704 3.914348778 2.609565852 1.304782926 0 
65.76817181 65.7958888 65.82360578 65.85132277 65.87153439 65.88247469 65.89341499 65.90435529 65.91529558 65.92623588 65.90593432 65.3232793 64.74062429 64.15796928 63.57531427 62.99265925 62.41000424 61.82734923 61.24469422 60.72597573 60.26480013 59.80362452 59.34244892 58.88127331 57.34657134 55.52559568 53.70462001 51.88364435 50.06266868 48.24169301 46.42071735 44.59974168 42.76886378 40.91025961 39.05165544 37.19305128 35.33444711 33.73615869 32.37215444 31.00815019 29.64414594 28.2801417 26.99021352 25.72003897 24.44986442 23.17968987 21.90951532 20.63934077 19.36916622 18.09899167 16.82762456 15.55291829 14.27821203 13.00350576 11.7287995 10.43826341 9.133480483 7.828697556 6.52391463 5.219131704 3.914348778 2.609565852 1.304782926 0 
65.73721145 65.76492844 65.79264542 65.82036241 65.84807939 65.86343461 65.8743749 65.8853152 65.8962555 65.90719579 65.88689423 65.30423922 64.72158421 64.13892919 63.55627418 62.97361917 62.39096416 61.80830914 61.28319701 60.8220214 60.3608458 59.89967019 59.43849459 58.97731898 57.44261701 55.62164135 53.80066568 51.97969001 50.15871435 48.33773868 46.51676302 44.68786556 42.82926139 40.97065723 39.11205306 37.25344889 35.39484472 33.7965563 32.43255206 31.06854781 29.70454356 28.34053931 26.97653506 25.6915453 24.42137074 23.15119619 21.88102164 20.61084709 19.34067254 18.07049799 16.79913088 15.52442461 14.24971835 12.97501208 11.70030582 10.42559955 9.133480483 7.828697556 6.52391463 5.219131704 3.914348778 2.609565852 1.304782926 0 
65.70625109 65.73396807 65.76168506 65.78940204 65.81711903 65.84439452 65.85533482 65.86627511 65.87721541 65.88815571 65.86785415 65.28519913 64.70254412 64.11988911 63.5372341 62.95457908 62.37192407 61.84041828 61.37924268 60.91806707 60.45689147 59.99571586 59.53454025 59.07336465 57.53866268 55.71768701 53.89671135 52.07573568 50.25476002 48.43378435 46.60686734 44.74826317 42.88965901 41.03105484 39.17245067 37.31384651 35.45524234 33.85695392 32.49294967 31.12894542 29.76494117 28.40093692 27.03693268 25.67292843 24.39287707 23.12270251 21.85252796 20.58235341 19.31217886 18.04200431 16.7706372 15.49593094 14.22122467 12.94651841 11.67181214 10.39710587 9.122399608 7.828697556 6.52391463 5.219131704 3.914348778 2.609565852 1.304782926 0 
65.67529072 65.70300771 65.73072469 65.75844168 65.78615866 65.81387565 65.83629473 65.84723503 65.85817532 65.86911562 65.84881406 65.26615905 64.68350403 64.10084902 63.51819401 62.935539 62.39763956 61.93646395 61.47528834 61.01411274 60.55293713 60.09176153 59.63058592 59.16941032 57.63470835 55.81373268 53.99275702 52.17178135 50.35080568 48.52586912 46.66726496 44.80866079 42.95005662 41.09145245 39.23284829 37.37424412 35.51563995 33.91735153 32.55334728 31.18934304 29.82533879 28.46133454 27.09733029 25.73332604 24.36932179 23.09420884 21.82403429 20.55385973 19.28368518 18.01351063 16.74214352 15.46743726 14.19273099 12.91802473 11.64331846 10.3686122 9.09390593 7.819199664 6.52391463 5.219131704 3.914348778 2.609565852 1.304782926 0 
65.64433036 65.67204734 65.69976433 65.72748131 65.7551983 65.78291528 65.81063227 65.82819494 65.83913524 65.85007554 65.82977397 65.24711896 64.66446395 64.08180894 63.49915392 62.95486083 62.49368522 62.03250962 61.57133401 61.11015841 60.6489828 60.1878072 59.72663159 59.26545598 57.73075402 55.90977835 54.08880268 52.26782702 50.4448709 48.58626674 46.72766257 44.8690584 43.01045424 41.15185007 39.2932459 37.43464173 35.57603757 33.97774915 32.6137449 31.24974065 29.8857364 28.52173215 27.1577279 25.79372366 24.42971941 23.06571516 21.79554061 20.52536606 19.25519151 17.98501695 16.71364985 15.43894358 14.16423731 12.88953105 11.61482478 10.34011852 9.065412251 7.790705986 6.51599972 5.219131704 3.914348778 2.609565852 1.304782926 0 
65.61336999 65.64108698 65.66880396 65.69652095 65.72423793 65.75195492 65.7796719 65.80738889 65.82009515 65.83103545 65.81073389 65.22807888 64.64542386 64.06276885 63.5120821 63.0509065 62.58973089 62.12855529 61.66737968 61.20620407 60.74502847 60.28385286 59.82267726 59.36150165 57.82679968 56.00582402 54.18484835 52.36387269 50.50526852 48.64666435 46.78806018 44.92945602 43.07085185 41.21224768 39.35364352 37.49503935 35.63643518 34.03814676 32.67414251 31.31013826 29.94613402 28.58212977 27.21812552 25.85412127 24.49011702 23.12611277 21.76704693 20.49687238 19.22669783 17.95652328 16.68515617 15.4104499 14.13574364 12.86103737 11.5863311 10.31162484 9.036918573 7.762212307 6.487506042 5.212799776 3.914348778 2.609565852 1.304782926 0 
65.58240963 65.61012661 65.6378436 65.66556058 65.69327757 65.72099455 65.74871154 65.77642852 65.80105507 65.81199536 65.7916938 65.20903879 64.62638378 64.06930338 63.60812777 63.14695217 62.68577656 62.22460095 61.76342535 61.30224974 60.84107414 60.37989853 59.91872293 59.45754732 57.92284535 56.10186969 54.28089402 52.4242703 50.56566613 48.70706197 46.8484578 44.98985363 43.13124946 41.2726453 39.41404113 37.55543696 35.6968328 34.09854438 32.73454013 31.37053588 30.00653163 28.64252738 27.27852313 25.91451888 24.55051464 23.18651039 21.82250614 20.4683787 19.19820415 17.9280296 16.65666249 15.38195622 14.10724996 12.83254369 11.55783743 10.28313116 9.008424895 7.733718629 6.459012363 5.184306098 3.909599832 2.609565852 1.304782926 0 
65.55144926 65.57916625 65.60688323 65.63460022 65.6623172 65.69003419 65.71775117 65.74546816 65.77318514 65.79295528 65.77265372 65.1899987 64.62652465 64.16534904 63.70417344 63.24299783 62.78182223 62.32064662 61.85947102 61.39829541 60.93711981 60.4759442 60.01476859 59.55359299 58.01889102 56.19791535 54.34327208 52.48466791 50.62606375 48.76745958 46.90885541 45.05025125 43.19164708 41.33304291 39.47443874 37.61583458 35.75723041 34.15894199 32.79493774 31.43093349 30.06692924 28.702925 27.33892075 25.9749165 24.61091225 23.246908 21.88290375 20.5188995 19.16971047 17.89953592 16.62816881 15.35346255 14.07875628 12.80405001 11.52934375 10.25463748 8.979931217 7.705224951 6.430518685 5.15581242 3.881106154 2.606399888 1.304782926 0 
65.5204889 65.54820588 65.57592287 65.60363986 65.63135684 65.65907383 65.68679081 65.7145078 65.74222478 65.76994177 65.75361363 65.18374592 64.72257032 64.26139471 63.80021911 63.3390435 62.8778679 62.41669229 61.95551668 61.49434108 61.03316547 60.57198987 60.11081426 59.64963866 58.11493669 56.26227386 54.4036697 52.54506553 50.68646136 48.82785719 46.96925303 45.11064886 43.25204469 41.39344053 39.53483636 37.67623219 35.81762802 34.2193396 32.85533535 31.49133111 30.12732686 28.76332261 27.39931836 26.03531411 24.67130986 23.30730562 21.94330137 20.57929712 19.21529287 17.87104224 16.59967513 15.32496887 14.0502626 12.77555634 11.50085007 10.2261438 8.951437539 7.676731273 6.402025007 5.127318741 3.852612476 2.57790621 1.303199944 0 
65.48952854 65.51724552 65.54496251 65.57267949 65.60039648 65.62811346 65.65583045 65.68354743 65.71126442 65.7389814 65.7409672 65.27979159 64.81861599 64.35744038 63.89626477 63.43508917 62.97391356 62.51273796 62.05156235 61.59038675 61.12921114 60.66803554 60.20685993 59.74568432 58.18127564 56.32267148 54.46406731 52.60546314 50.74685898 48.88825481 47.02965064 45.17104647 43.31244231 41.45383814 39.59523397 37.73662981 35.87802564 34.27973722 32.91573297 31.55172872 30.18772447 28.82372022 27.45971597 26.09571173 24.73170748 23.36770323 22.00369898 20.63969473 19.27569048 17.91168623 16.57118146 15.29647519 14.02176892 12.74706266 11.47235639 10.19765013 8.922943861 7.648237595 6.373531329 5.098825063 3.824118797 2.549412532 1.274706266 0 
65.40030047 65.45178305 65.47950004 65.50721702 65.53493401 65.56265099 65.59036798 65.61808496 65.64580195 65.67351893 65.67550473 65.21432912 64.75315352 64.29197791 63.8308023 63.3696267 62.90845109 62.44727549 61.98609988 61.52492428 61.06374867 60.60257306 60.14139746 59.53500619 57.92910732 56.07050315 54.21189898 52.35329481 50.49469065 48.63608648 46.77748231 44.91887815 43.06027398 41.20166981 39.34306564 37.48446148 35.64336574 34.12335919 32.80797369 31.44396944 30.07996519 28.71596095 27.3519567 25.98795245 24.6239482 23.25994395 21.8959397 20.53193545 19.16793121 17.80392696 16.49335531 15.29647519 14.02176892 12.74706266 11.47235639 10.19765013 8.922943861 7.648237595 6.373531329 5.098825063 3.824118797 2.549412532 1.274706266 0 
65.31107241 65.37223726 65.41403756 65.44175455 65.46947153 65.49718852 65.5249055 65.55262249 65.58033948 65.60805646 65.61004226 65.14886665 64.68769104 64.22651544 63.76533983 63.30416423 62.84298862 62.38181302 61.92063741 61.45946181 60.9982862 60.53711059 59.94109187 59.28283786 57.67693899 55.81833482 53.95973065 52.10112649 50.24252232 48.38391815 46.52531399 44.66670982 42.80810565 40.94950148 39.09089732 37.2478562 35.42621428 33.90620773 32.65767301 31.33621016 29.97220592 28.60820167 27.24419742 25.88019317 24.51618892 23.15218467 21.78818042 20.42417618 19.06017193 17.69616768 16.38559603 15.22463567 14.02176892 12.74706266 11.47235639 10.19765013 8.922943861 7.648237595 6.373531329 5.098825063 3.824118797 2.549412532 1.274706266 0 
65.22184434 65.2830092 65.34417406 65.37629208 65.40400906 65.43172605 65.45944303 65.48716002 65.514877 65.54259399 65.54457979 65.08340418 64.62222857 64.16105297 63.69987736 63.23870176 62.77752615 62.31635055 61.85517494 61.39399934 60.93282373 60.34717755 59.68892354 59.03066953 57.42477066 55.56616649 53.70756233 51.84895816 49.99035399 48.13174983 46.27314566 44.41454149 42.55593732 40.69733316 38.85234666 37.03070474 35.20906281 33.68905626 32.44052154 31.19198682 29.86444664 28.50044239 27.13643814 25.77243389 24.40842964 23.04442539 21.68042115 20.3164169 18.95241265 17.5884084 16.27783675 15.11687639 13.95591603 12.74706266 11.47235639 10.19765013 8.922943861 7.648237595 6.373531329 5.098825063 3.824118797 2.549412532 1.274706266 0 
65.13261628 65.19378113 65.25494599 65.31082961 65.33854659 65.36626358 65.39398056 65.42169755 65.44941453 65.47713152 65.47911732 65.01794171 64.5567661 64.0955905 63.63441489 63.17323929 62.71206368 62.25088808 61.78971247 61.32853686 60.75326324 60.09500922 59.43675521 58.7785012 57.17260233 55.31399817 53.455394 51.59678983 49.73818567 47.8795815 46.02097733 44.16237316 42.303769 40.45683712 38.63519519 36.81355327 34.99191135 33.4719048 32.22337008 30.97483536 29.72630064 28.39268311 27.02867886 25.66467461 24.30067036 22.93666612 21.57266187 20.20865762 18.84465337 17.48064912 16.17007748 15.00911711 13.84815675 12.68719639 11.47235639 10.19765013 8.922943861 7.648237595 6.373531329 5.098825063 3.824118797 2.549412532 1.274706266 0 
65.04338821 65.10455307 65.16571793 65.22688279 65.27308412 65.30080111 65.32851809 65.35623508 65.38395206 65.41166905 65.41365484 64.95247924 64.49130363 64.03012803 63.56895242 63.10777682 62.64660121 62.18542561 61.72425 61.15934892 60.50109491 59.8428409 59.18458689 58.52633288 56.92043401 55.06182984 53.20322567 51.3446215 49.48601734 47.62741317 45.768809 43.91020484 42.06132758 40.23968565 38.41804373 36.59640181 34.77475988 33.25475333 32.00621861 30.75768389 29.50914918 28.26061446 26.92091958 25.55691534 24.19291109 22.82890684 21.46490259 20.10089834 18.73689409 17.37288984 16.0623182 14.90135784 13.74039748 12.57943711 11.41847675 10.19765013 8.922943861 7.648237595 6.373531329 5.098825063 3.824118797 2.549412532 1.274706266 0 
64.95416015 65.015325 65.07648986 65.13765472 65.19881958 65.23533864 65.26305562 65.29077261 65.31848959 65.34620658 65.34819237 64.88701677 64.42584116 63.96466556 63.50348995 63.04231435 62.58113874 62.11996313 61.5654346 60.90718059 60.24892658 59.59067257 58.93241856 58.27416455 56.66826568 54.80966151 52.95105734 51.09245318 49.23384901 47.37524484 45.51664068 43.66581803 41.84417611 40.02253419 38.20089226 36.37925034 34.55760842 33.03760187 31.78906715 30.54053243 29.29199771 28.04346299 26.79492827 25.44915606 24.08515181 22.72114756 21.35714331 19.99313906 18.62913481 17.26513057 15.95455892 14.79359856 13.6326382 12.47167784 11.31071747 10.14975711 8.922943861 7.648237595 6.373531329 5.098825063 3.824118797 2.549412532 1.274706266 0 
64.86493208 64.92609694 64.9872618 65.04842666 65.10959152 65.16987617 65.19759315 65.22531014 65.25302712 65.28074411 65.2827299 64.8215543 64.36037869 63.89920309 63.43802748 62.97685188 62.51567627 61.97152028 61.31326627 60.65501226 59.99675825 59.33850424 58.68025023 58.02199622 56.41609735 54.55749318 52.69888902 50.84028485 48.98168068 47.12307652 45.27030849 43.44866657 41.62702465 39.80538272 37.9837408 36.16209888 34.34045695 32.8204504 31.57191568 30.32338096 29.07484625 27.82631153 26.57777681 25.32924209 23.97739253 22.61338828 21.24938403 19.88537978 18.52137554 17.15737129 15.84679964 14.68583928 13.52487892 12.36391856 11.2029582 10.04199784 8.881037475 7.648237595 6.373531329 5.098825063 3.824118797 2.549412532 1.274706266 0 
64.77570402 64.83686887 64.89803373 64.95919859 65.02036345 65.08152831 65.13213068 65.15984767 65.18756465 65.21528164 65.21726743 64.75609183 64.29491622 63.83374062 63.37256501 62.9113894 62.37760597 61.71935196 61.06109795 60.40284394 59.74458993 59.08633591 58.4280819 57.76982789 56.16392902 54.30532486 52.44672069 50.58811652 48.72951236 46.87479895 45.05315703 43.2315151 41.40987318 39.58823126 37.76658934 35.94494741 34.12330549 32.60329894 31.35476422 30.1062295 28.85769478 27.60916006 26.36062535 25.11209063 23.86355591 22.505629 21.14162475 19.77762051 18.41361626 17.04961201 15.73904036 14.57808 13.41711964 12.25615928 11.09519892 9.934238558 8.773278196 7.612317835 6.373531329 5.098825063 3.824118797 2.549412532 1.274706266 0 
64.68647595 64.74764081 64.80880567 64.86997053 64.93113539 64.99230024 65.0534651 65.0943852 65.12210218 65.14981917 65.15180496 64.69062936 64.22945375 63.76827815 63.30710254 62.78369165 62.12543764 61.46718363 60.80892962 60.15067561 59.4924216 58.83416759 58.17591358 57.51765957 55.9117607 54.05315653 52.19455236 50.33594819 48.47928941 46.65764749 44.83600556 43.01436364 41.19272172 39.37107979 37.54943787 35.72779595 33.90615402 32.38614747 31.13761275 29.88907804 28.64054332 27.3920086 26.14347388 24.89493916 23.64640444 22.39786973 21.03386548 19.66986123 18.30585698 16.94185273 15.63128108 14.47032072 13.30936036 12.1484 10.98743964 9.826479279 8.665518918 7.504558557 6.343598196 5.098825063 3.824118797 2.549412532 1.274706266 0 
64.59724789 64.65841274 64.7195776 64.78074246 64.84190732 64.90307218 64.96423704 65.0254019 65.05663971 65.0843567 65.08634249 64.62516689 64.16399128 63.70281567 63.18977733 62.53152332 61.87326931 61.2150153 60.55676129 59.89850728 59.24025327 58.58199926 57.92374525 57.26549124 55.65959237 53.8009882 51.94238403 50.08377987 48.26213794 46.44049602 44.6188541 42.79721218 40.97557025 39.15392833 37.33228641 35.51064448 33.68900256 32.16899601 30.92046129 29.67192657 28.42339185 27.17485713 25.92632242 24.6777877 23.42925298 22.18071826 20.9261062 19.56210195 18.1980977 16.83409345 15.52352181 14.36256145 13.20160108 12.04064072 10.87968036 9.718720001 8.55775964 7.396799279 6.235838918 5.074878557 3.824118797 2.549412532 1.274706266 0 
64.50801982 64.56918468 64.63034954 64.6915144 64.75267926 64.81384411 64.87500897 64.93617383 64.99117724 65.01889422 65.02088002 64.55970442 64.09852881 63.59586301 62.937609 62.27935499 61.62110098 60.96284697 60.30459296 59.64633895 58.98808494 58.32983093 57.67157692 57.01332291 55.40742404 53.54881987 51.69021571 49.8666284 48.04498648 46.22334456 44.40170263 42.58006071 40.75841879 38.93677686 37.11513494 35.29349302 33.47185109 31.95184454 30.70330982 29.45477511 28.20624039 26.95770567 25.70917095 24.46063623 23.21210151 21.9635668 20.71503208 19.45434267 18.09033842 16.72633417 15.41576253 14.25480217 13.09384181 11.93288144 10.77192108 9.610960723 8.450000362 7.289040001 6.12807964 4.967119279 3.806158918 2.549412532 1.274706266 0 
64.41879176 64.47995661 64.54112147 64.60228633 64.66345119 64.72461605 64.78578091 64.84694577 64.90811063 64.95343175 64.95541755 64.49424194 64.0019487 63.34369469 62.68544068 62.02718667 61.36893266 60.71067865 60.05242464 59.39417063 58.73591662 58.0776626 57.41940859 56.76115458 55.15525571 53.29665155 51.47111886 49.64947694 47.82783501 46.00619309 44.18455117 42.36290925 40.54126732 38.7196254 36.89798348 35.07634155 33.25469963 31.73469308 30.48615836 29.23762364 27.98908892 26.7405542 25.49201949 24.24348477 22.99495005 21.74641533 20.49788061 19.24934589 17.98257914 16.6185749 15.30800325 14.14704289 12.98608253 11.82512217 10.66416181 9.503201445 8.342241084 7.181280723 6.020320362 4.859360001 3.69839964 2.537439278 1.274706266 0 
64.32956369 64.39072855 64.45189341 64.51305827 64.57422313 64.63538798 64.69655284 64.7577177 64.81888256 64.88004742 64.88995508 64.40803438 63.74978037 63.09152636 62.43327235 61.77501834 61.11676433 60.45851032 59.80025631 59.1420023 58.48374829 57.82549428 57.16724027 56.50898626 54.90308739 53.07560932 51.2539674 49.43232547 47.61068355 45.78904163 43.9673997 42.14575778 40.32411586 38.50247393 36.68083201 34.85919009 33.03754817 31.51754161 30.26900689 29.02047218 27.77193746 26.52340274 25.27486802 24.0263333 22.77779858 21.52926387 20.28072915 19.03219443 17.78365971 16.51081562 15.20024397 14.03928361 12.87832325 11.71736289 10.55640253 9.395442166 8.234481805 7.073521444 5.912561083 4.751600722 3.590640361 2.42968 1.268719639 0 
64.24033563 64.30150048 64.36266534 64.4238302 64.48499506 64.54615992 64.60732478 64.66848964 64.7296545 64.79081935 64.81412006 64.15586605 63.49761204 62.83935803 62.18110402 61.52285001 60.864596 60.20634199 59.54808798 58.88983397 58.23157996 57.57332595 56.91507194 56.25681793 54.68009978 52.85845785 51.03681593 49.21517401 47.39353209 45.57189016 43.75024824 41.92860632 40.10696439 38.28532247 36.46368055 34.64203862 32.8203967 31.30039015 30.05185543 28.80332071 27.55478599 26.30625128 25.05771656 23.80918184 22.56064712 21.3121124 20.06357768 18.81504296 17.56650825 16.31797353 15.09248469 13.93152433 12.77056397 11.60960361 10.44864325 9.287682888 8.126722527 6.965762166 5.804801805 4.643841444 3.482881083 2.321920722 1.160960361 0 
