5.481268923 5.219000411 4.9567319 4.694463388 4.432194877 4.169926365 3.907657854 3.645389342 3.397103324 3.246694758 3.096286191 2.945877625 2.795469058 2.645060492 2.494651926 2.344243359 2.2085958 2.117231262 2.025866724 1.934502186 1.843137648 1.75177311 1.660408572 1.569044034 1.491177722 1.435808451 1.38043918 1.325069909 1.269700638 1.214331367 1.158962096 1.103592825 1.061120977 1.031546552 1.001972127 0.9723977016 0.9428232766 0.9132488515 0.8836744265 0.8541000015 0.8384601776 0.8311811145 0.8239020514 0.8166229883 0.8093439252 0.8020648621 0.794785799 0.7875067359 0.7917965684 0.7999426994 0.8080888304 0.8162349615 0.8243810925 0.8325272235 0.8406733546 0.8488194856 0.8665224462 0.8855906682 0.9046588902 0.9237271121 0.9427953341 0.9618635561 0.980931778 1 
5.430206402 5.185192004 4.925080256 4.662811745 4.400543233 4.138274722 3.87600621 3.613737699 3.36545168 3.215043114 3.064634548 2.914225981 2.763817415 2.613408848 2.463000282 2.315880565 2.188314985 2.102215431 2.010850893 1.919486355 1.828121817 1.736757279 1.645392741 1.554028203 1.476161891 1.42079262 1.365423349 1.310054078 1.254684807 1.199315536 1.143946265 1.091624948 1.052693428 1.02449646 0.9949220346 0.9653476095 0.9357731845 0.9061987595 0.8766243344 0.8470499094 0.8314100856 0.8241310224 0.8168519593 0.8095728962 0.8022938331 0.79501477 0.7877357069 0.7815040402 0.7869910004 0.7955860672 0.8037321982 0.8118783293 0.8200244603 0.8281705913 0.8363167224 0.8444628534 0.862165814 0.881234036 0.900302258 0.9193704799 0.9384387019 0.9575069239 0.9770592161 1 
5.379143882 5.134129483 4.889115084 4.631160101 4.36889159 4.106623078 3.844354567 3.582086055 3.333800037 3.18339147 3.032982904 2.882574337 2.732165771 2.581757205 2.435733771 2.294095469 2.166529889 2.081182476 1.995835062 1.904470524 1.813105986 1.721741448 1.63037691 1.539012372 1.46114606 1.405776789 1.350407518 1.295038247 1.239668976 1.184299705 1.132587979 1.082095434 1.043163914 1.01579342 0.9878719425 0.9582975174 0.9287230924 0.8991486674 0.8695742423 0.8399998173 0.8243599935 0.8170809304 0.8098018673 0.8025228041 0.795243741 0.7879646779 0.7818826393 0.7758006006 0.7812875608 0.790630854 0.7993755661 0.8075216971 0.8156678281 0.8238139592 0.8319600902 0.8401062212 0.8578091818 0.8768774038 0.8959456258 0.9150138477 0.9340820697 0.9541184322 0.9770592161 1 
5.328081361 5.083066962 4.838052564 4.593038165 4.337239946 4.074971434 3.812702923 3.550434411 3.302148393 3.151739827 3.00133126 2.850922694 2.700514127 2.555586976 2.413948674 2.272310373 2.144744793 2.059397379 1.974049966 1.888702553 1.798090155 1.706725617 1.615361079 1.523996542 1.446130229 1.390760958 1.335391687 1.280022416 1.224653145 1.173551009 1.123058465 1.07256592 1.0336344 1.006263906 0.9788934112 0.9512474254 0.9216730003 0.8920985753 0.8625241503 0.8329497252 0.8173099014 0.8100308383 0.8027517752 0.7954727121 0.788343277 0.7822612383 0.7761791997 0.770097161 0.7755841212 0.7849274144 0.7942707075 0.8031650649 0.8113111959 0.819457327 0.827603458 0.835749589 0.8534525496 0.8725207716 0.8915889936 0.9106572155 0.9311776482 0.9541184322 0.9770592161 1 
5.27701884 5.032004442 4.786990043 4.541975644 4.296961246 4.043319791 3.781051279 3.518782768 3.270496749 3.120088183 2.969679617 2.81927105 2.675440182 2.53380188 2.392163578 2.250525276 2.122959697 2.037612283 1.95226487 1.866917457 1.781570043 1.691709786 1.600345248 1.508980711 1.431114398 1.375745127 1.320375856 1.265006585 1.21451404 1.164021495 1.113528951 1.063036406 1.024104886 0.9967343919 0.9693638973 0.9419934028 0.9146229082 0.8850484832 0.8554740582 0.8258996331 0.8102598093 0.8029807462 0.7957016831 0.7887218761 0.7826398374 0.7765577987 0.7704757601 0.7643937214 0.7698806816 0.7792239748 0.7885672679 0.7979105611 0.8069545637 0.8151006948 0.8232468258 0.8313929568 0.8490959174 0.8681641394 0.8872323614 0.9082368643 0.9311776482 0.9541184322 0.9770592161 1 
5.22595632 4.980941921 4.735927522 4.490913124 4.245898725 4.000884326 3.749399636 3.487131124 3.238845106 3.088436539 2.938027973 2.795293388 2.653655086 2.512016784 2.370378482 2.22874018 2.101174601 2.015827187 1.930479774 1.845132361 1.759784947 1.674437534 1.585329418 1.49396488 1.416098567 1.360729296 1.305969616 1.255477071 1.204984526 1.154491982 1.103999437 1.053506892 1.014575373 0.987204878 0.9598343835 0.9324638889 0.9050933944 0.8777228998 0.8484239661 0.8188495411 0.8032097172 0.7959306541 0.7891004752 0.7830184365 0.7769363978 0.7708543592 0.7647723205 0.7586902818 0.764177242 0.7735205352 0.7828638283 0.7922071215 0.8015504147 0.8107440626 0.8188901936 0.8270363246 0.8447392852 0.8638075072 0.8852960804 0.9082368643 0.9311776482 0.9541184322 0.9770592161 1 
5.174893799 4.9298794 4.684865002 4.439850603 4.194836204 3.949821806 3.704807407 3.45547948 3.207193462 3.056784896 2.915146594 2.773508292 2.63186999 2.490231688 2.348593386 2.206955084 2.079389505 1.994042091 1.908694678 1.823347264 1.737999851 1.652652438 1.567305024 1.478949049 1.401082736 1.346932646 1.296440102 1.245947557 1.195455012 1.144962468 1.094469923 1.043977378 1.005045859 0.9776753642 0.9503048696 0.922934375 0.8955638805 0.8681933859 0.8408228914 0.811799449 0.7961596251 0.7894790742 0.7833970356 0.7773149969 0.7712329582 0.7651509196 0.7590688809 0.7529868422 0.7584738024 0.7678170956 0.7771603888 0.7865036819 0.7958469751 0.8051902683 0.8145335614 0.8226796925 0.8403826531 0.8623552965 0.8852960804 0.9082368643 0.9311776482 0.9541184322 0.9770592161 1 
5.123831278 4.87881688 4.633802481 4.388788082 4.143773684 3.898759285 3.653744887 3.408730488 3.176638101 3.034999799 2.893361498 2.751723196 2.610084894 2.468446592 2.32680829 2.185169988 2.057604408 1.972256995 1.886909582 1.801562168 1.716214755 1.630867342 1.545519928 1.460172515 1.387895677 1.337403133 1.286910588 1.236418043 1.185925499 1.135432954 1.084940409 1.034447864 0.9955163448 0.9681458503 0.9407753557 0.9134048612 0.8860343666 0.8586638721 0.8312933775 0.803922883 0.7898576733 0.7837756347 0.777693596 0.7716115573 0.7655295186 0.75944748 0.7533654413 0.7472834026 0.7527703628 0.762113656 0.7714569492 0.7808002423 0.7901435355 0.7994868287 0.8088301218 0.818173415 0.8394145126 0.8623552965 0.8852960804 0.9082368643 0.9311776482 0.9541184322 0.9770592161 1 
5.100419076 4.855404677 4.610390279 4.36537588 4.120361481 3.875347083 3.630332684 3.385318286 3.16388007 3.024829291 2.883190989 2.741552687 2.599914385 2.458276083 2.316637782 2.17499948 2.0474339 1.962086487 1.876739073 1.79139166 1.706044246 1.620696833 1.53534942 1.450002006 1.380077304 1.329584759 1.279092215 1.22859967 1.178107125 1.127614581 1.077122036 1.026851461 0.9912060899 0.9640243944 0.9366538999 0.9092834053 0.8819129107 0.8545424162 0.8271719216 0.7998014271 0.7857362174 0.7796541788 0.7735721401 0.7674901014 0.7614080628 0.7553260241 0.7492439854 0.7439474437 0.7510656488 0.7604089419 0.7697522351 0.7790955283 0.7884388214 0.7977821146 0.8071254078 0.8164687009 0.8377097985 0.8606505824 0.8835913664 0.9065321503 0.9294729342 0.9524137181 0.975354502 1 
5.077006874 4.831992475 4.586978076 4.341963678 4.096949279 3.85193488 3.606920482 3.366312696 3.150382747 3.014658783 2.873020481 2.731382179 2.589743877 2.448105575 2.306467273 2.164828971 2.037263392 1.951915978 1.866568565 1.781221151 1.695873738 1.610526325 1.525178911 1.441922285 1.372258931 1.321766386 1.271273842 1.220781297 1.170288752 1.119796208 1.069303663 1.021030813 0.9853854419 0.9599029385 0.932532444 0.9051619494 0.8777914549 0.8504209603 0.8230504658 0.7956799712 0.7816147616 0.7755327229 0.7694506842 0.7633686456 0.7572866069 0.7512045682 0.7451225295 0.7412398824 0.7486923699 0.7587042279 0.7680475211 0.7773908142 0.7867341074 0.7960774006 0.8054206937 0.8147639869 0.8360050845 0.8589458684 0.8818866523 0.9048274362 0.9277682201 0.9507090041 0.9740286133 1 
5.053594671 4.808580273 4.563565874 4.318551475 4.073537077 3.828522678 3.58350828 3.352815373 3.136885423 3.001161459 2.862849972 2.72121167 2.579573368 2.437935067 2.296296765 2.154658463 2.027092883 1.94174547 1.856398056 1.771050643 1.68570323 1.600355816 1.515269751 1.434103912 1.364440558 1.313948013 1.263455469 1.212962924 1.162470379 1.111977835 1.062151198 1.015210165 0.979564794 0.9552150853 0.9284109881 0.9010404935 0.873669999 0.8462995044 0.8189290099 0.7915585153 0.7774933057 0.771411267 0.7653292284 0.7592471897 0.753165151 0.7470831123 0.7421007694 0.7385323211 0.7459848086 0.7569995138 0.766342807 0.7756861002 0.7850293933 0.7943726865 0.8037159797 0.8130592728 0.8343003704 0.8572411543 0.8801819383 0.9031227222 0.9260635061 0.94900429 0.9740286133 1 
5.030182469 4.78516807 4.540153672 4.295139273 4.050124874 3.805110476 3.566705996 3.339318049 3.123388099 2.987664135 2.851940172 2.711041162 2.56940286 2.427764558 2.286126256 2.144487954 2.016922375 1.931574961 1.846227548 1.760880134 1.675532721 1.590185308 1.507451378 1.426285539 1.356622185 1.30612964 1.255637096 1.205144551 1.154652006 1.104159462 1.05633055 1.009389517 0.973744146 0.9493944374 0.9242895322 0.8969190377 0.8695485431 0.8421780486 0.814807554 0.7874370594 0.7733718498 0.7672898111 0.7612077725 0.7551257338 0.7490436951 0.7429616565 0.7393932081 0.7358247598 0.7432772473 0.75440338 0.764638093 0.7739813861 0.7833246793 0.7926679725 0.8020112656 0.8113545588 0.8325956564 0.8555364403 0.8784772242 0.9014180081 0.924358792 0.9480572266 0.9740286133 1 
5.006770267 4.761755868 4.516741469 4.271727071 4.026712672 3.781698274 3.553208673 3.325820725 3.109890776 2.974166812 2.838442848 2.700870653 2.559232352 2.41759405 2.275955748 2.134317446 2.006751866 1.921404453 1.836057039 1.750709626 1.665362213 1.580798844 1.499633005 1.418467166 1.348803812 1.298311267 1.247818723 1.197326178 1.146833633 1.097450936 1.050509902 1.003568869 0.9679234981 0.9435737894 0.9192240808 0.8927975818 0.8654270872 0.8380565927 0.8106860981 0.7833156036 0.7692503939 0.7631683553 0.7570863166 0.7510042779 0.7449222393 0.7402540951 0.7366856468 0.7331171985 0.7405696859 0.7516958187 0.7628219514 0.7722766721 0.7816199652 0.7909632584 0.8003065516 0.8096498447 0.8308909423 0.8538317262 0.8767725101 0.8997132941 0.922654078 0.9480572266 0.9740286133 1 
4.983358064 4.738343666 4.493329267 4.248314868 4.00330047 3.767099297 3.539711349 3.312323402 3.096393452 2.960669488 2.824945524 2.68922156 2.549061843 2.407423541 2.265785239 2.124146937 1.996581358 1.911233944 1.825886531 1.740539118 1.655191704 1.572980471 1.491814632 1.410648793 1.340985439 1.290492894 1.240000349 1.189507805 1.13901526 1.091630288 1.044689254 0.9977482211 0.9621028501 0.9377531415 0.9134034328 0.8886761259 0.8613056314 0.8339351368 0.8065646422 0.7791941477 0.7651289381 0.7590468994 0.7529648607 0.746882822 0.7411149822 0.7375465338 0.7339780855 0.7304096371 0.7378621246 0.7489882574 0.7601143901 0.770571958 0.7799152512 0.7892585444 0.7986018375 0.8079451307 0.8291862283 0.8521270122 0.8750677961 0.89800858 0.92208584 0.9480572266 0.9740286133 1 
4.959945862 4.714931463 4.469917065 4.224902666 3.980989921 3.753601973 3.526214026 3.298826078 3.082896129 2.947172165 2.811448201 2.675724237 2.538891335 2.397253033 2.255614731 2.113976429 1.986410849 1.901063436 1.815716022 1.730368609 1.646327938 1.565162098 1.483996259 1.40283042 1.333167066 1.282674521 1.232181976 1.181689432 1.132750673 1.08580964 1.038868607 0.9919275732 0.9562822022 0.9319324935 0.9075827849 0.8832330762 0.8571841755 0.8298136809 0.8024431864 0.7750726918 0.7610074822 0.7549254435 0.7488434048 0.7427613662 0.7384074209 0.7348389725 0.7312705242 0.7277020758 0.7351545633 0.746280696 0.7574068288 0.7685329615 0.7782105371 0.7875538303 0.7968971235 0.8062404166 0.8274815142 0.8504222981 0.873363082 0.896303866 0.92208584 0.9480572266 0.9740286133 1 
4.93653366 4.691519261 4.446504862 4.201490464 3.967492597 3.74010465 3.512716702 3.285328755 3.069398805 2.933674841 2.797950877 2.662226913 2.526502949 2.387082524 2.245444222 2.10380592 1.976240341 1.890892927 1.805545514 1.720198101 1.638509565 1.557343725 1.476177886 1.395012047 1.325348693 1.274856148 1.224363603 1.173871059 1.126930025 1.079988992 1.033047959 0.9861069252 0.9504615542 0.9261118456 0.9017621369 0.8774124283 0.8530627196 0.825692225 0.7983217305 0.7709512359 0.7568860263 0.7508039876 0.744721949 0.7392683079 0.7356998595 0.7321314112 0.7285629629 0.7249945145 0.732447002 0.7435731347 0.7546992675 0.7658254002 0.7765058231 0.7858491162 0.7951924094 0.8045357026 0.8257768002 0.8487175841 0.871658368 0.8961144533 0.92208584 0.9480572266 0.9740286133 1 
4.913121457 4.668107059 4.42309266 4.181383221 3.953995274 3.726607326 3.499219379 3.271831431 3.055901482 2.920177518 2.784453554 2.64872959 2.513005626 2.376912016 2.235273714 2.093635412 1.966069832 1.880722419 1.795375006 1.711857031 1.630691191 1.549525352 1.468359513 1.387193673 1.31753032 1.267037775 1.21654523 1.168050411 1.121109377 1.074168344 1.027227311 0.9802862773 0.9446409063 0.9202911976 0.895941489 0.8715917803 0.8472420717 0.8215707692 0.7942002746 0.7668297801 0.7527645704 0.7466825318 0.7406004931 0.7365607466 0.7329922982 0.7294238499 0.7258554015 0.7222869532 0.7297394407 0.7408655734 0.7519917062 0.7631178389 0.7742439717 0.7841444022 0.7934876954 0.8028309885 0.8240720861 0.84701287 0.8701430666 0.8961144533 0.92208584 0.9480572266 0.9740286133 1 
4.889709255 4.644694856 4.399680458 4.167885898 3.94049795 3.713110003 3.485722055 3.258334108 3.042404158 2.906680194 2.77095623 2.635232266 2.499508302 2.363784338 2.225103205 2.083464904 1.955899324 1.87055191 1.785204497 1.704038658 1.622872818 1.541706979 1.46054114 1.3793753 1.309711947 1.259219402 1.209170796 1.162229763 1.115288729 1.068347696 1.021406663 0.9744656293 0.9388202583 0.9144705497 0.890120841 0.8657711324 0.8414214237 0.8170717151 0.7900788187 0.7627083242 0.7486431146 0.7425610759 0.7374216336 0.7338531852 0.7302847369 0.7267162886 0.7231478402 0.7195793919 0.7270318794 0.7381580121 0.7492841448 0.7604102776 0.7715364103 0.7824396881 0.7917829813 0.8011262745 0.822367372 0.845308156 0.8701430666 0.8961144533 0.92208584 0.9480572266 0.9740286133 1 
4.866297053 4.621282654 4.381776521 4.154388574 3.927000627 3.699612679 3.472224732 3.244836784 3.028906835 2.893182871 2.757458907 2.621734943 2.486010979 2.350287015 2.214563051 2.073294395 1.945728815 1.860381402 1.777386124 1.696220285 1.615054445 1.533888606 1.452722767 1.371556927 1.301893574 1.251401029 1.203350148 1.156409115 1.109468081 1.062527048 1.015586015 0.9686449814 0.9329996104 0.9086499017 0.8843001931 0.8599504844 0.8356007758 0.8112510671 0.7859573629 0.7585868683 0.7445216587 0.73843962 0.7347140723 0.7311456239 0.7275771756 0.7240087272 0.7204402789 0.7168718306 0.724324318 0.7354504508 0.7465765835 0.7577027163 0.768828849 0.7799549818 0.7900782673 0.7994215604 0.820662658 0.8441716799 0.8701430666 0.8961144533 0.92208584 0.9480572266 0.9740286133 1 
4.84288485 4.597870452 4.368279198 4.14089125 3.913503303 3.686115356 3.458727408 3.231339461 3.015409511 2.879685547 2.743961583 2.608237619 2.472513655 2.336789691 2.201065727 2.063123887 1.935558307 1.85073359 1.769567751 1.688401912 1.607236072 1.526070233 1.444904394 1.363738554 1.2940752 1.244470534 1.1975295 1.150588467 1.103647434 1.0567064 1.009765367 0.9628243334 0.9271789624 0.9028292538 0.8784795451 0.8541298365 0.8297801278 0.8054304192 0.7810807105 0.7544654124 0.7404002028 0.7355749593 0.732006511 0.7284380626 0.7248696143 0.7213011659 0.7177327176 0.7141642692 0.7216167567 0.7327428895 0.7438690222 0.754995155 0.7661212877 0.7772474205 0.7883735532 0.7977168464 0.8189579439 0.8441716799 0.8701430666 0.8961144533 0.92208584 0.9480572266 0.9740286133 1 
4.819472648 4.582169822 4.354781874 4.127393927 3.900005979 3.672618032 3.445230085 3.217842137 3.001912188 2.866188224 2.73046426 2.594740296 2.459016332 2.323292368 2.187568404 2.05184444 1.925387798 1.842915217 1.761749378 1.680583539 1.599417699 1.51825186 1.437086021 1.355920181 1.286256827 1.238649886 1.191708852 1.144767819 1.097826786 1.050885752 1.003944719 0.9570036855 0.9213583145 0.8970086058 0.8726588972 0.8483091885 0.8239594799 0.7996097712 0.7752600626 0.7503439566 0.7364358463 0.732867398 0.7292989496 0.7257305013 0.722162053 0.7185936046 0.7150251563 0.7114567079 0.7189091954 0.7300353281 0.7411614609 0.7522875936 0.7634137264 0.7745398591 0.7856659919 0.7960121323 0.8182002933 0.8441716799 0.8701430666 0.8961144533 0.92208584 0.9480572266 0.9740286133 1 
4.796060446 4.568672498 4.341284551 4.113896603 3.886508656 3.659120709 3.431732761 3.204344814 2.988414864 2.8526909 2.716966936 2.581242972 2.445519008 2.309795044 2.17407108 2.038347116 1.916262683 1.835096844 1.753931005 1.672765165 1.591599326 1.510433487 1.429267647 1.348101808 1.279770271 1.232829238 1.185888204 1.138947171 1.092006138 1.045065104 0.9981240709 0.9511830375 0.9155376665 0.8911879579 0.8668382492 0.8424885406 0.8181388319 0.7937891233 0.7694394146 0.745089706 0.733728285 0.7301598367 0.7265913883 0.72302294 0.7194544916 0.7158860433 0.7123175949 0.7087491466 0.7162016341 0.7273277668 0.7384538996 0.7495800323 0.7607061651 0.7718322978 0.7829584306 0.7940845633 0.8182002933 0.8441716799 0.8701430666 0.8961144533 0.92208584 0.9480572266 0.9740286133 1 
4.773489793 4.557374961 4.331396153 4.104008206 3.876620258 3.649232311 3.421844363 3.194456416 2.978526466 2.842802502 2.707078538 2.571354574 2.43563061 2.299906646 2.164182682 2.031972765 1.917375787 1.837817711 1.756651872 1.675486033 1.594320193 1.513154354 1.431988515 1.350822675 1.282491138 1.235550105 1.188609072 1.141668038 1.094727005 1.047785971 1.000844938 0.9532145057 0.9158489473 0.8900384035 0.8656886949 0.8413389862 0.8169892776 0.7926395689 0.7682898603 0.7439401516 0.7325787307 0.7290102823 0.725441834 0.7218733856 0.7183049373 0.7147364889 0.7111680406 0.7057300018 0.7145799452 0.7266718903 0.7377980231 0.7489241558 0.7600502886 0.7711764213 0.7823025541 0.7934286868 0.8175444168 0.8435158034 0.8694871901 0.8954585768 0.9214299635 0.9474013502 0.973445612 1 
4.75091914 4.534804308 4.318689476 4.094119808 3.86673186 3.639343913 3.411955965 3.184568018 2.968638068 2.832914104 2.697190141 2.561466177 2.425742213 2.290018249 2.15897968 2.032626508 1.918029529 1.838701134 1.759372739 1.6782069 1.597041061 1.515875221 1.434709382 1.353543543 1.285212006 1.238270972 1.191329939 1.144388905 1.097447872 1.050506839 1.002738526 0.9546944547 0.9173288963 0.8906418514 0.8645391405 0.8401894319 0.8158397232 0.7914900146 0.7671403059 0.7427905973 0.7314291763 0.727860728 0.7242922796 0.7207238313 0.7171553829 0.7135869346 0.7078818114 0.7021766882 0.7110266317 0.724728264 0.7371421466 0.7482682793 0.7593944121 0.7705205448 0.7816466776 0.7927728103 0.8168885403 0.842859927 0.8688313136 0.8948027003 0.920774087 0.946891224 0.973445612 1 
4.728348487 4.512233655 4.296118823 4.080003992 3.856843462 3.629455515 3.402067568 3.17467962 2.958749671 2.823025707 2.687301743 2.551577779 2.415853815 2.285986595 2.159633423 2.03328025 1.918683272 1.839354877 1.760026482 1.680698087 1.599761928 1.518596089 1.437430249 1.35626441 1.287932873 1.240991839 1.194050806 1.147109773 1.100168739 1.052262547 1.004218475 0.9561744036 0.9188088452 0.8921218003 0.8654347554 0.8390398775 0.8146901689 0.7903404602 0.7659907516 0.7416410429 0.730279622 0.7267111736 0.7231427253 0.7195742769 0.7157387442 0.710033621 0.7043284979 0.6986233747 0.7074733181 0.7211749505 0.7348765828 0.7476124029 0.7587385356 0.7698646683 0.7809908011 0.7921169338 0.8162326638 0.8422040505 0.8681754371 0.8941468238 0.920336836 0.946891224 0.973445612 1 
4.705777834 4.489663002 4.273548171 4.057433339 3.841318507 3.619567117 3.39217917 3.164791222 2.948861273 2.813137309 2.677413345 2.541689381 2.41299351 2.286640338 2.160287165 2.033933992 1.919337014 1.840008619 1.760680224 1.681351829 1.602023434 1.521316956 1.440151116 1.358985277 1.29065374 1.243712707 1.196771673 1.14983064 1.101786568 1.053742496 1.005698424 0.9576543526 0.9202887942 0.8936017493 0.8669147044 0.8402276594 0.8135406145 0.7891909059 0.7648411972 0.7404914886 0.7291300676 0.7255616193 0.7219931709 0.7178905539 0.7121854307 0.7064803075 0.7007751843 0.6950700611 0.7039200046 0.7176216369 0.7313232693 0.7450249017 0.7580826591 0.7692087919 0.7803349246 0.7914610574 0.8155767873 0.841548174 0.8675195606 0.893782448 0.920336836 0.946891224 0.973445612 1 
4.683207181 4.467092349 4.250977518 4.034862686 3.818747854 3.602633022 3.382290772 3.154902824 2.938972875 2.803248911 2.667524947 2.540000425 2.413647253 2.28729408 2.160940907 2.034587735 1.919990756 1.840662361 1.761333966 1.682005571 1.602677176 1.523348781 1.442871984 1.361706144 1.293374607 1.246433574 1.199354661 1.151310589 1.103266517 1.055222445 1.007178373 0.9591343015 0.9217687431 0.8950816982 0.8683946533 0.8417076084 0.8150205635 0.7883335186 0.7636916429 0.7393419342 0.7279805133 0.7244120649 0.7200423635 0.7143372403 0.7086321171 0.7029269939 0.6972218707 0.6915167475 0.700366691 0.7140683234 0.7277699557 0.7414715881 0.7551732205 0.7685529154 0.7796790481 0.7908051809 0.8149209108 0.8408922975 0.86722806 0.893782448 0.920336836 0.946891224 0.973445612 1 
4.660636528 4.444521697 4.228406865 4.012292033 3.796177201 3.580062369 3.363947537 3.145014427 2.929084477 2.793360513 2.66700734 2.540654168 2.414300995 2.287947822 2.16159465 2.035241477 1.920644499 1.841316104 1.761987709 1.682659314 1.603330919 1.524002524 1.444674129 1.364427012 1.296095475 1.248878682 1.20083461 1.152790538 1.104746466 1.056702394 1.008658322 0.9606142505 0.9232486921 0.8965616472 0.8698746023 0.8431875574 0.8165005124 0.7898134675 0.7631264226 0.7381923799 0.7268309589 0.7221941732 0.71648905 0.7107839268 0.7050788036 0.6993736804 0.6936685572 0.687963434 0.6968133775 0.7105150098 0.7242166422 0.7379182745 0.7516199069 0.7653215393 0.7790231716 0.7901493044 0.8142650343 0.840673672 0.86722806 0.893782448 0.920336836 0.946891224 0.973445612 1 
4.638065875 4.421951044 4.205836212 3.98972138 3.773606548 3.557491716 3.341376884 3.125262053 2.920367428 2.794014256 2.667661083 2.54130791 2.414954738 2.288601565 2.162248392 2.035895219 1.921298241 1.841969846 1.762641451 1.683313056 1.603984661 1.524656266 1.445327871 1.365999476 1.298402702 1.25035863 1.202314559 1.154270487 1.106226415 1.058182343 1.010138271 0.9620941994 0.924728641 0.8980415961 0.8713545512 0.8446675063 0.8179804614 0.7912934165 0.7646063716 0.7379193267 0.7243459828 0.7186408596 0.7129357364 0.7072306132 0.70152549 0.6958203668 0.6901152436 0.6844101204 0.6932600639 0.7069616963 0.7206633286 0.734364961 0.7480665933 0.7617682257 0.7754698581 0.7891714904 0.814119284 0.840673672 0.86722806 0.893782448 0.920336836 0.946891224 0.973445612 1 
4.668142989 4.452028158 4.235913326 4.019798494 3.803683662 3.58756883 3.371453998 3.154166077 2.943739444 2.805976697 2.679623524 2.553270352 2.426917179 2.300564006 2.174210834 2.047857661 1.933260683 1.853932288 1.774603893 1.695275498 1.615947103 1.536618708 1.457290313 1.375760787 1.304894346 1.255813766 1.207769694 1.159725622 1.111681551 1.063637479 1.015593407 0.967549335 0.9301837766 0.9034967317 0.8768096868 0.8501226419 0.823435597 0.7967485521 0.7700615072 0.7431921011 0.72982726 0.7243618833 0.7186567601 0.7129516369 0.7072465137 0.7015413905 0.6958362673 0.6901311441 0.6989810876 0.71268272 0.7263843523 0.7400859847 0.753787617 0.7674892494 0.7811908818 0.7916500114 0.8145799969 0.840673672 0.86722806 0.893782448 0.920336836 0.946891224 0.973445612 1 
4.698220103 4.482105271 4.26599044 4.049875608 3.833760776 3.617645944 3.399771479 3.178964291 2.968537657 2.83077491 2.693012163 2.565232793 2.438879621 2.312526448 2.186173275 2.059820103 1.945223124 1.865894729 1.786566334 1.707237939 1.627909544 1.548581149 1.466501341 1.382770684 1.311904243 1.262478161 1.21322483 1.165180758 1.117136686 1.069092614 1.021048542 0.9730044706 0.9356389122 0.9089518673 0.8822648224 0.8555777775 0.8288907326 0.8022036876 0.7753038881 0.7483736951 0.7350088539 0.7297832238 0.7243777838 0.7186726606 0.7129675374 0.7072624142 0.701557291 0.6958521678 0.7047021113 0.7184037437 0.732105376 0.7458070084 0.7595086407 0.7728049603 0.7832640899 0.7937232195 0.816653205 0.8413647414 0.86722806 0.893782448 0.920336836 0.946891224 0.973445612 1 
4.728297217 4.512182385 4.296067553 4.079952722 3.86383789 3.64537688 3.424569692 3.203762504 2.993335871 2.855573123 2.717810376 2.580047628 2.450842062 2.324488889 2.198135717 2.071782544 1.957185566 1.877857171 1.798528776 1.719200381 1.639871986 1.557241894 1.473511238 1.389780581 1.31891414 1.269488058 1.220061976 1.170635894 1.122591822 1.07454775 1.026503678 0.9784596062 0.9410940478 0.9144070029 0.887719958 0.8610329131 0.8343458681 0.8074156751 0.7804854821 0.753555289 0.7401904478 0.7349648178 0.7297391877 0.7243936843 0.7186885611 0.7129834379 0.7072783147 0.7015731915 0.710423135 0.7241247674 0.7378263997 0.7515280321 0.7644190388 0.7748781684 0.785337298 0.7957964277 0.8187264132 0.8434379495 0.8681494858 0.893782448 0.920336836 0.946891224 0.973445612 1 
4.758374331 4.542259499 4.326144667 4.110029836 3.890982281 3.670175093 3.449367905 3.228560717 3.018134084 2.880371336 2.742608589 2.604845841 2.467083094 2.336451331 2.210098158 2.083744986 1.969148007 1.889819612 1.810491217 1.731162822 1.647982448 1.564251791 1.480521135 1.396790478 1.325924037 1.276497955 1.227071873 1.177645791 1.128219709 1.080002885 1.031958814 0.9839147418 0.9465491834 0.9198621385 0.8931750936 0.8664576551 0.8395274621 0.812597269 0.785667076 0.758736883 0.7453720418 0.7401464117 0.7349207816 0.7296951516 0.7244095848 0.7187044616 0.7129993384 0.7072942152 0.7161441587 0.7298457911 0.7435474234 0.7560331173 0.7664922469 0.7769513765 0.7874105062 0.7978696358 0.8207996213 0.8455111576 0.870222694 0.8949342303 0.920336836 0.946891224 0.973445612 1 
4.788451445 4.572336613 4.356221781 4.136587682 3.915780494 3.694973306 3.474166118 3.25335893 3.042932297 2.905169549 2.767406802 2.629644054 2.491881307 2.35411856 2.2220606 2.095707427 1.981110449 1.901782054 1.822453659 1.738723002 1.654992345 1.571261689 1.487531032 1.403800375 1.332933934 1.283507852 1.23408177 1.184655688 1.135229606 1.085803524 1.037413949 0.9893698773 0.952004319 0.925317274 0.8985694421 0.8716392491 0.844709056 0.817778863 0.7908486699 0.7639184769 0.7505536357 0.7453280056 0.7401023756 0.7348767455 0.7296511154 0.7244254853 0.7187203621 0.7130152389 0.7218651824 0.7355668148 0.7476471958 0.7581063254 0.768565455 0.7790245847 0.7894837143 0.7999428439 0.8228728294 0.8475843658 0.8722959021 0.8970074384 0.9217189747 0.946891224 0.973445612 1 
4.818528559 4.602413727 4.382193083 4.161385895 3.940578707 3.719771519 3.498964331 3.278157143 3.06773051 2.929967762 2.792205015 2.654442268 2.51667952 2.378916773 2.241154025 2.107669869 1.99307289 1.913194213 1.829463556 1.745732899 1.662002242 1.578271586 1.494540929 1.410810272 1.339943831 1.290517749 1.241091667 1.191665585 1.142239503 1.092813421 1.043387339 0.9948250129 0.9574594545 0.9306812291 0.903751036 0.876820843 0.84989065 0.8229604569 0.7960302639 0.7691000708 0.7557352297 0.7505095996 0.7452839695 0.7400583394 0.7348327094 0.7296070793 0.7243814492 0.7187362626 0.7275862061 0.7392612743 0.7497204039 0.7601795335 0.7706386632 0.7810977928 0.7915569224 0.8020160521 0.8249460376 0.8496575739 0.8743691102 0.8990806465 0.9237921829 0.9485037192 0.973445612 1 
4.848605673 4.627798485 4.406991296 4.186184108 3.96537692 3.744569732 3.523762544 3.302955356 3.092528723 2.954765975 2.817003228 2.679240481 2.541477733 2.403714986 2.265952238 2.128189491 2.003934766 1.92020411 1.836473453 1.752742796 1.669012139 1.585281483 1.501550826 1.417820169 1.346953728 1.297527646 1.248101564 1.198675482 1.1492494 1.099823318 1.050397236 1.000971154 0.9627930161 0.935862823 0.90893263 0.8820024369 0.8550722439 0.8281420509 0.8012118578 0.7742816648 0.7609168236 0.7556911935 0.7504655634 0.7452399334 0.7400143033 0.7347886732 0.7295630431 0.7243374131 0.7308753528 0.7413344824 0.751793612 0.7622527417 0.7727118713 0.7831710009 0.7936301306 0.8040892602 0.8270192457 0.851730782 0.8764423184 0.9011538547 0.925865391 0.9505769273 0.9752884637 1 
4.853241817 4.629661812 4.408854624 4.188047436 3.967240247 3.746433059 3.525625871 3.304818683 3.09439205 2.956629303 2.818866555 2.681103808 2.543341061 2.405578313 2.267815566 2.130052818 2.004919357 1.921001906 1.837271249 1.753540592 1.669809936 1.586079279 1.502348622 1.418617965 1.347751524 1.298325442 1.24889936 1.199473278 1.150047196 1.100621114 1.051195032 1.001731763 0.9632477215 0.9363164772 0.9093862841 0.8824560911 0.855525898 0.828595705 0.801665512 0.7747353189 0.7613704777 0.7561448477 0.7509192176 0.7456935875 0.7404679574 0.7352423274 0.7300166973 0.7248653431 0.7314627035 0.7419218331 0.7523809627 0.7628400924 0.773299222 0.7837583516 0.7942174813 0.8046471994 0.8270192457 0.851730782 0.8764423184 0.9011538547 0.925865391 0.9505769273 0.9752884637 1 
4.857877962 4.632141321 4.410717951 4.189910763 3.969103575 3.748296387 3.527489199 3.30668201 3.096255377 2.95849263 2.820729883 2.682967135 2.545204388 2.407441641 2.269678893 2.131429945 2.006053383 1.921799702 1.838069045 1.754338388 1.670607732 1.586877075 1.503146418 1.419415761 1.34854932 1.299123238 1.249697156 1.200271074 1.150844992 1.10141891 1.051992828 1.002194879 0.9637108372 0.9367701313 0.9098399383 0.8829097452 0.8559795522 0.8290493592 0.8021191661 0.7751889731 0.7618241319 0.7565985018 0.7513728717 0.7461472417 0.7409216116 0.7356959815 0.7304703514 0.7254526938 0.7320500542 0.7425091838 0.7529683135 0.7634274431 0.7738865727 0.7843457024 0.794804832 0.8051967354 0.8272634839 0.851730782 0.8764423184 0.9011538547 0.925865391 0.9505769273 0.9752884637 1 
4.862514106 4.636777465 4.412581278 4.19177409 3.970966902 3.750159714 3.529352526 3.308545338 3.098118705 2.960355957 2.82259321 2.684830463 2.547067715 2.409304968 2.271542221 2.132563971 2.00718741 1.92285901 1.838866841 1.755136185 1.671405528 1.587674871 1.503944214 1.420213558 1.349347116 1.299921034 1.250494952 1.20106887 1.151642788 1.102216706 1.052679064 1.002657995 0.964173953 0.9372269393 0.9102935924 0.8833633994 0.8564332063 0.8295030133 0.8025728203 0.7756426272 0.762277786 0.757052156 0.7518265259 0.7466008958 0.7413752657 0.7361496357 0.7310279918 0.7260400445 0.7326374049 0.7430965345 0.7535556642 0.7640147938 0.7744739234 0.7849330531 0.7953543679 0.8057462713 0.8278130198 0.851730782 0.8764423184 0.9011538547 0.925865391 0.9505769273 0.9752884637 1 
4.867150251 4.64141361 4.415676969 4.193637418 3.97283023 3.752023041 3.531215853 3.310408665 3.099982032 2.962219285 2.824456537 2.68669379 2.548931043 2.411168295 2.27275728 2.133697998 2.008321436 1.923993037 1.839664637 1.755933981 1.672203324 1.588472667 1.50474201 1.421011354 1.350144912 1.30071883 1.251292748 1.201866666 1.152440584 1.103014502 1.05314218 1.00312111 0.9646370688 0.9376900551 0.9107472466 0.8838170535 0.8568868605 0.8299566675 0.8030264744 0.7760962814 0.7627314402 0.7575058101 0.75228018 0.74705455 0.7418289199 0.7366032898 0.7316153425 0.7266273952 0.7332247556 0.7436838852 0.7541430149 0.7646021445 0.7750612741 0.7855120005 0.7959039039 0.8062958073 0.8283625558 0.8520971393 0.8764423184 0.9011538547 0.925865391 0.9505769273 0.9752884637 1 
4.871786395 4.646049754 4.420313113 4.195500745 3.974693557 3.753886369 3.533079181 3.312271993 3.101845359 2.964082612 2.826319865 2.688557117 2.55079437 2.412950589 2.273891307 2.134832024 2.009455462 1.925127063 1.840798664 1.756731777 1.67300112 1.589270463 1.505539807 1.42180915 1.350942709 1.301516627 1.252090545 1.202664462 1.15323838 1.103626365 1.053605295 1.003584226 0.9651001845 0.9381531708 0.9112061572 0.8842707077 0.8573405146 0.8304103216 0.8034801286 0.7765499355 0.7631850943 0.7579594643 0.7527338342 0.7475082041 0.742282574 0.7371906405 0.7322026932 0.7272147459 0.7338121063 0.7442712359 0.7547303656 0.7651894952 0.7756486248 0.7860615364 0.7964534398 0.8068453432 0.8289120917 0.8526466753 0.8764423184 0.9011538547 0.925865391 0.9505769273 0.9752884637 1 
4.87642254 4.650685899 4.424949258 4.199212617 3.976556884 3.755749696 3.534942508 3.31413532 3.103708687 2.965945939 2.828183192 2.690420445 2.552657697 2.414084615 2.275025333 2.13596605 2.010589489 1.926261089 1.84193269 1.757604291 1.673798916 1.590068259 1.506337603 1.422606946 1.351740505 1.302314423 1.252888341 1.203462259 1.154036177 1.104089481 1.054068411 1.004047342 0.9655633003 0.9386162866 0.9116692729 0.8847243618 0.8577941688 0.8308639757 0.8039337827 0.7770035897 0.7636387485 0.7584131184 0.7531874883 0.7479618583 0.7427659385 0.7377779912 0.7327900439 0.7278020966 0.734399457 0.7448585867 0.7553177163 0.7657768459 0.776219169 0.7866110724 0.7970029758 0.8073948792 0.8294616277 0.8531962112 0.8769307948 0.9011538547 0.925865391 0.9505769273 0.9752884637 1 
4.881058684 4.655322043 4.429585402 4.203848762 3.978420212 3.757613023 3.536805835 3.315998647 3.105572014 2.967809267 2.830046519 2.692283772 2.554277924 2.415218642 2.276159359 2.137100077 2.011723515 1.927395116 1.843066716 1.758738317 1.674596712 1.590866056 1.507135399 1.423404742 1.352538301 1.303112219 1.253686137 1.204260055 1.154573666 1.104552596 1.054531527 1.004510458 0.966026416 0.9390794023 0.9121323887 0.885185375 0.8582478229 0.8313176299 0.8043874369 0.7774572438 0.7640924026 0.7588667726 0.7536411425 0.7484155124 0.7433532892 0.7383653419 0.7333773946 0.7283894473 0.7349868077 0.7454459374 0.755905067 0.7663641966 0.7767687049 0.7871606083 0.7975525117 0.8079444151 0.8300111636 0.8537457472 0.8774803307 0.9012149142 0.925865391 0.9505769273 0.9752884637 1 
4.885694828 4.659958188 4.434221547 4.208484906 3.982748265 3.759476351 3.538669163 3.317861975 3.107435342 2.969672594 2.831909847 2.694147099 2.555411951 2.416352668 2.277293386 2.138234103 2.012857541 1.928529142 1.844200743 1.759872343 1.675543944 1.591663852 1.507933195 1.424202538 1.353336097 1.303910015 1.254483933 1.205057851 1.155036782 1.105015712 1.054994643 1.004973573 0.9664895318 0.9395425181 0.9125955044 0.8856484908 0.8587014771 0.831771284 0.804841091 0.777910898 0.7645460568 0.7593204267 0.7540947966 0.7489285872 0.7439406399 0.7389526926 0.7339647453 0.728976798 0.7355741584 0.7460332881 0.7564924177 0.7669263375 0.7773182409 0.7877101443 0.7981020477 0.8084939511 0.8305606996 0.8542952831 0.8780298667 0.9017644502 0.925865391 0.9505769273 0.9752884637 1 
4.890330973 4.664594332 4.438857691 4.213121051 3.98738441 3.761647769 3.54053249 3.319725302 3.109298669 2.971535921 2.833773174 2.69560526 2.556545977 2.417486694 2.278427412 2.139368129 2.013991568 1.929663168 1.845334769 1.76100637 1.67667797 1.592461648 1.508730991 1.425000334 1.354133893 1.304707811 1.255281729 1.205520967 1.155499897 1.105478828 1.055457758 1.005436689 0.9669526475 0.9400056339 0.9130586202 0.8861116065 0.8591645928 0.8322249382 0.8052947452 0.7783645521 0.7649997109 0.7597740809 0.7545484508 0.749515938 0.7445279907 0.7395400434 0.7345520961 0.7295641488 0.7361615092 0.7466206388 0.7570797684 0.7674758734 0.7778677768 0.7882596802 0.7986515836 0.809043487 0.8311102355 0.8548448191 0.8785794026 0.9023139861 0.9260485697 0.9505769273 0.9752884637 1 
4.894967117 4.669230477 4.443493836 4.217757195 3.992020554 3.766283913 3.542395817 3.321588629 3.111161996 2.973399249 2.835636501 2.696739286 2.557680003 2.418620721 2.279561438 2.140502156 2.015125594 1.930797195 1.846468795 1.762140396 1.677811997 1.593483598 1.509528787 1.425798131 1.354931689 1.305505607 1.256005152 1.205984082 1.155963013 1.105941944 1.055920874 1.005899805 0.9674157633 0.9404687496 0.9135217359 0.8865747223 0.8596277086 0.8326806949 0.8057483993 0.7788182063 0.7654533651 0.760227735 0.755091236 0.7501032887 0.7451153414 0.7401273941 0.7351394468 0.7301514995 0.7367488599 0.7472079895 0.757633506 0.7680254094 0.7784173128 0.7888092162 0.7992011196 0.809593023 0.8316597715 0.855394355 0.8791289386 0.9028635221 0.9265981056 0.9505769273 0.9752884637 1 
4.899603262 4.673866621 4.44812998 4.22239334 3.996656699 3.770920058 3.545183417 3.323451957 3.113025324 2.975262576 2.836932595 2.697873312 2.55881403 2.419754747 2.280695465 2.141636182 2.01625962 1.931931221 1.847602822 1.763274422 1.678946023 1.594617624 1.510326583 1.426595927 1.355729485 1.306303403 1.256468268 1.206447198 1.156426129 1.106405059 1.05638399 1.006362921 0.967878879 0.9409318654 0.9139848517 0.887037838 0.8600908243 0.8331438107 0.8062020535 0.7792718604 0.7659070192 0.7606813892 0.7556785867 0.7506906394 0.7457026921 0.7407147448 0.7357267975 0.7307388502 0.7373362106 0.7477911386 0.758183042 0.7685749453 0.7789668487 0.7893587521 0.7997506555 0.8101425589 0.8322093074 0.855943891 0.8796784745 0.903413058 0.9271476416 0.9508822251 0.9752884637 1 
4.904239406 4.678502766 4.452766125 4.227029484 4.001292843 3.775556202 3.549819562 3.325315284 3.114888651 2.977125904 2.838066621 2.699007339 2.559948056 2.420888774 2.281829491 2.142770208 2.017393647 1.933065247 1.848736848 1.764408449 1.68008005 1.59575165 1.511423251 1.427393723 1.356527282 1.306952453 1.256931383 1.206910314 1.156889245 1.106868175 1.056847106 1.006826036 0.9683419948 0.9413949811 0.9144479674 0.8875009538 0.8605539401 0.8336069264 0.8066599128 0.7797255146 0.7663606734 0.7612538847 0.7562659374 0.7512779901 0.7462900428 0.7413020955 0.7363141482 0.7313262009 0.7379235613 0.7483406745 0.7587325779 0.7691244813 0.7795163847 0.7899082881 0.8003001915 0.8106920949 0.8327588434 0.8564934269 0.8802280105 0.903962594 0.9276971775 0.951431761 0.9752884637 1 
4.908875551 4.68313891 4.457402269 4.231665628 4.005928988 3.780192347 3.554455706 3.328719065 3.116751978 2.97825993 2.839200647 2.700141365 2.561082082 2.4220228 2.282963517 2.143904235 2.018527673 1.934199274 1.849870874 1.765542475 1.681214076 1.596885677 1.512557277 1.428228878 1.357325078 1.307415568 1.257394499 1.20737343 1.15735236 1.107331291 1.057310221 1.007289152 0.9688051105 0.9418580969 0.9149110832 0.8879640695 0.8610170559 0.8340700422 0.8071230285 0.7801791687 0.7668291827 0.7618412354 0.7568532881 0.7518653408 0.7468773935 0.7418894462 0.7369014989 0.7319135516 0.7384983071 0.7488902105 0.7592821139 0.7696740173 0.7800659206 0.790457824 0.8008497274 0.8112416308 0.8333083793 0.8570429629 0.8807775464 0.9045121299 0.9282467135 0.951981297 0.9757158805 1 
4.913511695 4.687775055 4.462038414 4.236301773 4.010565132 3.784828491 3.559091851 3.33335521 3.118453239 2.979393956 2.840334674 2.701275391 2.562216109 2.423156826 2.284097544 2.145038261 2.019661699 1.9353333 1.851004901 1.766676502 1.682348102 1.598019703 1.513691304 1.429362904 1.357899754 1.307878684 1.257857615 1.207836545 1.157815476 1.107794407 1.057773337 1.007752268 0.9692682263 0.9423212126 0.9153741989 0.8884271853 0.8614801716 0.8345331579 0.8075861443 0.7806391306 0.7674165334 0.7624285861 0.7574406388 0.7524526915 0.7474647442 0.7424767969 0.7374888496 0.7325009023 0.739047843 0.7494397464 0.7598316498 0.7702235532 0.7806154566 0.79100736 0.8013992634 0.8117911668 0.8338579153 0.8575924988 0.8813270824 0.9050616659 0.9287962494 0.9525308329 0.9762654165 1 
4.921213036 4.691864633 4.466127992 4.240391352 4.014654711 3.78891807 3.563181429 3.337444788 3.122542817 2.983483535 2.844424252 2.70536497 2.566305687 2.427246405 2.288187122 2.14912784 2.02149366 1.936757295 1.852428896 1.768100496 1.683772097 1.599443698 1.515115298 1.430786899 1.359323748 1.309302679 1.25928161 1.20926054 1.159239471 1.109218401 1.059197332 1.009169158 0.9707465793 0.9438143529 0.9168673392 0.8899203256 0.8629733119 0.8360262982 0.8090792846 0.7821322709 0.7689096737 0.7639217264 0.7589337791 0.7539458318 0.7489578845 0.7439699372 0.7389819899 0.7338704296 0.7403184799 0.7507103833 0.7611022867 0.7714941901 0.7818860935 0.7922779969 0.8026699003 0.8125937089 0.8338579153 0.8575924988 0.8813270824 0.9050616659 0.9287962494 0.9525308329 0.9762654165 1 
4.928914378 4.696756826 4.470217571 4.24448093 4.01874429 3.793007649 3.567271008 3.341534367 3.126632396 2.987573114 2.848513831 2.709454549 2.570395266 2.431335984 2.292276701 2.151929921 2.023651993 1.93818129 1.85385289 1.769524491 1.685196092 1.600867692 1.516539293 1.432210894 1.360747743 1.310726674 1.260705604 1.210684535 1.160663466 1.110642396 1.060621327 1.010529213 0.9721066338 0.9453074932 0.9183604796 0.8914134659 0.8644664522 0.8375194385 0.8105724249 0.7836254112 0.770402814 0.7654148667 0.7604269194 0.7554389721 0.7504510248 0.7454630775 0.7404751302 0.7351410665 0.7415891168 0.7519810202 0.7623729236 0.772764827 0.7831567304 0.7935486337 0.8039405371 0.8132625097 0.8341551601 0.8575924988 0.8813270824 0.9050616659 0.9287962494 0.9525308329 0.9762654165 1 
4.936615719 4.704458167 4.47430715 4.248570509 4.022833868 3.797097227 3.571360587 3.345623946 3.130721975 2.991662692 2.85260341 2.713544127 2.574484845 2.435425562 2.29636628 2.154088254 2.025810326 1.940176436 1.855276885 1.770948486 1.686620086 1.602291687 1.517963288 1.433634888 1.362171738 1.312150668 1.262129599 1.21210853 1.16208746 1.112066391 1.062024008 1.011889267 0.9734666884 0.9467562716 0.9198536199 0.8929066062 0.8659595925 0.8390125788 0.8120655652 0.7851185515 0.7718959543 0.766908007 0.7619200597 0.7569321124 0.7519441651 0.7469562178 0.7417952123 0.7364117033 0.7428597536 0.753251657 0.7636435604 0.7740354638 0.7844273672 0.7948192706 0.8046093379 0.8139313105 0.8348239609 0.8575924988 0.8813270824 0.9050616659 0.9287962494 0.9525308329 0.9762654165 1 
4.94431706 4.712159508 4.480001956 4.252660088 4.026923447 3.801186806 3.575450165 3.349713524 3.134811553 2.995752271 2.856692988 2.717633706 2.578574423 2.439515141 2.298739196 2.156246587 2.027968659 1.942334769 1.85670088 1.77237248 1.688044081 1.603715682 1.519387283 1.435058883 1.363595733 1.313574663 1.263553594 1.213532524 1.163511455 1.113490386 1.063384063 1.013249322 0.974826743 0.9481163262 0.9213467602 0.8943997465 0.8674527328 0.8405057191 0.8135587055 0.7866116918 0.7733890946 0.7684011473 0.7634132 0.7584252527 0.7534373054 0.7484493581 0.7430658492 0.7376823402 0.7441303905 0.7545222939 0.7649141973 0.7753061007 0.7856980041 0.7959561662 0.8052781388 0.8146001114 0.8354927617 0.858038366 0.8813270824 0.9050616659 0.9287962494 0.9525308329 0.9762654165 1 
4.952018401 4.719860849 4.487703297 4.256749666 4.031013026 3.805276385 3.579539744 3.353803103 3.138901132 2.99984185 2.860782567 2.721723285 2.582664002 2.443390137 2.300897529 2.15840492 2.030126992 1.944493102 1.858859213 1.773796475 1.689468076 1.605139677 1.520811277 1.436482878 1.365019727 1.314998658 1.264977589 1.214956519 1.16493545 1.114878858 1.064744117 1.014609376 0.9761867975 0.9494763807 0.9227659639 0.8958928868 0.8689458731 0.8419988594 0.8150518458 0.7881048321 0.7748822349 0.7698942876 0.7649063403 0.759918393 0.7549304457 0.749719995 0.744336486 0.7389529771 0.7454010274 0.7557929308 0.7661848342 0.7765767376 0.786968641 0.796624967 0.8059469396 0.8152689122 0.8361615625 0.8587071668 0.8813270824 0.9050616659 0.9287962494 0.9525308329 0.9762654165 1 
4.959719742 4.72756219 4.495404638 4.263247087 4.035102604 3.809365963 3.583629323 3.357892682 3.142990711 3.003931428 2.864872146 2.725812863 2.586753581 2.44554847 2.303055862 2.160563254 2.032285325 1.946651435 1.861017546 1.775383656 1.690892071 1.606563671 1.522235272 1.437906873 1.366443722 1.316422653 1.266401583 1.216380514 1.166359445 1.116238913 1.066104172 1.015969431 0.9775468521 0.9508364353 0.9241260185 0.8973860271 0.8704390134 0.8434919998 0.8165449861 0.7895979724 0.7763753752 0.7713874279 0.7663994806 0.7614115333 0.7563741408 0.7509906319 0.7456071229 0.740223614 0.7466716643 0.7570635677 0.7674554711 0.7778473745 0.7879717952 0.7972937678 0.8066157404 0.815937713 0.8368303633 0.8593759676 0.881921572 0.9050616659 0.9287962494 0.9525308329 0.9762654165 1 
4.967421083 4.735263531 4.50310598 4.270948428 4.039192183 3.813455542 3.587718901 3.36198226 3.147080289 3.008021007 2.868961724 2.729902442 2.590199411 2.447706803 2.305214195 2.162721587 2.034443658 1.948809768 1.863175879 1.777541989 1.692316065 1.607987666 1.523659267 1.439330867 1.367867717 1.317846647 1.267825578 1.217804509 1.167733708 1.117598967 1.067464226 1.017329485 0.9789069066 0.9521964898 0.9254860731 0.8987756563 0.8719321537 0.8449851401 0.8180381264 0.7910911127 0.7778685155 0.7728805682 0.7678926209 0.7629046736 0.7576447777 0.7522612687 0.7468777598 0.7414942508 0.7479423012 0.7583342045 0.7687261079 0.7791180113 0.788640596 0.7979625686 0.8072845412 0.8166065138 0.8374991641 0.8600447684 0.8825903728 0.9051359771 0.9287962494 0.9525308329 0.9762654165 1 
4.975122424 4.742964873 4.510807321 4.278649769 4.046492217 3.817545121 3.59180848 3.366071839 3.151169868 3.012110586 2.873051303 2.733992021 2.592357744 2.449865136 2.307372528 2.16487992 2.036601991 1.950968102 1.865334212 1.779700322 1.694066433 1.609411661 1.525083262 1.440754862 1.369291712 1.319270642 1.269249573 1.219228503 1.169093763 1.118959022 1.068824281 1.01868954 0.9802669612 0.9535565444 0.9268461276 0.9001357108 0.873425294 0.8464782804 0.8195312667 0.792584253 0.7793616558 0.7743737085 0.7693857612 0.7642989235 0.7589154146 0.7535319056 0.7481483967 0.7427648877 0.749212938 0.7596048414 0.7699967448 0.7799874242 0.7893093968 0.7986313694 0.807953342 0.8172753146 0.8381679649 0.8607135693 0.8832591736 0.9058047779 0.9287962494 0.9525308329 0.9762654165 1 
4.982823766 4.750666214 4.518508662 4.28635111 4.054193558 3.822036006 3.595898059 3.370161418 3.155259447 3.016200164 2.877140882 2.737008685 2.594516077 2.452023469 2.309530861 2.167038253 2.038760324 1.953126435 1.867492545 1.781858655 1.696224766 1.610835656 1.526507256 1.442178857 1.370715706 1.320694637 1.270673568 1.220588558 1.170453817 1.120319076 1.070184335 1.020049595 0.9816270158 0.954916599 0.9282061822 0.9014957654 0.8747853486 0.8479714207 0.821024407 0.7940773933 0.7808547961 0.7758668488 0.7708789015 0.7655695604 0.7601860514 0.7548025425 0.7494190335 0.7440355246 0.7504835749 0.7608754783 0.7712673817 0.780656225 0.7899781976 0.7993001702 0.8086221428 0.8179441154 0.8388367657 0.8613823701 0.8839279744 0.9064735787 0.929019183 0.9525308329 0.9762654165 1 
4.990525107 4.758367555 4.526210003 4.294052451 4.061894899 3.829737347 3.599987637 3.374250996 3.159349025 3.020289743 2.88123046 2.739167018 2.59667441 2.454181802 2.311689194 2.169196586 2.040918657 1.955284768 1.869650878 1.784016988 1.698383099 1.612749209 1.527931251 1.443602852 1.372139701 1.322118632 1.272083353 1.221948613 1.171813872 1.121679131 1.07154439 1.021409649 0.9829870703 0.9562766535 0.9295662367 0.9028558199 0.8761454031 0.8494349864 0.8225175473 0.7955705336 0.7823479364 0.7773599891 0.7722237062 0.7668401973 0.7614566883 0.7560731794 0.7506896704 0.7453061615 0.7517542118 0.7621461152 0.7720030532 0.7813250258 0.7906469984 0.799968971 0.8092909436 0.8186129162 0.8395055665 0.8620511709 0.8845967752 0.9071423795 0.9296879838 0.9525308329 0.9762654165 1 
4.998226448 4.766068896 4.533911344 4.301753792 4.06959624 3.837438689 3.605281137 3.378340575 3.163438604 3.024379322 2.883817959 2.741325351 2.598832743 2.456340135 2.313847527 2.171354919 2.04307699 1.957443101 1.871809211 1.786175321 1.700541432 1.614907542 1.529355246 1.445026846 1.373563696 1.323542626 1.273443408 1.223308667 1.173173926 1.123039185 1.072904445 1.022769704 0.9843471249 0.9576367081 0.9309262913 0.9042158745 0.8775054577 0.8507950409 0.8240106876 0.7970636739 0.7838410767 0.7788531294 0.7734943431 0.7681108341 0.7627273252 0.7573438162 0.7519603073 0.7465767984 0.7530248487 0.7633498814 0.772671854 0.7819938266 0.7913157992 0.8006377718 0.8099597444 0.819281717 0.8401743673 0.8627199717 0.885265576 0.9078111803 0.9303567846 0.9529023889 0.9762654165 1 
5.005927789 4.773770237 4.541612685 4.309455133 4.077297582 3.84514003 3.612982478 3.382430154 3.167528183 3.0284689 2.885976292 2.743483684 2.600991076 2.458498468 2.31600586 2.173513252 2.045235323 1.959601434 1.873967544 1.788333654 1.702699765 1.617065875 1.531431986 1.446450841 1.374987691 1.324938203 1.274803463 1.224668722 1.174533981 1.12439924 1.074264499 1.024129758 0.9857071794 0.9589967626 0.9322863458 0.9055759291 0.8788655123 0.8521550955 0.8254446787 0.7985568142 0.785334217 0.7801484889 0.77476498 0.769381471 0.7639979621 0.7586144531 0.7532309442 0.7478474352 0.7542954855 0.7640186822 0.7733406548 0.7826626274 0.7919846 0.8013065726 0.8106285452 0.8199505178 0.8408431682 0.8633887725 0.8859343768 0.9084799811 0.9310255854 0.9535711898 0.9762654165 1 
5.01362913 4.781471578 4.549314026 4.317156475 4.084998923 3.852841371 3.620683819 3.388526267 3.171617762 3.030627233 2.888134625 2.745642017 2.603149409 2.460656801 2.318164193 2.175671585 2.047393656 1.961759767 1.876125877 1.790491987 1.704858098 1.619224208 1.533590319 1.447956429 1.376411685 1.326298258 1.276163517 1.226028776 1.175894035 1.125759295 1.075624554 1.025489813 0.987067234 0.9603568172 0.9336464004 0.9069359836 0.8802255668 0.85351515 0.8268047332 0.8000499545 0.7868026347 0.7814191258 0.7760356168 0.7706521079 0.7652685989 0.75988509 0.7545015811 0.7491180721 0.7553655104 0.764687483 0.7740094556 0.7833314282 0.7926534008 0.8019753734 0.811297346 0.8206193186 0.841511969 0.8640575733 0.8866031776 0.9091487819 0.9316943862 0.9542399906 0.9767855949 1 
5.021330471 4.789172919 4.557015368 4.324857816 4.092700264 3.860542712 3.62838516 3.396227608 3.175278174 3.032785566 2.890292958 2.74780035 2.605307742 2.462815134 2.320322526 2.177829918 2.049551989 1.9639181 1.87828421 1.79265032 1.707016431 1.621382541 1.535748652 1.450114762 1.377793053 1.327658312 1.277523572 1.227388831 1.17725409 1.127119349 1.076984608 1.026849867 0.9884272886 0.9617168718 0.935006455 0.9082960382 0.8815856214 0.8548752046 0.8281647878 0.801454371 0.7880732716 0.7826897627 0.7773062537 0.7719227448 0.7665392358 0.7611557269 0.7557722179 0.750388709 0.7560343112 0.7653562838 0.7746782564 0.784000229 0.7933222016 0.8026441742 0.8119661468 0.8212881194 0.8421807698 0.8647263741 0.8872719784 0.9098175827 0.932363187 0.9549087914 0.9774543957 1 
