16.55790808 16.77108613 16.98426418 17.19744222 17.41062027 17.62379831 17.83697636 18.1210293 18.4354572 18.7498851 19.064313 19.3787409 19.69316881 20.10806199 20.6736531 21.2392442 21.80483531 22.37042641 22.93601752 23.46398727 23.65336478 23.84274228 24.03211979 24.2214973 24.41087481 24.60025232 25.13510612 25.75632899 26.37755187 25.90123163 24.83392663 23.76662164 29.7503584 31.37977878 33.00919916 33.3596555 31.33489291 29.31013033 27.66907112 27.56282546 27.45657981 27.35033415 27.24408849 27.13784283 27.03159717 27.01373467 27.00569253 26.99765039 26.98960824 26.9815661 26.97352396 26.91009749 26.80974813 26.70939877 26.60904941 26.50870005 26.40835069 26.30190015 26.18121354 26.06052692 25.9398403 25.81915369 25.69846707 25.57778045 
21.89981252 22.60624292 23.2633481 23.47652614 23.68970419 23.90288223 24.11606028 25.00550341 26.18477443 26.67217095 26.98659885 27.30102676 27.61545466 28.03034784 28.59593895 29.16153005 29.72712116 30.29271227 30.11646399 29.99216191 30.33537564 30.64782213 30.83719964 31.02657714 31.21595465 31.40533216 31.94018596 32.56140884 32.31280606 31.79612497 30.94437572 29.87707072 38.15943114 39.84972288 41.47914326 41.48686434 38.87455559 36.849793 35.2087338 35.10248814 34.99624248 34.88999682 34.78375116 34.51759407 34.21145911 34.11229994 34.03613807 34.02809592 34.02005378 34.01201164 34.0039695 33.94054302 33.84019366 33.7398443 33.63949494 33.61888226 33.91721627 34.08984409 33.96915747 33.84847086 33.72778424 33.60709763 34.15275826 34.77245747 
27.24171695 27.94814736 28.65457776 29.36100817 29.96878811 30.18196615 30.3951442 31.28458733 32.46385835 33.64312937 34.82240039 35.22331261 35.53774051 35.95263369 36.5182248 37.0838159 36.98175156 36.80550328 36.629255 36.50495292 36.84816666 37.19138039 37.53459412 37.83165699 38.02103449 38.210412 38.7452658 38.5691485 37.74066197 37.22398087 36.87519502 35.98751981 46.55169612 48.27196927 49.94908736 49.95680844 46.95280225 44.38945568 42.74839648 42.64215082 42.53590516 42.28973699 41.98360204 41.67746709 41.37133213 41.27217295 41.19601108 41.11984921 41.05049932 41.04245718 41.03441503 40.97098856 40.8706392 40.81015818 41.10849219 41.4068262 41.70516021 41.87778803 41.75710141 41.6364148 42.10803684 42.72773606 43.34743527 43.96713448 
32.58362138 33.29005179 33.9964822 34.7029126 35.40934301 36.11577342 36.67422812 37.56367125 38.74294227 39.92221329 41.10148431 42.28075533 43.46002636 43.87491954 43.84703914 43.67079086 43.49454258 43.3182943 43.14204602 43.01774394 43.36095767 43.70417141 44.04738514 44.39059887 44.7338126 45.01549184 44.82549094 43.9970044 43.16851787 42.65183678 42.30305092 41.95426507 54.9439611 56.66423425 58.38450741 58.42675254 55.42274635 52.41874016 50.28805916 50.06187992 49.75574497 49.44961001 49.14347506 48.8373401 48.53120515 48.43204597 48.3558841 48.27972223 48.20356036 48.12739849 48.06486057 48.0014341 48.29976811 48.59810212 48.89643613 49.19477013 49.49310414 49.66573197 50.06331543 50.68301464 51.30271386 51.92241307 52.54211228 53.1618115 
38.73508949 39.4415199 40.14795031 40.85438071 41.56081112 42.26724153 44.04303983 45.99705972 47.17633074 48.35560176 49.53487279 50.71414381 51.79357829 50.00862831 49.06739577 48.89114749 48.71489922 48.53865094 48.36240266 48.50842238 50.33840604 50.68161977 51.02483351 51.36804724 51.71126097 52.0544747 51.46032822 50.63184168 49.80335515 48.98250877 48.63372291 48.28493706 58.31112012 60.03139328 61.75166643 61.47198802 58.46798183 55.46397564 58.14924719 58.71090907 58.40477412 58.09863917 57.79250421 57.48636926 57.18023431 57.31593794 57.23977607 57.1636142 57.08745233 57.01129046 56.93512859 57.08366424 57.38199825 57.68033226 57.97866627 58.27700028 58.57533429 55.95426638 55.83907077 56.45876998 57.07846919 57.69816841 58.31786762 58.93756683 
45.26020237 45.96663278 46.67306319 47.3794936 48.085924 49.70895546 53.47072271 55.4247426 56.60401363 57.78328465 58.96255567 60.14182669 59.32436692 57.53941694 54.30323164 53.51499596 53.33874768 53.1624994 52.98625112 53.13227084 56.17870263 57.87352538 58.21673911 58.55995285 58.90316658 59.24638031 58.65223383 57.82374729 57.50108219 56.03885623 55.38107925 55.0322934 59.35899948 61.07927263 62.71663377 62.01351182 59.00950563 56.00549944 65.65356364 67.2758661 67.74110611 67.43497115 67.1288362 66.82270125 66.51656629 66.74260177 66.91936908 66.84320721 66.76704534 66.69088347 66.6147216 66.76325726 67.06159127 67.35992528 67.65825929 67.9565933 64.95137121 62.14677241 60.6667721 60.65656146 61.27626068 61.89595989 62.5156591 63.13535832 
51.78531526 52.49174566 53.19817607 53.90460648 55.3748711 59.13663835 62.8984056 64.85242549 66.03169651 67.21096753 68.39023855 67.67261532 66.85515555 65.07020557 61.83402027 58.59783497 57.96259614 57.78634786 57.61009958 57.75611931 60.80255109 63.84898287 65.40864472 65.75185845 66.09507219 66.43828592 65.84413944 65.0156529 65.22691042 63.76468446 62.12843559 61.77964974 60.40687883 62.12715199 63.25815757 62.55503562 59.55102943 63.50981589 73.15788009 74.78018255 76.402485 76.77130314 76.46516819 76.15903323 75.85289828 76.07893376 76.36409928 76.52280022 76.44663835 76.37047648 76.29431461 76.44285027 76.74118428 77.03951829 77.3378523 74.51616111 71.14387723 68.33927843 66.85927813 65.37927782 65.47405216 66.09375137 66.71345059 67.3331498 
58.31042814 59.01685855 59.72328895 61.04078673 64.80255398 68.56432123 72.32608848 74.28010837 75.45937939 76.63865042 76.02086372 75.20340395 74.38594418 72.60099419 69.3648089 66.1286236 62.8924383 62.41019632 62.23394804 62.37996777 65.42639955 68.47283133 71.51926311 72.94376406 73.28697779 73.63019152 73.03604504 72.65717756 72.95273865 71.49051269 69.08178602 68.52700608 61.45475819 63.17503134 63.79968137 63.09655943 60.09255324 71.01413234 80.66219654 82.28449899 83.90680145 85.5291039 85.80150017 85.49536522 85.18923026 85.41526574 85.70043127 85.9855968 86.12623137 86.0500695 85.97390763 86.12244329 86.4207773 86.7191113 84.08095101 80.70866713 77.33638325 74.53178445 73.05178415 71.57178385 70.09178354 70.29154285 70.91124207 71.53094128 
64.83554102 65.54197143 66.70670236 70.46846961 74.23023686 77.99200411 81.75377137 83.70779126 84.88706228 84.36911212 83.55165235 82.73419258 81.91673281 80.13178282 76.89559753 73.65941223 70.42322693 67.18704163 66.8577965 67.00381623 70.05024801 73.09667979 76.14311157 79.18954335 80.4788834 80.82209713 80.22795065 80.38300579 80.67856688 79.21634092 76.80761424 75.27436242 62.50263754 63.80538945 64.34120517 63.63808323 66.86394414 78.51844878 88.16651299 89.78881544 91.4111179 93.03342035 94.65572281 94.83169721 94.52556225 94.75159773 95.03676326 95.32192879 95.60709431 95.72966251 95.65350064 95.8020363 96.10037031 93.6457409 90.27345703 86.90117315 83.52888928 80.72429047 79.24429017 77.76428987 76.28428957 74.80428926 75.10903355 75.72873276 
71.36065391 72.372618 76.13438525 79.8961525 83.65791975 87.419687 91.18145425 93.13547414 92.71736053 91.89990075 91.08244098 90.26498121 89.44752143 87.66257145 84.42638615 81.19020086 77.95401556 74.71783026 71.48164496 71.62766469 74.67409647 77.72052825 80.76696003 83.81339181 86.85982359 88.01400274 87.81327293 88.10883402 88.4043951 86.94216915 84.53344247 82.1247158 63.55051689 64.34691325 64.88272898 64.17960703 74.36826059 86.02276523 95.67082944 97.29313189 98.91543435 100.5377368 102.1600393 103.7823417 103.8618942 104.0879297 104.3730952 104.6582608 104.9434263 105.2285918 105.3330937 105.4816293 103.2105308 99.83824693 96.46596305 93.09367918 89.7213953 86.9167965 85.43679619 83.95679589 82.47679559 80.99679529 79.51679499 79.92652425 
77.90012088 81.4781219 85.23988915 89.0016564 92.76342365 96.5251909 100.2869582 100.8432665 100.0258067 99.20834694 98.39088717 97.5734274 96.75596762 95.29571891 92.05953362 88.82334832 85.58716302 82.35097772 79.11479243 76.50686884 79.55330062 82.5997324 85.64616418 88.69259596 91.73902774 94.78545952 95.40207617 95.69763726 95.99319835 94.53097239 92.12224572 89.71351904 64.95894607 65.49476179 66.03057752 69.97858552 81.63309016 93.2875948 102.6465897 104.2688921 105.8911946 107.513497 109.1357995 110.7581019 112.3804044 112.7992836 113.0844491 113.3696147 113.6547802 113.9399457 114.2251112 112.9057619 109.533478 106.1611941 102.7889103 99.41662639 96.04434251 93.23974371 91.7597434 90.2797431 88.7997428 87.3197425 85.8397422 84.21669823 
84.69796161 86.62206651 88.54617141 92.30793866 96.06970591 99.83147316 103.5932404 104.1495487 103.332089 102.5146292 101.6971694 101.0123594 100.526524 100.1067039 99.78590705 98.2989548 95.0627695 91.8265842 88.5903989 85.98247531 89.02890709 92.07533888 95.12177066 98.16820244 98.44069885 98.01971143 100.0539363 100.8199907 101.1155518 99.65332587 97.2445992 92.50022152 77.02063982 77.55645555 78.76812355 80.74568053 84.58715587 96.24166051 105.311586 104.043195 103.3529426 104.9752451 106.5975475 108.21985 109.8421525 110.2610317 110.5461972 110.8313627 111.1165283 111.8358044 112.8444877 114.3302087 116.1339547 114.8320827 111.4597988 108.087515 104.7152311 101.9106323 100.430632 98.95063169 97.47063139 95.99063108 93.08019418 90.16975728 
91.49580233 93.41990723 95.34401214 97.26811704 99.37598818 103.1377554 106.8995227 107.455831 106.6383712 105.9203988 105.4345633 104.9487279 104.4628925 104.0430724 103.7222756 103.4014787 103.0806818 101.3021907 98.06600538 95.45808179 98.50451357 101.5509454 102.1701837 101.7491963 101.3282088 100.9072214 102.9414463 105.5894742 106.2379053 104.7756793 100.2648668 93.18483811 89.08233358 89.90200726 93.14123209 95.11878908 94.75324863 99.19572622 108.2656517 106.9972607 105.7288696 104.4604786 104.0592956 105.6815981 107.3039005 107.7227797 108.0079453 108.6548697 109.663553 110.6722363 111.6809196 113.1666405 114.9703865 116.7741325 118.5778785 116.7584036 113.3861197 110.5815209 109.1015206 107.6215203 104.854127 101.9436901 99.03325323 96.12281632 
98.29364305 100.217748 102.1418529 104.0659578 105.9900627 107.9141676 110.2058049 110.8284381 110.3426027 109.8567673 109.3709318 108.8850964 108.399261 107.9794409 107.6586441 107.3378472 107.0170503 106.6962534 106.3754565 104.9336883 105.8996685 105.4786811 105.0576937 104.6367063 104.2157188 103.7947314 105.8289563 108.4769842 111.1250121 108.029512 100.9494834 93.86945469 101.1440273 104.2751158 107.5143406 109.4918976 109.1263572 108.7608167 111.2197174 109.9513264 108.6829354 107.4145443 106.1461533 104.8777622 104.7656486 105.4739349 106.4826182 107.4913015 108.4999848 109.5086681 110.5173514 112.0030723 113.8068183 115.6105643 117.4143103 119.2180563 121.0218023 119.2524095 116.6280599 113.717623 110.8071861 107.8967492 104.9863123 102.0758754 
105.1073726 107.0314775 108.9555824 110.8796873 112.8037922 114.6141566 115.4008568 115.5258723 115.269127 114.7832915 114.2974561 113.8116207 113.3257852 112.9096294 112.5979931 112.2771962 111.9563993 111.6356024 111.3148055 110.9839896 110.5630022 110.1420147 109.7210273 109.3000399 108.9519761 108.8956071 111.0027557 113.6507836 116.5149105 115.6685229 108.7894729 101.7094443 108.6627771 111.1572633 114.3964881 116.3740451 116.0085046 115.6429642 115.6116193 115.3297966 114.2587192 112.9903282 111.7219372 110.4535461 109.1851551 109.9661309 110.9748142 111.9834975 112.9921808 114.0008641 113.4903324 113.4697252 114.0752818 115.8790278 117.6827738 119.4865198 121.2902658 121.6797569 118.76932 115.8588831 112.9484462 110.0380093 108.3222811 108.398616 
111.9267767 113.8508816 115.7749865 117.6990914 118.4857916 119.2724918 120.0591921 120.1842075 120.0256437 119.8670799 119.5776074 119.091772 118.6059366 118.1897808 117.8781444 117.5665081 117.2539557 116.9331588 116.6123619 116.281546 115.8605585 115.4395711 115.0550455 114.9986765 114.9423075 114.8859384 116.993087 119.8263426 123.0917962 122.2454086 119.1849528 112.1049242 114.3004836 115.8661385 118.6032923 120.5808493 120.2153089 120.2352458 120.2492512 119.9674285 119.6856058 119.4037832 118.2340489 116.9656579 115.6972669 116.4782427 117.486926 118.4956093 118.1369991 117.6264674 117.1159356 117.0953284 117.4013377 117.7073469 118.4626771 120.2664231 122.0701691 122.4596603 119.5492233 116.6387864 114.6243811 114.700716 114.7770509 114.8533859 
118.7461808 120.6702857 121.5707264 122.3574266 123.1441268 123.930827 124.7175273 124.8425427 124.6839789 124.5254151 124.3668513 124.2082875 123.8860879 123.4699321 123.1582958 122.8466594 122.5350231 122.2233867 121.9099183 121.5791023 121.1581149 121.1017459 121.0453769 120.9890078 120.9326388 120.8762698 123.1377747 126.4032283 129.6686819 128.8222943 125.7618385 122.5004041 119.9381902 121.503845 123.0694999 124.7876535 124.7849153 124.8728777 124.8868831 124.6050604 124.3232377 124.0414151 123.7595924 123.4777697 122.2093787 122.9903545 122.7836658 122.2731341 121.7626023 121.2520706 120.7415388 120.7209317 121.0269409 121.3329501 121.6389593 121.9449685 122.8500725 123.2395636 120.9264811 121.002816 121.0791509 121.1554858 121.2318208 121.3081557 
125.1331981 125.6581678 126.444868 127.2315682 128.0182684 128.8049686 129.5916688 129.5127216 129.3541578 129.195594 129.0370303 128.8784665 128.7199027 128.198002 127.8863657 127.5747293 127.263093 126.9514566 126.6398203 126.3537107 126.2973417 126.2409726 126.1846036 126.1282346 126.0718656 125.5869879 127.7595684 131.025022 134.2904756 133.721435 130.6609792 127.6005233 122.6403893 124.2060442 125.771699 128.8783019 128.9662643 129.0542267 129.0682321 128.7864094 128.5045867 128.2227641 127.9409414 127.6591187 126.963296 126.3376352 125.8271035 125.3165717 124.80604 124.2955082 123.7849765 123.8764791 124.1824884 124.4884976 124.7945068 125.100516 125.4065252 125.6436322 125.7199671 125.796302 125.8726369 125.9489719 126.0253068 125.5880464 
130.9256836 131.0580574 131.6157433 132.4024435 133.1891437 133.975844 134.7625442 134.530625 134.0406219 133.8820582 133.7234944 133.5649306 133.4063668 132.8844661 131.8553236 131.5436873 131.2320509 130.9204146 130.6087783 130.3226686 130.2662996 130.2099306 130.1535616 130.0971925 129.7194421 127.5205301 129.6931106 132.9585642 135.1170849 136.1938591 133.2532203 130.1927645 126.3578796 122.8719206 124.4375754 129.0877837 132.5202243 132.6081867 132.6221921 132.3403694 132.0585467 131.776724 131.4949014 130.8680787 129.206256 128.5805952 128.0700635 127.5595317 127.049 126.5384683 125.8831646 126.0612005 126.6917092 126.9977184 127.3037276 127.6097368 127.9157461 128.152853 128.2291879 128.3055228 128.3818578 128.4581927 128.0851317 126.8774785 
136.7181691 136.8505428 136.9829166 137.5733189 138.3600191 139.1467193 139.9334195 139.7015003 139.03303 138.5685223 138.4099585 138.2513947 138.0928309 137.5709302 136.5040242 135.5126452 135.2010089 134.8893725 134.5777362 134.2916266 134.2352576 134.1788885 134.1225195 133.8518962 131.6529842 129.4540723 131.6266528 134.8921063 135.4328022 136.5095764 135.8454615 132.7850057 130.1351523 121.537797 123.1034519 127.7536601 136.0741843 136.1621467 136.1761521 135.8943294 135.6125067 135.330684 134.7728614 133.1110387 131.4492161 130.8235552 130.3130235 129.8024918 129.29196 128.6442759 127.9813527 128.1593886 128.8980638 129.5069392 129.8129484 130.1189577 130.4249669 130.6620738 130.7384087 130.8147437 130.8910786 130.582217 129.3745638 128.1669106 
142.5106545 142.6430283 142.7754021 142.9077758 143.5308944 144.3175946 145.1042949 144.8723757 144.2039053 143.535435 143.0964226 142.9378588 142.779295 142.2573943 141.1904884 140.1235824 139.1699668 138.8583305 138.5466942 138.2605845 138.2042155 138.1478465 137.9843503 135.7854384 133.5865264 131.3876145 133.5601949 135.8890131 135.7485195 136.8252937 138.4377026 135.3772468 133.9124249 123.5215973 121.7693283 126.4195366 136.7982012 139.7161067 139.7301121 139.4482894 139.1664667 138.677644 137.0158214 135.3539987 133.6921761 133.0665153 132.5559835 132.0454518 131.4053873 130.742464 130.0795408 130.2575767 130.9962519 131.7349271 132.3221693 132.6281785 132.9341877 133.1712946 133.2476295 133.3239645 133.0793024 131.8716491 130.6639959 129.4563426 
148.30314 148.4355138 148.5678875 148.7002613 148.8326351 149.48847 150.2751702 150.043251 149.3747807 148.7063103 148.03784 147.6243229 147.4657591 146.9438584 145.8769525 144.8100465 143.7431405 142.8272884 142.5156521 142.2295425 142.1731735 142.1168044 139.9178925 137.7189805 135.5200686 133.3211567 135.4937371 136.2047304 136.0642368 137.141011 138.873237 137.969488 137.6896976 127.29887 120.4352047 125.085413 135.4640776 143.2700667 143.284072 143.0022494 142.5824267 140.920604 139.2587814 137.5969588 135.9351361 135.3094753 134.7989435 134.1664986 133.5035754 132.8406522 132.1777289 132.3557648 133.09444 133.8331152 134.5717905 135.1373993 135.4434085 135.6805154 135.7568504 135.5763877 134.3687344 133.1610812 131.9534279 130.7457747 
154.0956254 154.2279992 154.360373 154.4927468 154.6251205 154.7574943 155.4460455 155.2141264 154.545656 153.8771857 153.2087153 152.540245 152.1522232 151.6303225 150.5634166 149.4965106 148.4296046 147.3626986 146.4846101 146.1985004 146.1421314 144.0503466 141.8514347 139.6525227 137.4536108 135.2546988 136.6609412 136.5204477 136.3799541 137.4567283 139.1889543 140.5617292 141.4669703 131.0761427 120.6853151 123.7512894 134.129954 144.5086187 146.838032 146.4872094 144.8253867 143.1635641 141.5017414 139.8399188 138.1780961 137.5524353 136.9276099 136.2646867 135.6017635 134.9388403 134.275917 134.4539529 135.1926281 135.9313033 136.6699786 137.4086538 137.9526293 138.1897363 138.073473 136.8658197 135.6581665 134.4505132 133.24286 132.0352068 
159.8881109 160.0204847 160.1528584 160.2852322 160.417606 160.5499798 160.6823535 160.3850017 159.7165313 159.048061 158.3795906 157.7111203 157.0426499 156.3167867 155.2498807 154.1829747 153.1160687 152.0491627 150.9822568 150.1674584 148.1828007 145.9838888 143.7849769 141.5860649 139.387153 137.188241 136.9766585 136.836165 136.6956714 137.7724456 139.5046716 141.2368976 145.244243 134.8534154 124.4625877 122.4171658 132.7958305 143.1744951 150.391992 148.7301694 147.0683467 145.4065241 143.7447014 142.0828788 140.4210561 139.6887213 139.025798 138.3628748 137.6999516 137.0370284 136.3741052 136.552141 137.2908162 138.0294915 138.7681667 139.5068419 140.2455171 140.5705583 139.362905 138.1552518 136.9475985 135.7399453 134.5322921 133.3246388 
165.4701622 162.9133462 163.04572 163.1780938 163.3104675 163.4428413 163.5752151 163.146998 162.4785276 161.8100573 161.1415869 160.4731166 159.1459404 155.6832724 154.6163664 153.5494605 152.4825545 151.4156485 150.3487425 152.7987135 150.0699965 147.8710845 145.6721726 143.4732606 141.2743487 139.0754367 137.8670937 137.7266002 137.5861066 138.3150342 140.0472602 141.7794862 145.2393842 133.6605344 123.2697068 120.1482015 130.5268661 140.9055307 152.4976992 152.2066293 150.5448067 148.882984 147.2211614 145.5593387 143.8975161 141.0970628 140.4341396 139.7712164 139.1082932 138.4453699 137.7824467 137.9604826 138.6991578 139.437833 140.1765082 140.9151835 141.6214495 141.6643416 140.9694547 139.7618015 138.5541482 137.346495 136.1388418 134.9311885 
170.9960976 167.5428852 165.1653485 165.2977223 165.4300961 165.5624698 165.6948436 165.2666265 164.5981561 163.9296858 163.2612154 162.1536079 157.0937652 153.6310973 152.5641913 151.4972853 150.4303793 149.3634734 152.2555925 155.4478807 152.433884 149.7459212 147.5470092 145.3480973 143.1491854 140.9502734 138.9982758 138.7702934 138.6297999 139.10364 140.6503478 142.3825738 146.0514862 131.1422792 120.7514515 117.6299462 128.0086108 138.8036949 153.9354287 154.7658837 154.3501999 152.6883772 151.0265546 149.3647319 147.7029093 144.494928 141.6585221 140.9955989 140.3326756 139.6697524 139.0068292 139.184865 139.9235403 140.6622155 141.4008907 142.139566 142.2300572 142.2729494 142.2047768 141.4529159 140.2452626 139.0376094 137.8299562 136.6223029 
176.5220331 173.0688206 169.6156081 167.4173508 167.5497246 167.6820984 167.8144721 167.386255 166.7177847 166.0493143 165.1612753 160.1014327 155.0415901 151.5789222 150.5120162 149.4451102 148.3782042 151.0228843 154.9047597 158.0970479 155.0830512 152.0690545 149.4218459 147.222934 145.024022 142.8251101 140.8731124 139.8139867 139.6734932 140.1473332 141.2534353 142.9856613 146.8635883 128.6824512 118.2331963 115.111691 125.4903556 140.2414243 155.3731581 156.2036131 157.0340682 156.4937705 154.8319478 153.1701252 151.5083025 148.3003213 144.9205446 142.2199813 141.5570581 140.8941349 140.2312117 140.4092475 141.1479227 141.886598 142.6252732 142.7481737 142.838665 142.8815571 142.8133846 142.745212 141.936377 140.7287238 139.5210705 138.3134173 
182.0479686 178.5947561 175.1415436 171.6883311 169.6693531 169.8017269 169.9341006 169.5058835 168.8374132 168.1689428 163.1091002 158.0492576 152.989415 149.526747 148.459841 147.3929351 149.7901761 153.6720515 157.5539269 160.7462151 157.7322184 154.7182217 151.704225 149.0977706 146.8988587 144.6999468 142.7479491 140.85768 140.7171865 141.1910265 141.9956616 143.5887489 147.6756903 129.4945533 115.714941 112.5934357 122.9721003 141.6791538 156.8108875 157.6413425 158.4717976 159.3022526 158.6373411 156.9755184 155.3136958 152.1057145 148.7259379 145.3461612 142.7814406 142.1185174 141.4555941 141.63363 142.3723052 143.1109804 143.2662901 143.3567814 143.4472727 143.4901649 143.4219923 143.3538198 143.2856472 142.4198382 141.2121849 140.0045317 
187.5739041 184.1206916 180.6674791 177.2142666 173.7610541 171.9213554 172.0537292 171.625512 170.9570417 166.1167677 161.0569251 155.9970825 150.9372399 147.4745719 146.4076659 148.5574678 152.4393433 156.3212187 160.2030941 163.3953823 160.3813856 157.3673889 154.3533922 151.3393955 148.7736954 146.5747834 144.6227858 142.7325167 141.7608798 142.2347198 143.0393548 144.1918365 148.4877923 130.3066553 113.1966858 110.0751805 124.4098298 143.1168832 158.2486169 159.079072 159.909527 160.7399821 161.5704371 160.7809116 159.119089 155.9111077 152.5313311 149.1515544 145.7717778 143.3428998 142.6799766 142.8580125 143.5966877 143.7844066 143.8748979 143.9653892 144.0558805 144.0987726 144.0306001 143.9624275 143.8942549 143.8260824 142.9032993 141.6956461 
193.0998395 189.646627 186.1934145 182.740202 179.2869895 175.833777 174.1733577 173.7451406 169.1244352 164.0645926 159.00475 153.9449073 148.8850647 145.4223968 147.3247596 151.206635 155.0885105 158.9703859 162.8522613 166.0445495 163.0305528 160.0165561 157.0025594 153.9885627 150.974566 148.4496201 146.4976224 144.6073534 142.804573 143.2784131 144.0830481 144.8876832 149.2998943 131.1187573 112.9376203 107.5569252 125.8475592 144.5546126 159.6863464 160.5168014 161.3472564 162.1777115 163.0081665 163.8386216 162.9244822 159.716501 156.3367243 152.9569477 149.577171 146.1973944 143.9043591 144.0823949 144.302523 144.3930143 144.4835056 144.5739969 144.6644882 144.7073803 144.6392078 144.5710352 144.5028627 144.4346901 144.3665176 143.3867605 
197.3589129 193.9057004 190.4524879 186.9992754 183.5460629 180.0928504 176.6396379 172.6723438 167.6125012 162.5526586 157.492816 152.4329734 147.3731308 145.8899753 149.7718508 153.6537262 157.5356016 161.417477 165.2993524 168.2001125 165.1861158 162.1721191 159.1581223 156.1441256 153.1301289 150.1161322 148.1966673 146.3063982 144.4161291 144.2775477 145.0821827 145.8868178 150.6522002 132.4710632 114.2899261 109.0196558 127.7267092 146.4337626 160.8525654 161.6830205 162.5134755 163.3439306 164.1743856 165.0048407 165.8352957 162.8893495 159.5095728 156.1297961 152.7500195 149.3702428 145.9904662 144.6943923 144.7848836 144.8753749 144.9658662 145.0563575 145.1468488 145.1897409 145.1215684 145.0533958 144.9852233 144.9170507 144.8488782 144.7720254 
194.861388 191.4081755 187.954963 184.5017505 181.048538 177.5953255 174.8200321 174.041696 168.9818534 163.9220108 158.8621681 153.8023255 148.7424829 147.2593275 151.1412029 155.0230784 158.9049538 162.7868292 166.6687046 166.4372851 164.7091228 161.6951261 158.6811294 155.6671327 152.653136 149.6391393 148.9581555 147.0678864 145.1776173 145.0390359 145.843671 146.648306 153.744175 136.7044562 118.5233192 113.2530488 131.9601022 150.6671556 160.5707294 161.4011844 162.2316394 163.0620945 163.8925495 164.7230046 164.3831859 162.6886259 159.3088492 155.9290726 152.5492959 149.1695193 145.7897426 144.5034349 144.5939262 144.6844175 144.7749087 144.8654 144.9558913 144.9987835 144.9306109 144.8624384 144.7942658 144.7260933 144.6579207 144.5260928 
192.3638631 188.9106506 185.4574381 182.0042256 178.5510131 175.0978006 173.6105537 173.6465851 170.3512055 165.2913629 160.2315203 155.1716777 150.1118351 148.6286797 152.5105551 156.3924305 160.2743059 164.1561814 167.1950003 164.6030225 164.2321299 161.2181332 158.2041365 155.1901398 152.1761431 149.1621464 149.7196438 147.8293747 145.9391056 145.8005242 146.6051592 147.3920952 154.0739175 140.9378492 122.7567122 117.4864418 136.1934952 154.9005487 160.2888933 161.1193483 161.9498034 162.7802584 163.6107135 164.4411685 162.8660608 162.1414809 159.1081256 155.728349 152.3485723 148.9687957 145.589019 144.3037393 144.4029687 144.49346 144.5839513 144.6744426 144.7649339 144.807826 144.7396535 144.6714809 144.6033084 144.5351358 144.4640698 144.2801603 
189.8663382 186.4131257 182.9599132 179.5067007 176.0534882 173.1426111 172.4010752 172.4371066 171.7205577 166.6607151 161.6008725 156.5410299 151.4811873 149.9980319 153.8799073 157.7617827 161.6436581 165.5255335 165.3607377 162.7687599 162.6121731 160.7411403 157.7271436 154.7131469 151.6991502 148.6851535 150.481132 148.5908629 146.7005939 146.5620124 147.3666475 147.8173011 154.4036601 145.1712423 126.9901052 121.7198349 140.4268883 159.1339417 160.0070572 160.8375122 161.6679673 162.4984223 163.3288774 163.1190891 161.3489358 160.6243558 158.9074021 155.5276254 152.1478488 148.7680721 145.3882955 144.1030157 144.2120112 144.3025025 144.3929938 144.4834851 144.5739764 144.6168685 144.548696 144.4805234 144.4123509 144.3441783 144.2181373 144.0342277 
187.3688134 183.9156009 180.4623884 177.0091759 173.5559634 171.9331326 171.1915967 171.2276281 171.5969027 168.0300673 162.9702247 157.910382 152.8505394 151.367384 155.2492594 159.1311349 163.0130103 166.3890518 163.5264751 160.9344974 160.7779105 160.2641474 157.2501507 154.236154 151.2221573 148.2081606 150.264872 149.3523512 147.4620821 147.3235007 148.1281357 148.242507 154.7334027 149.4046353 131.2234983 125.9532279 144.6602813 159.8026802 159.7252211 160.5556762 161.3861312 162.2165863 163.0470413 161.6019641 159.8318108 159.1072308 158.4988256 155.3269018 151.9471252 148.5673485 145.1875719 143.9022921 144.0133437 144.1115451 144.2020363 144.2925276 144.3830189 144.4259111 144.3577385 144.289566 144.2213934 144.1532209 143.9722047 143.7882952 
184.8712885 181.418076 177.9648635 174.511651 171.46519 170.7236541 169.9821182 170.0181497 170.3874242 169.3994194 164.3395768 159.2797342 154.2198916 152.7367362 156.6186116 160.500487 164.3823624 164.5547892 161.6922125 159.1002348 158.9436479 158.787061 156.7731578 153.7591611 150.7451644 147.7311677 149.7878791 150.1138395 148.2235704 148.084989 148.889624 148.667713 155.0631452 153.6380283 135.4568913 130.1866209 148.8936743 159.5208441 159.443385 160.2738401 161.1042951 161.9347502 161.8549923 160.084839 158.3146857 157.5901058 156.9817006 155.1261783 151.7464016 148.366625 144.9868483 143.7015686 143.8126201 143.9205876 144.0110789 144.1015702 144.1920615 144.2349536 144.1667811 144.0986085 144.0304359 143.9101818 143.7262722 143.5423627 
182.3737636 178.9205511 175.4673386 172.0141261 170.2557115 169.5141756 168.7726398 168.8086712 169.1779457 169.5472203 165.708929 160.6490864 155.5892438 154.1060884 157.9879638 161.8698392 165.5831033 162.7205266 159.8579499 157.2659722 157.1093853 156.9527985 156.2961649 153.2821682 150.2681715 147.2541747 149.3108862 150.8753277 148.9850586 148.8464772 149.6511123 149.0929189 155.3928878 155.474443 139.6902843 134.4200139 153.1270674 159.239008 159.161549 159.992004 160.822459 161.6529141 160.3378673 158.567714 156.7975607 156.0729807 155.4645756 154.8561704 151.545678 148.1659014 144.7861247 143.500845 143.6118965 143.722948 143.8201214 143.9106127 144.001104 144.0439961 143.9758236 143.907651 143.8394785 143.6642492 143.4803397 143.2964301 
179.8762387 176.4230262 172.9698137 169.7877689 169.046233 168.3046972 167.5631613 167.5991927 167.9684672 168.3377418 167.0782812 162.0184386 156.9585959 155.4754405 159.357316 163.2391914 163.7488407 160.886264 158.0236873 155.4317096 155.2751227 155.1185359 154.961949 152.8051753 149.7911785 146.7771818 148.8338933 151.636816 149.7465469 149.6079655 150.1294154 149.5181248 155.7226303 155.8041856 143.9236773 138.653407 157.3604604 158.9571719 158.8797129 159.7101679 160.540623 160.5908955 158.8207422 157.0505889 155.2804357 154.5558557 153.9474505 153.3390454 151.3449545 147.9651778 144.5854011 143.3001214 143.4111729 143.5222245 143.6291639 143.7196552 143.8101465 143.8530387 143.7848661 143.7166936 143.6022262 143.4183167 143.2344071 143.0504976 
177.3787138 173.9255014 170.4722889 168.5782904 167.8367545 167.0952187 166.3536828 166.3897142 166.7589888 167.1282633 167.4975378 163.3877907 158.3279481 156.8447927 160.7266681 164.6085435 161.9145781 159.0520014 156.1894247 153.597447 153.4408601 153.2842733 153.1276864 152.3281823 149.3141856 146.3001889 148.3569004 151.6812888 150.5080351 150.3694537 150.5546213 149.9433307 156.0523729 156.1339281 148.1570704 142.8868 158.9797734 158.6753358 158.5978768 159.4283318 160.2587869 159.0737705 157.3036172 155.5334639 153.7633106 153.0387307 152.4303255 151.8219203 151.1442309 147.7644542 144.3846776 143.0993978 143.2104494 143.3215009 143.4325524 143.5286978 143.6191891 143.6620812 143.5939087 143.5257361 143.3562937 143.1723841 142.9884746 142.8045651 
174.881189 171.4279765 168.1103478 167.3688119 166.6272761 165.8857402 165.1442043 165.1802357 165.5495103 165.9187848 166.2880594 164.7571429 159.6973003 158.2141449 162.0960203 162.9428923 160.0803156 157.2177388 154.3551621 151.7631844 151.6065976 151.4500107 151.2934238 151.136837 148.8371927 145.823196 147.8799074 151.2042959 151.2695234 151.130942 150.9798272 150.3685366 156.3821155 156.4636707 152.3904634 147.120193 158.6979373 158.3934998 158.3160407 159.1464958 159.3267987 157.5566454 155.7864922 154.0163389 152.2461856 151.5216056 150.9132005 150.3047953 149.6963901 147.5637306 144.183954 142.8986742 143.0097258 143.1207773 143.2318288 143.3377403 143.4282316 143.4711237 143.4029512 143.2942707 143.1103611 142.9264516 142.7425421 142.5586325 
172.3836641 168.9304516 166.9008693 166.1593335 165.4177976 164.6762617 163.9347259 163.9707573 164.3400318 164.7093063 165.0785809 165.4478554 161.0666524 159.583497 163.4653725 161.1086297 158.246053 155.3834763 152.5208995 149.9289218 149.772335 149.6157481 149.4591612 149.3025744 148.3601998 145.3462031 147.4029145 150.727303 152.0310116 151.8924302 151.4050331 150.7937425 156.711858 156.7934132 156.6238564 151.3535861 158.4161013 158.1116637 158.0342046 158.8646597 157.8096737 156.0395204 154.2693671 152.4992138 150.7290606 150.0044806 149.3960754 148.7876703 148.1792651 147.3630071 143.9832304 142.6979507 142.8090022 142.9200537 143.0311053 143.1421568 143.2372741 143.2801663 143.2119937 143.0483382 142.8644286 142.6805191 142.4966095 142.3127 
169.8861392 166.4329267 165.6913909 164.949855 164.2083191 163.4667832 162.7252474 162.7612788 163.1305533 163.4998279 163.8691024 164.2383769 162.4360046 160.9528492 162.1369438 159.2743671 156.4117904 153.5492137 150.686637 148.0946592 147.9380724 147.7814855 147.6248987 147.4683118 147.3117249 144.8692102 146.9259216 150.2503101 152.7924999 152.4415297 151.8302391 151.2189485 157.0416006 157.1231558 157.204711 155.5869791 158.1342652 157.8298276 157.7523686 158.0627019 156.2925487 154.5223954 152.7522421 150.9820888 149.2119355 148.4873556 147.8789504 147.2705452 146.6621401 146.0537349 143.7825068 142.4972271 142.6082786 142.7193301 142.8303817 142.9414332 143.0463167 143.0892088 142.9863152 142.8024056 142.6184961 142.4345865 142.250677 142.0667675 
167.3886143 165.2234482 164.4819124 163.7403765 162.9988406 162.2573048 161.5157689 161.5518003 161.9210749 162.2903494 162.6596239 163.0288985 163.398173 162.3222014 160.3026812 157.4401045 154.5775278 151.7149511 148.8523744 146.2603967 146.1038098 145.9472229 145.7906361 145.6340492 145.4774623 144.3922173 146.4489287 149.7733172 153.0977056 152.8667356 152.255445 151.6441544 157.3713431 157.4528984 157.5344536 158.1568667 157.8524291 157.5479915 157.4705325 156.5455769 154.7754236 153.0052703 151.2351171 149.4649638 147.6948105 146.9702305 146.3618254 145.7534202 145.145015 144.5366099 143.5817833 142.2965035 142.407555 142.5186066 142.6296581 142.7407096 142.8517612 142.8982513 142.7403826 142.5564731 142.3725635 142.188654 142.0047445 141.8208349 
164.8910895 164.0139698 163.2724339 162.530898 161.7893622 161.0478263 160.3062904 160.3423218 160.7115964 161.0808709 161.4501455 161.81942 162.1886945 161.3309953 158.4684186 155.6058419 152.7432652 149.8806885 147.0181118 144.4261341 144.2695472 144.1129603 143.9563735 143.7997866 143.6431998 143.4866129 145.9719358 149.2963243 152.6207127 153.2919415 152.6806509 152.0693603 157.7010857 157.7826409 157.8641961 157.8750306 157.570593 157.2661554 156.7986052 155.0284519 153.2582986 151.4881453 149.717992 147.9478387 146.1776855 145.4531055 144.8447003 144.2362952 143.62789 143.0194848 142.4110797 142.0957799 142.2068315 142.317883 142.4289345 142.539986 142.6510376 142.6783596 142.4944501 142.3105405 142.126631 141.9427215 141.7588119 141.5749024 
164.5494741 163.8044043 163.0628684 162.3213326 161.5797967 160.8382608 160.096725 160.1327564 160.5020309 160.8713055 161.24058 161.6098545 161.9791291 161.4042391 158.5416624 155.6790857 152.816509 149.9539323 147.0913555 144.4993778 144.342791 144.1862041 144.0296172 143.8730304 143.7164435 143.5967542 146.3135018 149.6378903 152.9622787 153.4877953 152.8765047 152.2652141 157.5248974 157.6064527 157.6880079 157.3397659 157.0353284 156.7308908 156.2830582 154.5752999 152.8051466 151.0349933 149.2648401 147.4946868 145.7245335 144.9999535 144.3915483 143.7831432 143.174738 142.5663329 141.9579277 142.0549362 142.1659877 142.2770393 142.3880908 142.4991423 142.6101938 142.7969456 142.613036 142.4291265 142.245217 142.0613074 141.8773979 141.6934883 
164.4614952 163.7124757 162.9709398 162.229404 161.4878681 160.7463322 160.0047963 160.0408278 160.4101023 160.7793768 161.1486514 161.5179259 161.8872004 161.2227197 158.8393186 155.9767419 153.1141652 150.2515885 147.3890118 144.7970341 144.6404472 144.4838604 144.3272735 144.1706867 144.0140998 144.0346213 146.7513689 150.0757574 153.4001458 153.6566664 153.0453758 152.4340852 157.3607085 157.3707431 157.4522984 156.7746862 156.4702486 156.1658111 155.7179784 154.2473212 152.4771679 150.7070147 148.9368614 147.1667081 145.3965548 144.6719748 144.0635697 143.4551645 142.8467593 142.2383542 141.823177 142.0329019 142.1439534 142.2550049 142.3660565 142.477108 142.5881595 142.8063411 142.7745065 142.590597 142.4066874 142.2227779 142.0388684 141.8549588 
164.3735163 163.6205471 162.8790112 162.1374753 161.3959395 160.6544036 159.9128677 159.9488991 160.3181737 160.6874482 161.0567227 161.4259973 161.426162 160.7616813 159.1369749 156.2743982 153.4118215 150.5492448 147.6866681 145.0946904 144.9381035 144.7815166 144.6249298 144.4683429 144.3117561 144.4724884 147.189236 150.5136244 153.5533355 153.8255376 153.214247 152.6029564 157.244901 157.1350336 157.2165888 156.434965 155.9051689 155.6007313 155.1528986 153.9193426 152.1491893 150.379036 148.6088827 146.8387294 145.0685761 144.3439962 143.735591 143.1271858 142.5187807 141.9103755 141.8011427 142.0108675 142.1219191 142.2329706 142.3440221 142.4550736 142.5818492 142.807288 142.935977 142.7520675 142.5681579 142.3842484 142.2003388 142.0164293 
164.2855374 163.5315288 162.7870826 162.0455467 161.3040108 160.562475 159.8209391 159.8569705 160.226245 160.5955196 160.9647941 161.3340687 160.9651236 160.3006429 159.4346312 156.5720545 153.7094778 150.8469011 147.9843244 145.3923466 145.2357598 145.0791729 144.9225861 144.7659992 144.6241714 144.9103555 147.6271031 150.9514915 153.5751357 153.9944087 153.3831181 152.7718275 157.1290936 156.8993241 156.9808793 156.1992555 155.3400891 155.0356515 154.5878189 153.5664059 151.8212106 150.0510573 148.280904 146.5107508 144.7405975 144.0160175 143.4076123 142.7992072 142.190802 141.5823968 141.7791083 141.9888332 142.0998847 142.2109363 142.3219878 142.4330393 142.5827961 142.808235 143.0974475 142.9135379 142.7296284 142.5457189 142.3618093 142.1778998 
164.1975585 163.4435499 162.6951539 161.9536181 161.2120822 160.4705463 159.7290105 159.7650419 160.1343164 160.503591 160.8728655 161.24214 160.5040851 159.8396044 159.3729058 156.8697108 154.007134 151.1445573 148.2819806 145.6900029 145.533416 145.3768292 145.2202423 145.0636555 145.0620384 145.3482226 148.0649701 151.3893586 153.5969358 154.0471712 153.5519893 152.9406987 157.0132861 156.6636146 156.7451698 155.963546 154.7750093 154.4705718 154.0227391 153.0013261 151.4932319 149.7230786 147.9529254 146.1827721 144.4126188 143.6880388 143.0796337 142.4712285 141.8628233 141.3993392 141.757074 141.9667989 142.0778504 142.1889019 142.2999534 142.411005 142.5837431 142.8091819 143.1321888 143.0750084 142.8910989 142.7071893 142.5232798 142.3393703 
164.1095796 163.355571 162.6032253 161.8616894 161.1201536 160.3786177 159.6370818 159.6731132 160.0423878 160.4116623 160.7809369 160.8393821 160.0430467 159.378566 158.9118673 157.167367 154.3047903 151.4422136 148.5796369 145.9876592 145.8310723 145.6744855 145.5178986 145.3613117 145.4999055 145.7860896 148.5028372 151.8272257 153.618736 154.0689714 153.7208605 153.1095699 156.8974787 156.427905 156.5094603 155.7278364 154.2099296 153.905492 153.4576594 152.4362464 151.1652533 149.3951 147.6249467 145.8547934 144.0846401 143.3600601 142.751655 142.1432498 141.5348447 141.3773048 141.7350397 141.9447645 142.0558161 142.1668676 142.2779191 142.401066 142.58469 142.8101288 143.1331358 143.2364789 143.0525694 142.8686598 142.6847503 142.5008407 
164.0216007 163.2675921 162.5135834 161.7697608 161.0282249 160.2866891 159.5451532 159.5811846 159.9504592 160.3197337 160.6890082 160.3783436 159.5820082 158.9175275 158.4508289 157.4650233 154.6024466 151.7398699 148.8772932 146.2853155 146.1287286 145.9721417 145.8155549 145.658968 145.9377726 146.2239567 148.9407043 152.2650928 153.6405361 154.0907715 153.8897316 153.278441 156.7816713 156.1921955 156.2737507 155.4921269 153.6448498 153.3404123 152.8925796 151.8711666 150.8372746 149.0671213 147.296968 145.5268147 143.7566615 143.0320815 142.4236763 141.8152711 141.206866 141.3552705 141.7130053 141.9227302 142.0337817 142.1448332 142.2558848 142.402013 142.5856369 142.8110758 143.1340827 143.3979494 143.2140398 143.0301303 142.8462208 142.6623112 
163.9336218 163.1796132 162.4256045 161.6778322 160.9362963 160.1947604 159.4532246 159.489256 159.8585305 160.2278051 160.5970796 159.9173052 159.1209698 158.4564891 157.9897904 157.5230918 154.9001029 152.0375262 149.1749494 146.5829717 146.4263849 146.269798 146.1132111 146.0894556 146.3756397 146.6618238 149.3785714 152.7029598 153.6623362 154.1125716 154.0586028 153.4473122 156.6658638 155.956486 156.0380412 155.2564174 153.0797701 152.7753325 152.3274998 151.3060868 150.2846738 148.7391426 146.9689893 145.1988361 143.4286828 142.7041028 142.0956976 141.4872925 140.9755013 141.3332362 141.690971 141.9006959 142.0117474 142.1227989 142.2338504 142.4029599 142.5865839 142.8120227 143.1350296 143.4580366 143.3755103 143.1916008 143.0076912 142.8237817 
163.8456429 163.0916342 162.3376256 161.5859036 160.8443677 160.1028318 159.361296 159.3973274 159.7666019 160.1358764 160.2526022 159.4562668 158.6599314 157.9954506 157.528752 157.0620533 155.1977591 152.3351824 149.4726057 146.880628 146.7240411 146.5674543 146.4108674 146.5273227 146.8135068 147.0996909 149.8164385 152.9875391 153.6841364 154.1343718 154.227474 153.6161834 156.5500564 155.7901935 155.8023317 155.0207079 152.6360372 152.2102527 151.7624201 150.7410071 149.7195941 148.411164 146.6410107 144.8708574 143.1007041 142.3761241 141.767719 141.1593138 140.953467 141.3112018 141.6689367 141.8786615 141.989713 142.1007646 142.2202829 142.4039068 142.5875308 142.8129696 143.1359766 143.4589835 143.5369808 143.3530713 143.1691617 142.9852522 
163.757664 163.0036553 162.2496467 161.495638 160.7524391 160.0109032 159.2693673 159.3053987 159.6746733 160.0439478 159.7915637 158.9952283 158.1988929 157.5344122 157.0677135 156.6010149 155.4954154 152.6328387 149.770262 147.1782843 147.0216974 146.8651105 146.7085237 146.9651897 147.2513738 147.537558 150.2543055 153.0093392 153.7059365 154.1561719 154.3963451 153.7850545 156.434249 155.674386 155.5666222 154.7849983 152.4003277 151.645173 151.1973403 150.1759273 149.1545143 148.0831853 146.313032 144.5428787 142.7727254 142.0481455 141.4397403 140.8313351 140.9314326 141.2891675 141.6469023 141.8566272 141.9676787 142.0787302 142.2212298 142.4048538 142.5884777 142.8139166 143.1369235 143.4599304 143.6984513 143.5145417 143.3306322 143.1467227 
163.6696851 162.9156764 162.1616678 161.4076591 160.6605104 159.9189746 159.1774387 159.2134701 159.5827446 159.9520192 159.3305253 158.5341899 157.7378545 157.0733738 156.6066751 156.1399764 155.6732778 152.930495 150.0679183 147.4759405 147.3193537 147.1627668 147.1168727 147.4030568 147.6892409 147.975425 150.6921726 153.0311394 153.7277367 154.1779721 154.4955511 153.9539257 156.3184415 155.5585786 155.3309126 154.5492888 152.1646182 151.0800932 150.6322606 149.6108476 148.5894345 147.5680215 145.9850533 144.2149 142.4447468 141.7201668 141.1117616 140.5516635 140.9093983 141.2671331 141.624868 141.8345928 141.9456444 142.0566959 142.2221767 142.4058007 142.5894247 142.8148635 143.1378704 143.4608774 143.7838843 143.6760122 143.4921027 143.3081931 
163.5817062 162.8276975 162.0736889 161.3196802 160.5685818 159.8270459 159.0855101 159.1215415 159.490816 159.6658222 158.8694868 158.0731514 157.276816 156.6123353 156.1456367 155.678938 155.2122393 153.2281512 150.3655745 147.7735968 147.61701 147.4604231 147.5547398 147.8409239 148.127108 148.4132921 151.1300397 153.0529395 153.7495368 154.1997722 154.5173512 154.1227968 156.2026341 155.4427711 155.0952031 154.3135793 151.9289087 150.5150135 150.0671808 149.0457678 148.0243548 147.0029418 145.6570747 143.8869214 142.1167681 141.3921881 140.7837829 140.5296291 140.887364 141.2450988 141.6028337 141.8125585 141.92361 142.0394997 142.2231237 142.4067476 142.5903716 142.8158104 143.1388174 143.4618243 143.7848312 143.8374827 143.6535732 143.4696636 
163.4937273 162.7397186 161.98571 161.2317013 160.4776926 159.7351173 158.9935814 159.0296129 159.3988874 159.2047838 158.4084484 157.612113 156.8157776 156.1512969 155.6845982 155.2178996 154.7512009 153.5258075 150.6632308 148.0712531 147.9146662 147.7580794 147.9926069 148.278791 148.5649751 148.8511592 151.5679068 153.0747397 153.771337 154.2215724 154.5391514 154.291668 156.0868266 155.3269637 154.8594936 154.0778698 151.6931991 149.9499337 149.502101 148.480688 147.459275 146.437862 145.329096 143.5589427 141.7887894 141.0642094 140.4558043 140.5075948 140.8653296 141.2230645 141.5807993 141.7905242 141.9015757 142.0404467 142.2240706 142.4076946 142.5913185 142.8167574 143.1397643 143.4627712 143.7857781 143.9989532 143.8150436 143.6311341 
163.4057484 162.6517397 161.8977311 161.1437224 160.3897137 159.6431887 158.9016528 158.9376842 159.3069588 158.7437454 157.9474099 157.1510745 156.3547391 155.6902584 155.2235598 154.7568611 154.2901624 153.8234638 150.9608871 148.3689094 148.2123225 148.1442898 148.4304739 148.7166581 149.0028422 149.2890263 152.0057739 153.0965398 153.7931371 154.2433725 154.5609515 154.4605392 155.9710192 155.2111563 154.6237841 153.8421602 151.4574896 149.3848539 148.9370213 147.9156083 146.8941953 145.8727823 144.8513693 143.230964 141.4608107 140.7362308 140.1278256 140.4855604 140.8432953 141.2010301 141.558765 141.7684898 141.8795414 142.0413936 142.2250175 142.4086415 142.5922654 142.8177043 143.1407112 143.4637182 143.7867251 144.109732 143.9765141 143.7926046 
163.3177695 162.5637608 161.8097522 161.0557435 160.3017348 159.5512601 158.8097242 158.8457556 159.0790423 158.2827069 157.4863715 156.6900361 155.8937007 155.22922 154.7625213 154.2958227 153.829124 153.3624253 151.2585434 148.6665656 148.5099788 148.5821569 148.868341 149.1545251 149.4407092 149.7268934 152.4217427 153.11834 153.8149372 154.2651726 154.5827516 154.6294103 155.8552118 155.0953488 154.3880745 153.6064507 151.2217801 148.8371095 148.3719415 147.3505285 146.3291155 145.3077025 144.2862895 142.9029854 141.1328321 140.4082521 140.1057913 140.4635261 140.821261 141.1789958 141.5367306 141.7464555 141.8587166 142.0423405 142.2259645 142.4095884 142.5932124 142.8186512 143.1416582 143.4646651 143.787672 144.1106789 144.1379846 143.9540751 
163.2297906 162.4757819 161.7217732 160.9677646 160.2137559 159.4597472 158.7177956 158.753827 158.6180039 157.8216685 157.0253331 156.2289977 155.4326623 154.7681816 154.3014829 153.8347842 153.3680856 152.9013869 151.5561996 148.9642219 148.807635 149.020024 149.3062081 149.5923922 149.8785763 150.1647604 152.4435428 153.1401401 153.8367374 154.2869728 154.6045518 154.7982815 155.7394043 154.9795414 154.2196785 153.3707412 150.9860706 148.6013999 147.8068618 146.7854488 145.7640358 144.7426227 143.7212097 142.5750067 140.8048534 140.0802734 140.0837569 140.4414918 140.7992266 141.1569615 141.5146963 141.7244212 141.8596635 142.0432875 142.2269114 142.4105354 142.5941593 142.8195982 143.1426051 143.465612 143.7886189 144.1116259 144.2994551 144.1155455 
163.1418117 162.387803 161.6337943 160.8797857 160.125777 159.3717683 158.6258669 158.6618983 158.1569654 157.36063 156.5642946 155.7679592 154.9716238 154.3071431 153.8404445 153.3737458 152.9070471 152.4403485 151.8538559 149.2618782 149.171707 149.4578911 149.7440752 150.0302593 150.3164434 150.6026275 152.465343 153.1619403 153.8585375 154.3087729 154.6263519 154.9439309 155.6235969 154.8637339 154.103871 153.1350317 150.750361 148.3656904 147.241782 146.220369 145.198956 144.177543 143.15613 142.134717 140.4768747 139.7522947 140.0617226 140.4194574 140.7771923 141.1349271 141.492662 141.7023868 141.8606104 142.0442344 142.2278583 142.4114823 142.5951062 142.8205451 143.143552 143.4665589 143.7895659 144.1125728 144.4355797 144.277016 
163.0538328 162.2998241 161.5458154 160.7918068 160.0377981 159.2837894 158.5339383 158.4922624 157.695927 156.8995916 156.1032562 155.3069208 154.5105854 153.8461047 153.379406 152.9127073 152.4460087 151.97931 151.5126114 149.5595344 149.609574 149.8957582 150.1819423 150.4681264 150.7543105 151.0404946 152.4871431 153.1837404 153.8803377 154.3305731 154.6481521 154.9657311 155.5077894 154.7479265 153.9880636 152.8993221 150.5146515 148.1299809 146.6767023 145.6552892 144.6338762 143.6124632 142.5910502 141.5696372 140.1488961 139.6819534 140.0396883 140.3974231 140.7551579 141.1128928 141.4706276 141.6803525 141.8615574 142.0451813 142.2288053 142.4124292 142.5960532 142.821492 143.1444989 143.4675059 143.7905128 144.1135197 144.4365267 144.4384865 
162.9658539 162.2118452 161.4578365 160.7038279 159.9498192 159.1958105 158.4420097 158.0312239 157.2348885 156.4385531 155.6422177 154.8458823 154.0495469 153.3850662 152.9183676 152.4516689 151.9849702 151.5182716 151.0515729 149.8571907 150.0474411 150.3336252 150.6198093 150.9059935 151.1921776 151.4783617 152.5089433 153.2055405 153.9021378 154.3523732 154.6699522 154.9875312 155.391982 154.6321191 153.8722561 152.6636126 150.278942 147.8942714 146.1116225 145.0902095 144.0687965 143.0473835 142.0259705 141.0045574 139.8209174 139.6599191 140.0176539 140.3753888 140.7331236 141.0908585 141.4485933 141.6788803 141.8625043 142.0461282 142.2297522 142.4133762 142.5970001 142.8224389 143.1454459 143.4684528 143.7914597 144.1144667 144.4374736 144.599957 
162.877875 162.1238663 161.3698576 160.615849 159.8618403 159.1078316 158.3538229 157.5701855 156.7738501 155.9775147 155.1811793 154.3848439 153.5885085 152.9240278 152.4573291 151.9906305 151.5239318 151.0572331 150.5905345 150.1991241 150.4853082 150.7714923 151.0576764 151.3438605 151.6300446 151.9162288 152.5307434 153.2273407 153.923938 154.3741734 154.6917524 155.0093314 155.2761746 154.5163116 153.7564487 152.4279031 150.0432325 147.6585618 145.5465427 144.5251297 143.5037167 142.4823037 141.4608907 140.4394777 139.4180647 139.6378847 139.9956196 140.3533544 140.7110893 141.0688241 141.426559 141.6798273 141.8634512 142.0470752 142.2306991 142.4143231 142.597947 142.8233859 143.1463928 143.4693997 143.7924067 144.1154136 144.4384205 144.7614275 
