1.415756158 1.404411601 1.393067044 1.381722487 1.370377931 1.359033374 1.347688817 1.33634426 1.325275185 1.316134484 1.306993782 1.29785308 1.288712378 1.279571677 1.270430975 1.261290273 1.252363505 1.244078538 1.235793571 1.227508604 1.219223638 1.210938671 1.202653704 1.194368737 1.186662919 1.179922349 1.173181778 1.166441208 1.159700638 1.152960067 1.146219497 1.139478927 1.133324433 1.127756017 1.122187601 1.116619184 1.111050768 1.105482352 1.099913936 1.094345519 1.0894557 1.084973039 1.080490377 1.076007716 1.071525055 1.067042394 1.062559733 1.058077071 1.053972046 1.049992899 1.046013752 1.042034605 1.038055458 1.034076312 1.030097165 1.026118018 1.022773888 1.019520476 1.016267063 1.013013651 1.009760238 1.006506825 1.003253413 1 
1.380697743 1.372991789 1.365285835 1.355305754 1.343961198 1.332616641 1.321272084 1.309927527 1.298858453 1.289717751 1.280577049 1.271436347 1.262295645 1.253154944 1.245751144 1.239389486 1.2331582 1.227318028 1.221477857 1.213498489 1.205213522 1.196928555 1.188643589 1.180358622 1.172652804 1.165912233 1.159171663 1.152431093 1.145690522 1.138949952 1.133697675 1.128658011 1.12393775 1.11953689 1.114990086 1.10942167 1.103853254 1.098284838 1.092716421 1.087148005 1.082258186 1.077775524 1.073292863 1.068810202 1.064327541 1.059942231 1.056238378 1.052534525 1.048856545 1.04518719 1.041401663 1.037422516 1.033443369 1.029464222 1.025485075 1.021505928 1.018161799 1.014908386 1.011654974 1.008401561 1.005148148 1.00262296 1.00131148 1 
1.345639329 1.337933375 1.330227421 1.322521467 1.314815513 1.306199908 1.294855351 1.283510794 1.27244172 1.263301018 1.254160316 1.245019614 1.238657956 1.232296298 1.22593464 1.219572982 1.213341696 1.207501524 1.201661353 1.195821181 1.189981009 1.18291844 1.174633473 1.166348507 1.158642688 1.151902118 1.145161548 1.138846204 1.13380654 1.128766877 1.123727213 1.118687549 1.113967288 1.109566428 1.105165569 1.10076471 1.09636385 1.091087323 1.085518907 1.079950491 1.075060671 1.07057801 1.066095349 1.062002092 1.058298239 1.054594386 1.050890533 1.04718668 1.043508701 1.039839345 1.03616999 1.032500635 1.028831279 1.024852132 1.020872986 1.016893839 1.013549709 1.010296297 1.007042884 1.005245921 1.003934441 1.00262296 1.00131148 1 
1.310580915 1.302874961 1.295169007 1.287463053 1.279757099 1.272051144 1.26434519 1.256639236 1.246024987 1.237926426 1.231564768 1.22520311 1.218841452 1.212479794 1.206118136 1.199756479 1.193525192 1.18768502 1.181844849 1.176004677 1.170164506 1.164324334 1.158484162 1.152338391 1.144632573 1.138955069 1.133915406 1.128875742 1.123836078 1.118796414 1.113756751 1.108717087 1.103996825 1.099595966 1.095195107 1.090794248 1.086393388 1.081992529 1.07759167 1.072752977 1.067863157 1.064061953 1.0603581 1.056654247 1.052950395 1.049246542 1.045542689 1.041838836 1.038160856 1.034491501 1.030822145 1.02715279 1.023483435 1.019814079 1.016144724 1.012281749 1.009180361 1.007868881 1.006557401 1.005245921 1.003934441 1.00262296 1.00131148 1 
1.286173826 1.278467872 1.270761918 1.263055964 1.25535001 1.247644056 1.239938101 1.232232147 1.22801288 1.22291574 1.216554082 1.210192424 1.203830766 1.197469108 1.19110745 1.184745792 1.178879741 1.173861348 1.168021177 1.162181005 1.156340833 1.150500662 1.14466049 1.138820318 1.133280337 1.128240673 1.12320101 1.118161346 1.113121682 1.108082019 1.103042355 1.09841192 1.094836999 1.090742749 1.08634189 1.081941031 1.077540172 1.073139312 1.068738453 1.064337594 1.060372364 1.056668511 1.052964658 1.049260805 1.045556952 1.041853099 1.038149246 1.035041775 1.033009875 1.029455604 1.025786249 1.022116894 1.018447538 1.014778183 1.011108828 1.007439472 1.005833258 1.004521778 1.003210297 1.001898817 1.000587337 0.9992758569 0.9979643767 1 
1.266682734 1.258976779 1.251270825 1.243564871 1.235858917 1.228152963 1.220922199 1.217017768 1.213036095 1.208513736 1.203761465 1.197399807 1.191038149 1.184676491 1.178314833 1.171953175 1.166087124 1.161707893 1.156963427 1.151123255 1.145283083 1.139442912 1.13360274 1.127762568 1.122222587 1.117182923 1.11214326 1.107103596 1.102063932 1.097024269 1.092639371 1.088909238 1.085334318 1.081914609 1.078004325 1.073603466 1.069202607 1.064801747 1.060400888 1.056000029 1.052034799 1.048330946 1.044627093 1.04092324 1.037219387 1.033515534 1.030606857 1.027963238 1.025931338 1.024103343 1.020894328 1.017224973 1.013555618 1.009886262 1.006216907 1.002547552 1.000941337 0.9996298571 0.9983183769 0.9970068967 0.9956954165 0.9943839363 0.9971919682 1 
1.247191641 1.239485687 1.231779733 1.224073779 1.216367825 1.209849846 1.205945415 1.202040983 1.198059311 1.193536952 1.189014593 1.184492234 1.178245533 1.171883875 1.165522217 1.159160559 1.153294507 1.148915276 1.144536045 1.140065505 1.134225333 1.128385162 1.12254499 1.116704818 1.111164837 1.106125173 1.10108551 1.096045846 1.091006182 1.086866821 1.083136689 1.079406557 1.075831637 1.072411928 1.068992219 1.065265901 1.060865042 1.056464182 1.052063323 1.047662464 1.043697234 1.039993381 1.036289528 1.032585675 1.028881822 1.026171939 1.02352832 1.020884701 1.018852801 1.017024807 1.015196812 1.012333053 1.008663697 1.004994342 1.001324987 0.9976556313 0.9960494167 0.9947379365 0.9934264564 0.9921149762 0.9915759045 0.9943839363 0.9971919682 1 
1.227700548 1.219994594 1.21228864 1.204582686 1.198777493 1.194873062 1.19096863 1.187064199 1.183082526 1.178560167 1.174037809 1.16951545 1.164993091 1.159091258 1.1527296 1.146367942 1.140501891 1.13612266 1.131743428 1.127364197 1.122984966 1.117327412 1.11148724 1.105647068 1.100107087 1.095067423 1.09002776 1.084988096 1.081094272 1.07736414 1.073634008 1.069903876 1.066328955 1.062909247 1.059489538 1.056069829 1.052527477 1.048126617 1.043725758 1.039324899 1.035359669 1.031655816 1.027951963 1.024380639 1.02173702 1.019093402 1.016449783 1.013806164 1.011774264 1.00994627 1.008118275 1.006290281 1.003771777 1.000102421 0.9964330661 0.9927637108 0.9911574962 0.989846016 0.9885345358 0.9887678727 0.9915759045 0.9943839363 0.9971919682 1 
1.208209456 1.200503502 1.192797548 1.18770514 1.183800709 1.179896277 1.175991846 1.172087414 1.168105741 1.163583383 1.159061024 1.154538665 1.150016307 1.145493948 1.139936983 1.133575325 1.127709274 1.123330043 1.118950812 1.11457158 1.110192349 1.105813118 1.10042949 1.094589318 1.089049337 1.084009673 1.079051855 1.075321723 1.071591591 1.067861459 1.064131327 1.060401195 1.056826274 1.053406565 1.049986857 1.046567148 1.043147439 1.039727731 1.035388193 1.030987334 1.027022104 1.023318251 1.019945721 1.017302102 1.014658483 1.012014865 1.009371246 1.006727627 1.004695727 1.002867733 1.001039739 0.9992117444 0.9973837502 0.9952105009 0.9915411456 0.9878717903 0.9862655757 0.9849540955 0.9859598408 0.9887678727 0.9915759045 0.9943839363 0.9971919682 1 
1.188718363 1.181012409 1.176632787 1.172728356 1.168823924 1.164919493 1.161015061 1.157110629 1.153128957 1.148606598 1.14408424 1.139561881 1.135039522 1.130517163 1.125994805 1.120782709 1.114916657 1.110537426 1.106158195 1.101778964 1.097399732 1.093020501 1.08864127 1.083531568 1.077991587 1.073279306 1.069549174 1.065819042 1.06208891 1.058358778 1.054628646 1.050898513 1.047323593 1.043903884 1.040484176 1.037064467 1.033644758 1.030225049 1.026805341 1.022649769 1.018684539 1.015510803 1.012867184 1.010223565 1.007579947 1.004936328 1.002292709 0.9996490902 0.9976171899 0.9957891958 0.9939612016 0.9921332075 0.9903052133 0.9884772192 0.986649225 0.9829798697 0.9813736551 0.983151809 0.9859598408 0.9887678727 0.9915759045 0.9943839363 0.9971919682 1 
1.170970264 1.166693296 1.162788865 1.158884433 1.154980001 1.15107557 1.147171138 1.143266707 1.139285034 1.134762675 1.130240317 1.125717958 1.121195599 1.116673241 1.112150882 1.107628523 1.103004159 1.098624928 1.094245696 1.089866465 1.085487234 1.081108002 1.076728771 1.07234954 1.068140905 1.064410773 1.060680641 1.056950509 1.053220377 1.049490244 1.045760112 1.04202998 1.03845506 1.035035351 1.031615642 1.028195934 1.024776225 1.021356516 1.017936807 1.014517099 1.011483554 1.008839935 1.006196316 1.003552697 1.000909078 0.9982654597 0.9956218409 0.9929782221 0.9909463218 0.9891183277 0.9872903335 0.9854623394 0.9836343452 0.9818063511 0.979978357 0.9781503628 0.9803437771 0.983151809 0.9859598408 0.9887678727 0.9915759045 0.9943839363 0.9971919682 1 
1.184596033 1.177711315 1.170826597 1.165432022 1.16152759 1.157623159 1.153718727 1.149814295 1.145832623 1.141310264 1.136787905 1.132265547 1.127743188 1.123220829 1.117871746 1.112247088 1.106933786 1.102554555 1.098175324 1.093796093 1.089416861 1.08503763 1.080303562 1.075518804 1.071063156 1.067156026 1.063248896 1.059496639 1.055766507 1.052036375 1.048306242 1.04457611 1.04100119 1.037581481 1.034161772 1.030742064 1.027322355 1.023877348 1.020255249 1.016633151 1.013254633 1.010022263 1.006863487 1.004219868 1.001576249 0.9989326306 0.9962890118 0.993645393 0.9916134927 0.9897854986 0.9879575045 0.9861295103 0.9843015162 0.9825985394 0.9811039248 0.9796093102 0.9813420043 0.9835357425 0.9859598408 0.9887678727 0.9915759045 0.9943839363 0.9971919682 1 
1.198221802 1.191337084 1.184452366 1.177567648 1.17068293 1.164170747 1.160266316 1.156361884 1.152380212 1.147857853 1.143335494 1.138675348 1.13305069 1.127426032 1.121801374 1.116176716 1.110863414 1.106484183 1.102104952 1.097624338 1.09283958 1.088054821 1.083270062 1.078485304 1.074029656 1.070122526 1.066215396 1.062308266 1.058401136 1.054582505 1.050852373 1.047122241 1.04354732 1.040127611 1.036707903 1.033186999 1.029564901 1.025942803 1.022320705 1.018698607 1.015320089 1.012087719 1.008855348 1.005622978 1.002390608 0.9995998015 0.9969561828 0.994312564 0.9922806637 0.9904526695 0.9886246754 0.9870467159 0.9855521013 0.9840574867 0.9825628721 0.9810682575 0.9828009516 0.9849946899 0.9871884281 0.9893821663 0.9915759045 0.9943839363 0.9971919682 1 
1.211847571 1.204962853 1.198078135 1.191193417 1.184308699 1.177423981 1.170539263 1.163654545 1.1589278 1.153854292 1.148229634 1.142604976 1.136980318 1.131355659 1.125731001 1.120106343 1.114793042 1.110160356 1.105375597 1.100590838 1.09580608 1.091021321 1.086236562 1.081451803 1.076996156 1.073089026 1.069181896 1.065274766 1.061367636 1.057460506 1.053553376 1.049668371 1.04609345 1.042496651 1.038874553 1.035252455 1.031630357 1.028008258 1.02438616 1.020764062 1.017385544 1.014153174 1.010920804 1.007688434 1.004456064 1.001223693 0.9979913233 0.9949797349 0.9929895071 0.9914948925 0.9900002779 0.9885056633 0.9870110487 0.9855164341 0.9840218195 0.9825272049 0.984259899 0.9864536372 0.9886473754 0.9908411136 0.9930348518 0.9952285901 0.9974223283 1 
1.215811983 1.208927265 1.202042547 1.195157829 1.188273111 1.181388393 1.174503675 1.168343325 1.162373606 1.157013937 1.151554897 1.145930239 1.140305581 1.134680923 1.129056265 1.123431607 1.118023372 1.113264408 1.108492546 1.103707787 1.098923029 1.09413827 1.089353511 1.084568752 1.080113104 1.076205975 1.072298845 1.068391715 1.064484585 1.060577455 1.056553551 1.052179326 1.04824456 1.044749253 1.041158853 1.037536755 1.033914657 1.030292558 1.02667046 1.023048362 1.01974854 1.016642082 1.013425451 1.010193081 1.006960711 1.003728341 1.000495971 0.9972636006 0.9953345471 0.9938399325 0.9923453179 0.9908507033 0.9893560887 0.9878614741 0.9862689612 0.9846177093 0.9854873281 0.9868375707 0.9890313089 0.9912250472 0.9934187854 0.9956125236 0.9978062618 1 
1.216325911 1.209441193 1.202556474 1.195671756 1.188994001 1.182937132 1.176880263 1.170823394 1.164853675 1.159494007 1.154134338 1.148774669 1.143415 1.137790342 1.132165684 1.126541026 1.121132791 1.116373827 1.111614862 1.106855898 1.102093709 1.097308951 1.092524192 1.087739433 1.083283785 1.079376655 1.075469525 1.071562395 1.067363331 1.062989106 1.058614882 1.054240657 1.050305891 1.046810584 1.043315276 1.039819969 1.036277115 1.032655017 1.029032919 1.025410821 1.022110998 1.019004541 1.015898084 1.012791626 1.009622213 1.006389843 1.003157472 0.9999251023 0.9979960488 0.9965014342 0.9950068196 0.993512205 0.9918609531 0.9902097012 0.9885584493 0.9869071974 0.9877768162 0.9890065594 0.9902363027 0.9914660459 0.9934187854 0.9956125236 0.9978062618 1 
1.216839838 1.20995512 1.203587808 1.197530939 1.19147407 1.185417201 1.179360333 1.173303464 1.167333745 1.161974076 1.156614407 1.151254739 1.14589507 1.140535401 1.135175732 1.129650445 1.12424221 1.119483246 1.114724282 1.109965317 1.105206353 1.100447388 1.095688424 1.090910114 1.086454466 1.082547336 1.078173111 1.073798886 1.069424661 1.065050437 1.060676212 1.056301987 1.052367221 1.048871914 1.045376607 1.041881299 1.038385992 1.034890685 1.031395378 1.02777328 1.024473457 1.021367 1.018260543 1.015154085 1.012047628 1.008941171 1.005818974 1.002586604 1.000657551 0.9991041969 0.997452945 0.9958016931 0.9941504412 0.9924991893 0.9908479374 0.9891966855 0.9900663043 0.9912960475 0.9925257908 0.993755534 0.9949852772 0.9962150204 0.9978062618 1 
1.215060467 1.209139289 1.20308242 1.197025552 1.190968683 1.184911814 1.178854945 1.172798076 1.166845497 1.161537246 1.156177577 1.150817908 1.145458239 1.140098571 1.134738902 1.129379233 1.12416974 1.119410776 1.114651812 1.109892847 1.105133883 1.100374918 1.095615954 1.09085699 1.086428122 1.082082289 1.077708064 1.073333839 1.068959614 1.064585389 1.060211164 1.05583694 1.051902174 1.048406866 1.044911559 1.041416252 1.037920945 1.034425638 1.030930331 1.027430114 1.024163111 1.021056654 1.017950196 1.014843739 1.011737282 1.008630824 1.005524367 1.00245424 1.000698725 0.999047473 0.9973962211 0.9957449692 0.9940937173 0.9924424654 0.9907912135 0.9891399616 0.9900095804 0.9912393236 0.9924690669 0.9936988101 0.9949285533 0.9961582966 0.9973880398 1 
1.210127809 1.204342323 1.19847203 1.192415161 1.186358292 1.180301424 1.174244555 1.168187686 1.162235106 1.157012551 1.151730009 1.14637034 1.141010672 1.135651003 1.130291334 1.124931665 1.119722173 1.114963208 1.110204244 1.105445279 1.100686315 1.095927351 1.091180967 1.086623293 1.082219587 1.078072493 1.073769247 1.069395022 1.065020797 1.060646572 1.056272348 1.051898123 1.047963357 1.04446805 1.040972742 1.037477435 1.033982128 1.030486821 1.026979241 1.023444661 1.020177658 1.0170712 1.013964743 1.010858286 1.007751828 1.004645371 1.001602491 0.9986413547 0.9969974441 0.9957647077 0.9941134558 0.9924622039 0.990810952 0.9891597001 0.9875084482 0.9858571963 0.9867268151 0.9879565583 0.9891863015 0.9904160448 0.991645788 0.9928755312 0.9960058228 1 
1.205195151 1.199409665 1.19362418 1.187804771 1.181747902 1.175691033 1.169634164 1.163577295 1.157624716 1.152402161 1.147179606 1.141922773 1.136563104 1.131203435 1.125843766 1.120484098 1.115274605 1.11051564 1.105756676 1.100997712 1.096238747 1.091530105 1.086972432 1.082414758 1.078011052 1.073863958 1.069716865 1.065456205 1.061081981 1.056707756 1.052333531 1.047959306 1.04402454 1.040529233 1.037033926 1.033538619 1.030043311 1.026528368 1.022993788 1.019459208 1.016192204 1.013085747 1.00997929 1.006872832 1.003766375 1.000750743 0.9977896064 0.9948284697 0.993184559 0.9919797237 0.9907748884 0.9891794386 0.9875281867 0.9858769347 0.9842256828 0.9825744309 0.9834440498 0.984673793 0.9859035362 0.9871332794 0.9883630227 0.9920116456 0.9960058228 1 
1.200262494 1.194477008 1.188691522 1.182906036 1.17712055 1.171080643 1.165023774 1.158966905 1.153014325 1.147791771 1.142569216 1.137346661 1.132115536 1.126755867 1.121396199 1.11603653 1.110827037 1.106068073 1.101309108 1.096550144 1.091879244 1.08732157 1.082763897 1.078206223 1.073802517 1.069655423 1.065508329 1.061361236 1.057143164 1.052768939 1.048394714 1.044020489 1.040085723 1.036590416 1.033095109 1.029599802 1.026077494 1.022542914 1.019008334 1.015473754 1.012206751 1.009100294 1.005993836 1.002887379 0.9998989947 0.9969378581 0.9939767214 0.9910155847 0.989371674 0.9881668387 0.9869620034 0.9857571681 0.9842454213 0.9825941694 0.9809429175 0.9792916656 0.9801612844 0.9813910277 0.9826207709 0.9840232912 0.9880174684 0.9920116456 0.9960058228 1 
1.195329836 1.18954435 1.183758864 1.177973378 1.172187892 1.166402407 1.160413383 1.154356515 1.148403935 1.14318138 1.137958825 1.13273627 1.127513715 1.12229116 1.116948631 1.111588962 1.106379469 1.101620505 1.096861541 1.092228383 1.087670709 1.083113035 1.078555361 1.073997688 1.069593982 1.065446888 1.061299794 1.057152701 1.053005607 1.048830122 1.044455897 1.040081673 1.036146907 1.032651599 1.029156292 1.025626621 1.022092041 1.018557461 1.015022881 1.011488301 1.008221298 1.00511484 1.002008383 0.9990472464 0.9960861097 0.993124973 0.9901638363 0.9872026996 0.985558789 0.9843539537 0.9831491183 0.981944283 0.9807394477 0.9793114041 0.9776601522 0.9760089003 0.9768785191 0.9781082623 0.9800291141 0.9840232912 0.9880174684 0.9920116456 0.9960058228 1 
1.190397178 1.184611692 1.178826207 1.173040721 1.167255235 1.161469749 1.155684263 1.149746124 1.143793545 1.13857099 1.133348435 1.12812588 1.122903325 1.11768077 1.112458215 1.107141394 1.101931902 1.097172937 1.092577521 1.088019848 1.083462174 1.0789045 1.074346826 1.069789153 1.065385446 1.061238353 1.057091259 1.052944166 1.048797072 1.044649978 1.040502885 1.036142856 1.03220809 1.028710328 1.025175748 1.021641168 1.018106588 1.014572008 1.011037428 1.007502848 1.004235844 1.001156635 0.9981954981 0.9952343614 0.9922732247 0.989312088 0.9863509513 0.9833898146 0.981745904 0.9805410686 0.9793362333 0.978131398 0.9769265627 0.9757217274 0.9743773869 0.9727261349 0.9735957538 0.9760349369 0.9800291141 0.9840232912 0.9880174684 0.9920116456 0.9960058228 1 
1.185464521 1.179679035 1.173893549 1.168108063 1.162322577 1.156537091 1.150751605 1.144966119 1.139183154 1.133960599 1.128738044 1.123515489 1.118292934 1.113070379 1.107847825 1.10262527 1.097484334 1.09292666 1.088368986 1.083811313 1.079253639 1.074695965 1.070138291 1.065580617 1.061176911 1.057029818 1.052882724 1.048735631 1.044588537 1.040441443 1.03629435 1.032147256 1.028259455 1.024724875 1.021190295 1.017655715 1.014121135 1.010586555 1.007051975 1.003517395 1.000304886 0.9973437497 0.994382613 0.9914214764 0.9884603397 0.985499203 0.9825380663 0.9795769296 0.9779330189 0.9767281836 0.9755233483 0.974318513 0.9731136776 0.9719088423 0.970704007 0.9694433696 0.9720407597 0.9760349369 0.9800291141 0.9840232912 0.9880174684 0.9920116456 0.9960058228 1 
1.189584589 1.18321068 1.177425194 1.171639708 1.165854222 1.160068736 1.15428325 1.148497764 1.142782645 1.13756009 1.132337535 1.12711498 1.121892425 1.11666987 1.111447315 1.106222681 1.101211125 1.096799465 1.092241791 1.087684117 1.083126444 1.07856877 1.074011096 1.069453422 1.065002916 1.060785622 1.056638529 1.052491435 1.048344342 1.044197248 1.040050155 1.035903061 1.032062224 1.028527644 1.024993064 1.021458484 1.017923904 1.014389324 1.010854744 1.006538059 1.002468913 0.9993219939 0.9963608572 0.9933997205 0.9904385839 0.9874774472 0.9845163105 0.9815551738 0.9799112631 0.9787064278 0.9775015925 0.9762967572 0.9750919218 0.9738870865 0.9726822512 0.9712505505 0.9722087056 0.9760349369 0.9800291141 0.9840232912 0.9880174684 0.9920116456 0.9960058228 1 
1.196118718 1.18970558 1.183292443 1.177428501 1.171643015 1.165857529 1.160072043 1.154286557 1.148571437 1.143348883 1.138126328 1.132903773 1.127681218 1.122458663 1.117231949 1.111998304 1.106986748 1.102641458 1.09826962 1.093711946 1.089154272 1.084596599 1.080038925 1.075481251 1.071030745 1.066758851 1.062518158 1.058371064 1.05422397 1.050076877 1.045929783 1.04178269 1.037941853 1.034407273 1.030872693 1.027338113 1.023803533 1.020268953 1.015691566 1.010766576 1.00669743 1.003141791 0.9998834026 0.9969222659 0.9939611292 0.9909999925 0.9880388558 0.9850777191 0.9834338084 0.9822289731 0.9810241378 0.9798193025 0.9786144672 0.9774096318 0.9759255775 0.9744415232 0.9753996784 0.9767067206 0.9800291141 0.9840232912 0.9880174684 0.9920116456 0.9960058228 1 
1.202652846 1.196239709 1.189826571 1.183413434 1.177431807 1.171646321 1.165860835 1.16007535 1.15436023 1.149137675 1.14391512 1.138692565 1.13347001 1.128241217 1.123007572 1.117773927 1.112762371 1.108417081 1.104071791 1.099726501 1.095182101 1.090624428 1.086066754 1.08150908 1.077058574 1.07278668 1.068514786 1.064250693 1.060103599 1.055956506 1.051809412 1.047662318 1.043821482 1.040286902 1.036752322 1.033217742 1.029683161 1.024845073 1.019920083 1.014995094 1.010925948 1.007370308 1.003814669 1.000444811 0.9974836745 0.9945225378 0.9915614011 0.9886002644 0.9869563537 0.9857515184 0.9845466831 0.9833418478 0.9820846589 0.9806006046 0.9791165503 0.977632496 0.9785906512 0.9798976934 0.9812047356 0.9840232912 0.9880174684 0.9920116456 0.9960058228 1 
1.209186975 1.202773837 1.1963607 1.189947563 1.183534425 1.177435114 1.171649628 1.165864142 1.160149023 1.154926468 1.149703913 1.144481358 1.139250485 1.13401684 1.128783195 1.12354955 1.118537993 1.114192704 1.109847414 1.105502124 1.101156834 1.096652256 1.092094583 1.087536909 1.083086403 1.078814509 1.074542615 1.070270722 1.065998828 1.061836134 1.057689041 1.053541947 1.04970111 1.04616653 1.04263195 1.038923569 1.03399858 1.02907359 1.024148601 1.019223612 1.015154466 1.011598826 1.008043186 1.004487547 1.00100622 0.9980450831 0.9950839464 0.9921228097 0.9904788991 0.9892740637 0.9880692284 0.986759686 0.9852756317 0.9837915774 0.9823075231 0.9808234688 0.981781624 0.9830886662 0.9843957084 0.9857027506 0.9880174684 0.9920116456 0.9960058228 1 
1.215721103 1.209307966 1.202894829 1.196481691 1.190068554 1.183655417 1.17743842 1.171652935 1.165937815 1.16071526 1.155492705 1.150259753 1.145026108 1.139792463 1.134558818 1.129325173 1.124313616 1.119968327 1.115623037 1.111277747 1.106932457 1.102587167 1.098122411 1.093564738 1.089114231 1.084842338 1.080570444 1.07629855 1.072026657 1.067754763 1.06356867 1.059421576 1.055580739 1.052046159 1.048077076 1.043152087 1.038227097 1.033302108 1.028377119 1.023452129 1.019382983 1.015827344 1.012271704 1.008716064 1.005160425 1.001604785 0.9986064917 0.995645355 0.9940014444 0.9927966091 0.9914347131 0.9899506588 0.9884666045 0.9869825502 0.9854984959 0.9840144416 0.9849725967 0.986279639 0.9875866812 0.9888937234 0.9902007656 0.9920116456 0.9960058228 1 
1.222255232 1.215842095 1.209428957 1.20301582 1.196602683 1.190189545 1.183776408 1.177441727 1.171726608 1.166502666 1.161269021 1.156035376 1.150801731 1.145568086 1.140334441 1.135100796 1.130089239 1.125743949 1.12139866 1.11705337 1.11270808 1.10836279 1.1040175 1.099592566 1.09514206 1.090870167 1.086598273 1.082326379 1.078054486 1.073782592 1.069510698 1.065301205 1.061460368 1.057230583 1.052305594 1.047380604 1.042455615 1.037530626 1.032605636 1.027680647 1.023611501 1.020055861 1.016500222 1.012944582 1.009388942 1.005833303 1.002277663 0.9991679004 0.9975239897 0.9961097401 0.9946256859 0.9931416316 0.9916575773 0.990173523 0.9886894687 0.9872054144 0.9881635695 0.9894706117 0.990777654 0.9920846962 0.9933917384 0.9946987806 0.9960058228 1 
1.227429489 1.221016352 1.214603215 1.208190077 1.20177694 1.195363803 1.188950665 1.182537528 1.17634526 1.171111615 1.16587797 1.160644324 1.155410679 1.150177034 1.144943389 1.139709744 1.134691568 1.130346278 1.126000989 1.121655699 1.117310409 1.112965119 1.108619829 1.104274539 1.099956773 1.095684879 1.091412986 1.087141092 1.082869198 1.078597305 1.074325411 1.070053517 1.065595841 1.060670852 1.055745863 1.050820873 1.045895884 1.040970895 1.036045905 1.031120916 1.02705177 1.02349613 1.019940491 1.016384851 1.012829211 1.009273571 1.005717932 1.002162292 1.000168677 0.9986846228 0.9972005686 0.9957165143 0.99423246 0.9927484057 0.9912643514 0.9897802971 0.9908507045 0.9921577467 0.9934647889 0.9947718311 0.9960788734 0.9973859156 0.9986929578 1 
1.225351099 1.218937962 1.212524825 1.206111687 1.19969855 1.193285413 1.186872275 1.180459138 1.174530889 1.169498299 1.164264654 1.159031008 1.153797363 1.148563718 1.143330073 1.138096428 1.13306722 1.128691039 1.12434575 1.12000046 1.11565517 1.11130988 1.10696459 1.1026193 1.098301534 1.09402964 1.089757747 1.085485853 1.081213959 1.076942066 1.072670172 1.068462737 1.064615045 1.059907128 1.054982139 1.050057149 1.04513216 1.04020717 1.035282181 1.030357192 1.026288046 1.022732406 1.019176766 1.015621127 1.012065487 1.008509847 1.004954208 1.001437468 0.9994577461 0.9979736918 0.9964896375 0.9950055832 0.9935215289 0.9920374746 0.9905534203 0.9889850498 0.9908507045 0.9921577467 0.9934647889 0.9947718311 0.9960788734 0.9973859156 0.9986929578 1 
1.223272709 1.216859572 1.210446435 1.204033298 1.19762016 1.191207023 1.184793886 1.17855375 1.172705349 1.167829134 1.162651338 1.157417692 1.152184047 1.146950402 1.141716757 1.136483112 1.131453904 1.127038007 1.122690511 1.118345221 1.113999931 1.109654641 1.105309351 1.100964061 1.096646295 1.092374401 1.088102508 1.083830614 1.07955872 1.075286827 1.071014933 1.067011616 1.063163923 1.059143404 1.054218414 1.049293425 1.044368436 1.039443446 1.034518457 1.029593467 1.025524322 1.021968682 1.018413042 1.014857403 1.011301763 1.007746123 1.004193262 1.000726537 0.998746815 0.9972627607 0.9957787064 0.9942946521 0.9928105978 0.9913265435 0.989819068 0.9881851183 0.9903033829 0.9921577467 0.9934647889 0.9947718311 0.9960788734 0.9973859156 0.9986929578 1 
1.22119432 1.214781182 1.208368045 1.201954908 1.19554177 1.189128633 1.182715496 1.17672821 1.170879808 1.166003594 1.161038022 1.155804376 1.150570731 1.145337086 1.140103441 1.134869796 1.129840588 1.125424691 1.121035272 1.116689982 1.112344692 1.107999402 1.103654112 1.099308822 1.094991056 1.090719162 1.086447269 1.082175375 1.077903482 1.073631588 1.069488611 1.065560494 1.061712802 1.057945534 1.05345469 1.048529701 1.043604711 1.038679722 1.033754733 1.028829743 1.024760597 1.021204958 1.017649318 1.014093678 1.010538039 1.006982399 1.003482331 1.000015606 0.9980358839 0.9965518296 0.9950677753 0.993583721 0.9920996667 0.9906156124 0.9890191365 0.9873851867 0.9895034514 0.9921577467 0.9934647889 0.9947718311 0.9960788734 0.9973859156 0.9986929578 1 
1.21911593 1.212702792 1.206289655 1.199876518 1.19346338 1.187050243 1.180889955 1.17490267 1.169054268 1.164178053 1.159301839 1.15419106 1.148957415 1.14372377 1.138490125 1.13325648 1.128227272 1.123811375 1.119395478 1.115034743 1.110689453 1.106344163 1.101998873 1.097653583 1.093335817 1.089063923 1.08479203 1.080520136 1.076248243 1.071976349 1.06803749 1.064109373 1.060261681 1.056494413 1.052690966 1.047765977 1.042840987 1.037915998 1.032991008 1.028066019 1.023996873 1.020441234 1.016885594 1.013329954 1.009774314 1.006238125 1.0027714 0.9993046748 0.9973249528 0.9958408985 0.9943568442 0.9928727899 0.9913887356 0.9898531548 0.988219205 0.9865852552 0.9887035199 0.9913578152 0.9934647889 0.9947718311 0.9960788734 0.9973859156 0.9986929578 1 
1.21703754 1.210624403 1.204211265 1.197798128 1.191384991 1.1850517 1.179064415 1.173077129 1.167228727 1.162352513 1.157476298 1.152577744 1.147344099 1.142110454 1.136876809 1.131643164 1.126613956 1.122198059 1.117782162 1.113379504 1.109034214 1.104688924 1.100343634 1.095998344 1.091680578 1.087408685 1.083136791 1.078864897 1.074593004 1.070514485 1.066586368 1.062658252 1.05881056 1.055043292 1.051276024 1.047002252 1.042077263 1.037152274 1.032227284 1.027302295 1.023233149 1.019677509 1.01612187 1.01256623 1.00901059 1.005527194 1.002060469 0.9985937437 0.9966140217 0.9951299674 0.9936459131 0.9921618588 0.9906778046 0.9890532232 0.9874192735 0.9857853237 0.9879035883 0.9905578837 0.993212179 0.9947718311 0.9960788734 0.9973859156 0.9986929578 1 
1.21495915 1.208546013 1.202132875 1.195719738 1.189306601 1.18322616 1.177238874 1.171251589 1.165403187 1.160526972 1.155650758 1.150774543 1.145730783 1.140497138 1.135263493 1.130029848 1.12500064 1.120584743 1.116168846 1.111752949 1.107378975 1.103033685 1.098688395 1.094343105 1.090025339 1.085753446 1.081481552 1.077209658 1.07299148 1.069063363 1.065135247 1.061207131 1.057359439 1.053592171 1.049824903 1.046057634 1.041313539 1.03638855 1.03146356 1.026538571 1.022469425 1.018913785 1.015358146 1.011802506 1.008282988 1.004816263 1.001349538 0.9978828126 0.9959030907 0.9944190364 0.9929349821 0.9914509278 0.9898872415 0.9882532917 0.9866193419 0.9849853921 0.9871036568 0.9897579521 0.9924122474 0.9947718311 0.9960788734 0.9973859156 0.9986929578 1 
1.21288076 1.206467623 1.200054486 1.193641348 1.187387905 1.18140062 1.175413334 1.169426048 1.163577646 1.158701432 1.153825217 1.148949003 1.144072788 1.138883822 1.133650177 1.128416532 1.123387324 1.118971427 1.11455553 1.110139633 1.105723736 1.101378446 1.097033156 1.092687866 1.0883701 1.084098207 1.079826313 1.075554419 1.071540359 1.067612242 1.063684126 1.05975601 1.055908318 1.052141049 1.048373781 1.044606513 1.040549815 1.035624825 1.030699836 1.025774847 1.021705701 1.018150061 1.014594421 1.011038782 1.007572057 1.004105332 1.000638607 0.9971718816 0.9951921596 0.9937081053 0.992224051 0.9907212598 0.98908731 0.9874533602 0.9858194104 0.9841854606 0.9863037253 0.9889580206 0.9916123159 0.9942666112 0.9960788734 0.9973859156 0.9986929578 1 
1.21080237 1.204389233 1.197976096 1.191562958 1.185562365 1.179575079 1.173587793 1.167600508 1.161752106 1.156875891 1.151999677 1.147123462 1.142247248 1.137270506 1.132036861 1.126803216 1.121774008 1.117358111 1.112942214 1.108526317 1.10411042 1.099723207 1.095377917 1.091032627 1.086714861 1.082442968 1.078171074 1.074017354 1.070089237 1.066161121 1.062233005 1.058304889 1.054457196 1.050689928 1.04692266 1.043155392 1.039388124 1.034861101 1.029936112 1.025011122 1.020941977 1.017386337 1.013830697 1.010327851 1.006861126 1.003394401 0.9999276755 0.9964609505 0.9944812285 0.9929971742 0.9915131199 0.9899213282 0.9882873784 0.9866534287 0.9850194789 0.9833855291 0.9855037938 0.9881580891 0.9908123844 0.9934666797 0.9960788734 0.9973859156 0.9986929578 1 
1.20872398 1.202310843 1.195897706 1.18972411 1.183736824 1.177749539 1.171762253 1.165774967 1.159926566 1.155050351 1.150174137 1.145297922 1.140421707 1.135545493 1.130423545 1.1251899 1.120160692 1.115744795 1.111328898 1.106913001 1.102497104 1.098081207 1.093722678 1.089377388 1.085059622 1.080787729 1.076515835 1.072566233 1.068638116 1.06471 1.060781884 1.056853767 1.053006075 1.049238807 1.045471539 1.041704271 1.037937003 1.034097377 1.029172388 1.024247398 1.020178252 1.016622613 1.013083645 1.00961692 1.006150195 1.002683469 0.9992167444 0.9957500194 0.9937702974 0.9922862431 0.9907553465 0.9891213967 0.9874874469 0.9858534971 0.9842195473 0.9825855976 0.9847038622 0.9873581575 0.9900124529 0.9926667482 0.9953210435 0.9973859156 0.9986929578 1 
1.206645591 1.200232453 1.193885855 1.18789857 1.181911284 1.175923998 1.169936713 1.163949427 1.158101025 1.153224811 1.148348596 1.143472382 1.138596167 1.133719952 1.128810229 1.123576584 1.118547376 1.114131479 1.109715582 1.105299685 1.100883788 1.096467891 1.092067439 1.08772215 1.083404383 1.07913249 1.075043228 1.071115111 1.067186995 1.063258879 1.059330763 1.055402646 1.051554954 1.047787686 1.044020418 1.04025315 1.036485882 1.032718614 1.028408664 1.023483674 1.019414528 1.015858889 1.012372714 1.008905988 1.005439263 1.001972538 0.9985058133 0.9950390883 0.9930593663 0.991575312 0.989955415 0.9883214652 0.9866875154 0.9850535656 0.9834196158 0.981785666 0.9839039307 0.986558226 0.9892125213 0.9918668166 0.994521112 0.9971754073 0.9986929578 1 
1.204567201 1.198154063 1.192060315 1.186073029 1.180085744 1.174098458 1.168111172 1.162123886 1.156275485 1.15139927 1.146523056 1.141646841 1.136770627 1.131894412 1.127018198 1.121963268 1.11693406 1.112518163 1.108102266 1.103686369 1.099270472 1.094854575 1.090438678 1.086066911 1.081749144 1.077520223 1.073592106 1.06966399 1.065735874 1.061807758 1.057879641 1.053951525 1.050103833 1.046336565 1.042569297 1.038802029 1.03503476 1.031267492 1.027500224 1.02271995 1.018650804 1.015128507 1.011661782 1.008195057 1.004728332 1.001261607 0.9977948823 0.9943281572 0.9923484352 0.9907894332 0.9891554834 0.9875215336 0.9858875839 0.9842536341 0.9826196843 0.9809857345 0.9831039992 0.9857582945 0.9884125898 0.9910668851 0.9937211804 0.9963754757 0.9986929578 1 
1.202488811 1.19622206 1.190234774 1.184247489 1.178260203 1.172272917 1.166285632 1.160298346 1.154449944 1.14957373 1.144697515 1.139821301 1.134945086 1.130068872 1.125192657 1.120316443 1.115320744 1.110904847 1.10648895 1.102073053 1.097657156 1.093241259 1.088825362 1.084411672 1.080093905 1.076069102 1.072140985 1.068212869 1.064284753 1.060356637 1.05642852 1.052500404 1.048652712 1.044885444 1.041118176 1.037350907 1.033583639 1.029816371 1.026049103 1.021956226 1.01788708 1.014417576 1.010950851 1.007484126 1.004017401 1.000550676 0.9970839512 0.9936172261 0.9916234515 0.9899895017 0.9883555519 0.9867216021 0.9850876523 0.9834537025 0.9818197528 0.980185803 0.9823040677 0.984958363 0.9876126583 0.9902669536 0.9929212489 0.9955755442 0.9982298395 1 
1.200410421 1.19439652 1.188409234 1.182421948 1.176434663 1.170447377 1.164460091 1.158472806 1.152624404 1.147748189 1.142871975 1.13799576 1.133119546 1.128243331 1.123367117 1.118490902 1.113707428 1.109291531 1.104875634 1.100459737 1.09604384 1.091627943 1.087212046 1.082796149 1.078546097 1.07461798 1.070689864 1.066761748 1.062833632 1.058905515 1.054977399 1.051049283 1.047201591 1.043434323 1.039667054 1.035899786 1.032132518 1.02836525 1.024597982 1.020830714 1.01717337 1.013706645 1.01023992 1.006773195 1.00330647 0.9998397451 0.9963730201 0.9929062951 0.9908235199 0.9891895702 0.9875556204 0.9859216706 0.9842877208 0.982653771 0.9810198212 0.9793858715 0.9815041361 0.9841584314 0.9868127268 0.9894670221 0.9921213174 0.9947756127 0.997429908 1 
1.202297295 1.195965029 1.189977743 1.183990457 1.178003172 1.172015886 1.1660286 1.160041315 1.154192913 1.149316698 1.144440484 1.139564269 1.134688055 1.12981184 1.124935626 1.120059411 1.115113039 1.110697142 1.106281245 1.101865348 1.097449451 1.093033554 1.088617657 1.08420176 1.079636029 1.075707913 1.071779797 1.06785168 1.063923564 1.059995448 1.056067332 1.052139215 1.048291523 1.044524255 1.040756987 1.036989719 1.033222451 1.029455183 1.025687914 1.021920646 1.018544042 1.015077317 1.011610591 1.008143866 1.004677141 1.001210416 0.9977436913 0.9942769663 0.9918761207 0.9902421709 0.9886082211 0.9869742713 0.9853403215 0.9837063718 0.982072422 0.9804384722 0.9825567369 0.9852110322 0.9878653275 0.9905196228 0.9931739181 0.9958282134 0.9984825087 1 
1.204650671 1.197932838 1.191945552 1.185958267 1.179970981 1.173983695 1.167996409 1.162009124 1.156160722 1.151284507 1.146408293 1.141532078 1.136655864 1.131779649 1.126903435 1.12202722 1.116873817 1.11245792 1.108042023 1.103626127 1.09921023 1.094794333 1.090378436 1.08588055 1.081131268 1.077096793 1.073168677 1.069240561 1.065312444 1.061384328 1.057456212 1.053528095 1.049680403 1.045913135 1.042145867 1.038378599 1.034611331 1.030844063 1.027076795 1.023415908 1.020123483 1.016692882 1.013226157 1.009759432 1.006292707 1.002825982 0.9993592569 0.9958925319 0.9931466664 0.9915127166 0.9898787668 0.988244817 0.9866108673 0.9849769175 0.9833429677 0.9817090179 0.9838272826 0.9864815779 0.9891358732 0.9917901685 0.9944444638 0.9970987591 0.9997530545 1 
1.207004047 1.200042698 1.193913361 1.187926076 1.18193879 1.175951504 1.169964219 1.163976933 1.158128531 1.153252317 1.148376102 1.143499887 1.138623673 1.133747458 1.128871244 1.123787999 1.118634596 1.114218699 1.109802802 1.105386905 1.100971008 1.096555111 1.092139215 1.087381697 1.082632415 1.078485673 1.074557557 1.070629441 1.066701324 1.062773208 1.058845092 1.054916976 1.051069283 1.047302015 1.043534747 1.039767479 1.036000211 1.032232943 1.028465675 1.024917081 1.021624655 1.018308448 1.014841723 1.011374998 1.007908273 1.004441548 1.000974823 0.9975080975 0.994762232 0.9927832623 0.9911493125 0.9895153628 0.987881413 0.9862474632 0.9846135134 0.9829795636 0.9850978283 0.9877521236 0.9904064189 0.9930607142 0.9957150095 0.9983693049 1.000555504 1 
1.209357423 1.202396074 1.19588117 1.189893885 1.183906599 1.177919313 1.171932028 1.165944742 1.16009634 1.155220126 1.150343911 1.145467697 1.140591482 1.135715268 1.130839053 1.125548778 1.120395375 1.115979478 1.111563581 1.107147684 1.102731787 1.09831589 1.093899993 1.088882844 1.084133562 1.079921823 1.075946437 1.072018321 1.068090204 1.064162088 1.060233972 1.056305856 1.052458163 1.048690895 1.044923627 1.041156359 1.037389091 1.033621823 1.029901836 1.026418253 1.023125827 1.019924013 1.016457288 1.012990563 1.009523838 1.006057113 1.002590388 0.9991236631 0.9963777976 0.994053808 0.9924198583 0.9907859085 0.9891519587 0.9875180089 0.9858840591 0.9842501093 0.986368374 0.9890226693 0.9916769646 0.9943312599 0.9969855553 0.9996398506 1.000555504 1 
1.211710799 1.20474945 1.197848979 1.191861694 1.185874408 1.179887122 1.173899837 1.167912551 1.162064149 1.157187935 1.15231172 1.147435506 1.142559291 1.137683077 1.132708795 1.127309557 1.122156154 1.117740257 1.11332436 1.108908463 1.104492566 1.100076669 1.0954558 1.090383991 1.085634709 1.081422971 1.077335317 1.073407201 1.069479084 1.065550968 1.061622852 1.057694736 1.053847043 1.050079775 1.046312507 1.042545239 1.038777971 1.035010703 1.031403008 1.027919425 1.024627 1.021449268 1.018072854 1.014606129 1.011139404 1.007672679 1.004205954 1.000739229 0.9979933632 0.9954877842 0.993690404 0.9920564542 0.9904225044 0.9887885546 0.9871546048 0.985520655 0.9876389197 0.990293215 0.9929475103 0.9956018057 0.998256101 1.000910396 1.000555504 1 
1.214064175 1.207102826 1.200141476 1.193829503 1.187842217 1.181854931 1.175867646 1.16988036 1.164031958 1.159155744 1.154279529 1.149403315 1.1445271 1.139650886 1.134469574 1.129070336 1.123916933 1.119501036 1.115085139 1.110669242 1.106253345 1.101837448 1.096956947 1.091885138 1.087135856 1.082924118 1.078724197 1.074796081 1.070867964 1.066939848 1.063011732 1.059083616 1.055235923 1.051468655 1.047701387 1.043934119 1.040166851 1.036399583 1.03290418 1.029420597 1.026128172 1.022950441 1.019688419 1.016221694 1.012754969 1.009288244 1.005821519 1.002354794 0.9996089288 0.9971033498 0.9949609497 0.9933269999 0.9916930501 0.9900591003 0.9884251505 0.9867912008 0.9889094654 0.9915637608 0.9942180561 0.9968723514 0.9995266467 1.001111009 1.000555504 1 
1.216417551 1.209456201 1.202494852 1.195797312 1.189810026 1.183822741 1.177835455 1.171848169 1.165999767 1.161123553 1.156247338 1.151371124 1.146494909 1.141618695 1.136230353 1.130831114 1.125677711 1.121261815 1.116845918 1.112430021 1.108014124 1.103529903 1.098458094 1.093386285 1.088637003 1.084425265 1.080213526 1.076184961 1.072256845 1.068328728 1.064400612 1.060472496 1.056624804 1.052857535 1.049090267 1.045322999 1.041555731 1.037888935 1.034405352 1.030921769 1.027629344 1.024451613 1.021273882 1.01783726 1.014370535 1.01090381 1.007437085 1.00397036 1.001224494 0.9987189154 0.9962314954 0.9945975456 0.9929635958 0.991329646 0.9896956963 0.9880617465 0.9901800112 0.9928343065 0.9954886018 0.9981428971 1.000797192 1.001111009 1.000555504 1 
1.218770926 1.211809577 1.204848228 1.197886879 1.191777835 1.18579055 1.179803264 1.173815978 1.167967576 1.163091362 1.158215147 1.153338933 1.148462718 1.14339037 1.137991132 1.132591893 1.12743849 1.123022593 1.118606696 1.114190799 1.109774903 1.10503105 1.099959241 1.094887432 1.09013815 1.085926412 1.081714674 1.077573841 1.073645725 1.069717608 1.065789492 1.061861376 1.058013684 1.054246415 1.050479147 1.046711879 1.042944611 1.039390107 1.035906524 1.032422942 1.029130516 1.025952785 1.022775054 1.019452826 1.015986101 1.012519376 1.00905265 1.005585925 1.00284006 1.000334481 0.997828902 0.9958680913 0.9942341415 0.9926001918 0.990966242 0.9893322922 0.9914505569 0.9941048522 0.9967591475 0.9994134428 1.001666513 1.001111009 1.000555504 1 
1.221124302 1.214162953 1.207201604 1.200240255 1.193745644 1.187758359 1.181771073 1.175783787 1.169935386 1.165059171 1.160182956 1.155306742 1.150430527 1.145151149 1.13975191 1.134352672 1.129199269 1.124783372 1.120367475 1.115951578 1.111535681 1.106532197 1.101460388 1.096388579 1.091639297 1.087427559 1.083215821 1.079004082 1.075034605 1.071106488 1.067178372 1.063250256 1.059402564 1.055635296 1.051868027 1.048100759 1.044374862 1.040891279 1.037407697 1.033924114 1.030631688 1.027453957 1.024276226 1.021068391 1.017601666 1.014134941 1.010668216 1.007201491 1.004455626 1.001950047 0.9994444676 0.997138637 0.9955046873 0.9938707375 0.9922367877 0.9906028379 0.9927211026 0.9953753979 0.9980296932 1.000683989 1.001666513 1.001111009 1.000555504 1 
1.223477678 1.216516329 1.20955498 1.202593631 1.195713453 1.189726168 1.183738882 1.177751596 1.171903195 1.16702698 1.162150766 1.157274551 1.152311166 1.146911928 1.141512689 1.136113451 1.130960048 1.126544151 1.122128254 1.117712357 1.113105153 1.108033344 1.102961535 1.097889726 1.093140444 1.088928706 1.084716968 1.080505229 1.076423485 1.072495368 1.068567252 1.064639136 1.060791444 1.057024176 1.053256907 1.049489639 1.045876034 1.042392451 1.038908869 1.035425286 1.032132861 1.028955129 1.025777398 1.022599667 1.019217232 1.015750507 1.012283782 1.008817057 1.006071191 1.003565612 1.001060033 0.9985544543 0.996775233 0.9951412832 0.9935073334 0.9918733836 0.9939916483 0.9966459436 0.9993002389 1.001954534 1.001666513 1.001111009 1.000555504 1 
1.225831054 1.218869705 1.211908356 1.204947007 1.197985657 1.191693977 1.185706691 1.179719405 1.173871004 1.168994789 1.164118575 1.15924236 1.154071945 1.148672706 1.143273468 1.13787423 1.132720827 1.12830493 1.123889033 1.119473136 1.1146063 1.109534491 1.104462682 1.099390873 1.094641591 1.090429853 1.086218115 1.082006377 1.077812365 1.073884249 1.069956132 1.066028016 1.062180324 1.058413056 1.054645788 1.050878519 1.047377206 1.043893624 1.040410041 1.036926458 1.033634033 1.030456302 1.02727857 1.024100839 1.020832797 1.017366072 1.013899347 1.010432622 1.007686757 1.005181178 1.002675599 1.00017002 0.9980457787 0.9964118289 0.9947778791 0.9931439293 0.995262194 0.9979164893 1.000570785 1.002222018 1.001666513 1.001111009 1.000555504 1 
1.22818443 1.221223081 1.214261732 1.207300382 1.200339033 1.193661786 1.1876745 1.181687215 1.175838813 1.170962598 1.166086384 1.161210169 1.155832724 1.150433485 1.145034247 1.139635009 1.134481606 1.130065709 1.125649812 1.121179255 1.116107447 1.111035638 1.105963829 1.10089202 1.096142738 1.091931 1.087719262 1.083507524 1.079295785 1.075273129 1.071345012 1.067416896 1.063569204 1.059801936 1.056034668 1.052361961 1.048878379 1.045394796 1.041911213 1.03842763 1.035135205 1.031957474 1.028779743 1.025602011 1.02242428 1.018981638 1.015514913 1.012048188 1.009302322 1.006796743 1.004291164 1.001785585 0.9993163244 0.9976823746 0.9960484248 0.994414475 0.9965327397 0.999187035 1.00184133 1.002222018 1.001666513 1.001111009 1.000555504 1 
1.230537806 1.223576457 1.216615107 1.209653758 1.202692409 1.19573106 1.189642309 1.183655024 1.177806622 1.172930407 1.168054193 1.162992741 1.157593502 1.152194264 1.146795026 1.141395787 1.136242384 1.131826487 1.12741059 1.122680402 1.117608594 1.112536785 1.107464976 1.102393167 1.097643885 1.093432147 1.089220409 1.085008671 1.080796932 1.076662009 1.072733892 1.068805776 1.064958084 1.061190816 1.057423548 1.053863133 1.050379551 1.046895968 1.043412385 1.039928803 1.036636377 1.033458646 1.030280915 1.027103184 1.023925452 1.020597204 1.017130478 1.013663753 1.010917888 1.008412309 1.00590673 1.003401151 1.000895572 0.9989529203 0.9973189705 0.9956850208 0.9978032854 1.000457581 1.002777522 1.002222018 1.001666513 1.001111009 1.000555504 1 
1.232891182 1.225929833 1.218968483 1.212007134 1.205045785 1.198084436 1.191610118 1.185622833 1.179774431 1.174898216 1.170022002 1.16475352 1.159354281 1.153955043 1.148555804 1.143156566 1.138003163 1.133587266 1.129171369 1.124181549 1.119109741 1.114037932 1.108966123 1.103894314 1.099145032 1.094933294 1.090721556 1.086509818 1.08229808 1.078086341 1.074122772 1.070194656 1.066346964 1.062579696 1.058847888 1.055364306 1.051880723 1.04839714 1.044913558 1.041429975 1.038137549 1.034959818 1.031782087 1.028604356 1.025426625 1.022212769 1.018746044 1.015279319 1.012533454 1.010027875 1.007522296 1.005016717 1.002511138 1.000223466 0.9985895163 0.9969555665 0.9990738311 1.001728126 1.002777522 1.002222018 1.001666513 1.001111009 1.000555504 1 
1.235244558 1.228283208 1.221321859 1.21436051 1.207399161 1.200437812 1.193577927 1.187590642 1.18174224 1.176866025 1.171913537 1.166514298 1.16111506 1.155715822 1.150316583 1.144917345 1.139763942 1.135348045 1.130754505 1.125682697 1.120610888 1.115539079 1.11046727 1.105395461 1.100646179 1.096434441 1.092222703 1.088010965 1.083799227 1.079587488 1.075511652 1.071583536 1.067735844 1.063968576 1.060349061 1.056865478 1.053381895 1.049898312 1.04641473 1.042931147 1.039638722 1.03646099 1.033283259 1.030105528 1.026927797 1.023750066 1.02036161 1.016894885 1.014149019 1.01164344 1.009137861 1.006632282 1.004126703 1.001621124 0.999860062 0.9982261122 1.000344377 1.002998672 1.002777522 1.002222018 1.001666513 1.001111009 1.000555504 1 
1.237597933 1.230636584 1.223675235 1.216713886 1.209752537 1.202791188 1.195829838 1.189558451 1.183710049 1.178833835 1.173674315 1.168275077 1.162875839 1.1574766 1.152077362 1.146678124 1.141524721 1.137108824 1.132255652 1.127183844 1.122112035 1.117040226 1.111968417 1.106896608 1.102147326 1.097935588 1.09372385 1.089512112 1.085300374 1.081088635 1.076900533 1.072972416 1.069124724 1.065357456 1.061850233 1.05836665 1.054883067 1.051399485 1.047915902 1.044432319 1.041139894 1.037962163 1.034784431 1.0316067 1.028428969 1.025251238 1.021977175 1.01851045 1.015764585 1.013259006 1.010753427 1.008247848 1.005742269 1.00323669 1.001130608 0.9994966579 1.001614923 1.003333026 1.002777522 1.002222018 1.001666513 1.001111009 1.000555504 1 
1.239951309 1.23298996 1.226028611 1.219067262 1.212105913 1.205144563 1.198183214 1.19152626 1.185677858 1.180801644 1.175435094 1.170035856 1.164636618 1.159237379 1.153838141 1.148438903 1.1432855 1.138828608 1.133756799 1.128684991 1.123613182 1.118541373 1.113469564 1.108397755 1.103648473 1.099436735 1.095224997 1.091013259 1.086801521 1.082589783 1.078378044 1.074361296 1.070513604 1.066834988 1.063351405 1.059867822 1.05638424 1.052900657 1.049417074 1.045933491 1.042641066 1.039463335 1.036285604 1.033107872 1.029930141 1.02675241 1.023574679 1.020126016 1.01738015 1.014874571 1.012368992 1.009863413 1.007357834 1.004852256 1.002401153 1.000767204 1.002885468 1.003333026 1.002777522 1.002222018 1.001666513 1.001111009 1.000555504 1 
1.242304685 1.235343336 1.228381987 1.221420638 1.214459289 1.207497939 1.20053659 1.193575241 1.187645667 1.182595111 1.177195873 1.171796635 1.166397396 1.160998158 1.15559892 1.150199681 1.145046278 1.140329755 1.135257946 1.130186138 1.125114329 1.12004252 1.114970711 1.109898902 1.10514962 1.100937882 1.096726144 1.092514406 1.088302668 1.08409093 1.079879191 1.075750176 1.071902484 1.06833616 1.064852577 1.061368994 1.057885412 1.054401829 1.050918246 1.047434664 1.044142238 1.040964507 1.037786776 1.034609045 1.031431313 1.028253582 1.025075851 1.021741581 1.018995716 1.016490137 1.013984558 1.011478979 1.0089734 1.006467821 1.003962242 1.002037749 1.003888531 1.003333026 1.002777522 1.002222018 1.001666513 1.001111009 1.000555504 1 
1.244658061 1.237696712 1.230735363 1.223774014 1.216812664 1.209851315 1.202889966 1.195928617 1.189613476 1.18435589 1.178956652 1.173557414 1.168158175 1.162758937 1.157359699 1.15196046 1.146807057 1.141830902 1.136759093 1.131687285 1.126615476 1.121543667 1.116471858 1.11140005 1.106650767 1.102439029 1.098227291 1.094015553 1.089803815 1.085592077 1.081380338 1.0771686 1.073320915 1.069837332 1.066353749 1.062870167 1.059386584 1.055903001 1.052419419 1.048935836 1.04564341 1.042465679 1.039287948 1.036110217 1.032932486 1.029754754 1.026577023 1.023357147 1.020611282 1.018105703 1.015600124 1.013094545 1.010588966 1.008083387 1.005577808 1.003308295 1.003888531 1.003333026 1.002777522 1.002222018 1.001666513 1.001111009 1.000555504 1 
1.247011437 1.240050088 1.233088739 1.226127389 1.21916604 1.212204691 1.205243342 1.198281993 1.191515907 1.186116669 1.180717431 1.175318192 1.169918954 1.164519716 1.159120477 1.153721239 1.148403858 1.143332049 1.138260241 1.133188432 1.128116623 1.123044814 1.117973005 1.112901197 1.108151914 1.103940176 1.099728438 1.0955167 1.091304962 1.087093224 1.082881486 1.078669747 1.074822087 1.071338504 1.067854922 1.064371339 1.060887756 1.057404173 1.053920591 1.050437008 1.047144583 1.043966851 1.04078912 1.037611389 1.034433658 1.031255927 1.028078195 1.024900464 1.022226847 1.019721268 1.017215689 1.01471011 1.012204531 1.009698952 1.007193373 1.004687794 1.003888531 1.003333026 1.002777522 1.002222018 1.001666513 1.001111009 1.000555504 1 
