730.7386868 642.1530212 553.5673556 464.98169 376.3960244 287.8103588 199.2246932 176.5978302 182.2390253 187.8802205 193.5214157 199.1626109 204.803806 210.6388068 216.7645158 222.8902248 229.0159339 235.1416429 241.2673519 244.1227096 217.5449056 190.9671015 164.3892975 137.8114935 111.2336894 84.65588539 111.9491195 152.7101131 193.4711067 247.1613362 307.813462 368.4655877 1 1 1 1 1 1 1 1 1 1 1 1 1 1 1 1 1 1 1 1 1 1 1 1 1 1 1 1 1 1 1 1 
978.9299114 890.3442457 801.7585801 713.1729145 624.5872489 536.0015833 496.6165154 494.6875782 503.8845049 509.5257001 515.1668953 520.8080904 526.4492856 416.0641625 182.4858661 188.6115751 194.7372841 200.8629932 206.9887022 209.8440599 183.2662559 156.6884518 130.1106478 103.5328438 77.43133322 69.90526931 74.86160233 115.622596 156.3835896 210.0738191 270.7259448 324.2290764 1 1 1 1 1 1 1 1 1 1 1 1 1 1 1 1 1 1 1 1 1 1 1 1 1 1 1 1 1 1 1 1 
1227.121136 1138.53547 1049.949805 961.364139 880.7569487 845.3611184 809.9652881 808.036351 820.4503681 831.1711797 836.8123749 842.45357 848.0947652 737.7096421 453.2850415 168.8604409 160.4586344 166.5843434 172.7100525 175.5654102 148.9876062 122.4098021 95.83199808 74.01712907 66.49106516 58.96500126 55.91707435 78.5350788 119.2960724 172.9863019 233.6384277 248.219258 1 1 1 1 1 1 1 1 1 1 1 1 1 1 1 1 1 1 1 1 1 1 1 1 1 1 1 1 1 1 1 1 
1475.31236 1386.726695 1298.141029 1229.501552 1194.105722 1158.709891 1123.314061 1121.385124 1133.799141 1146.213158 1158.457854 1164.09905 1169.740245 1059.355122 774.9305211 490.5059204 206.0813198 132.3056937 138.4314028 141.2867605 114.7089564 88.1311524 70.60292492 63.07686102 55.55079711 48.02473321 44.9768063 43.04841363 82.20855528 135.8987848 175.1039282 172.2094395 1 1 1 1 1 1 1 1 1 1 1 1 1 1 1 1 1 1 1 1 1 1 1 1 1 1 1 1 1 1 1 1 
1723.503585 1634.917919 1578.246155 1542.850325 1507.454494 1472.058664 1436.662834 1434.733897 1447.147914 1459.561931 1471.975948 1484.389965 1491.385724 1381.000601 1096.576001 812.1514 527.7267994 243.3021988 104.152753 107.0081108 80.43030672 67.18872077 59.66265687 52.13659296 44.61052906 37.08446515 34.03653824 32.10814558 45.12103812 98.81126762 99.09410969 96.19962103 1 1 1 1 1 1 1 1 1 1 1 1 1 1 1 1 1 1 1 1 1 1 1 1 1 1 1 1 1 1 1 1 
1971.694809 1926.990758 1891.594928 1856.199097 1820.803267 1785.407437 1750.011606 1748.082669 1760.496686 1772.910703 1785.324721 1797.738738 1810.152755 1702.646081 1418.22148 1133.79688 849.372279 564.9476784 280.5230778 72.72946104 63.77451663 56.24845272 48.72238882 41.19632491 33.670261 26.1441971 23.09627019 21.16787753 19.23948487 25.97877987 23.08429121 20.18980256 1 1 1 1 1 1 1 1 1 1 1 1 1 1 1 1 1 1 1 1 1 1 1 1 1 1 1 1 1 1 1 1 
1771.983173 1736.587342 1701.191512 1665.795682 1630.399851 1595.004021 1579.499662 1583.642175 1595.060319 1607.474336 1619.888353 1632.30237 1644.716387 1538.394957 1253.970357 969.5457562 685.1211556 400.696555 116.2719544 118.6053211 68.20254071 60.6764768 53.1504129 45.62434899 38.09828509 30.57222118 26.71132723 24.78293457 22.85454191 20.29818685 17.40369819 14.50920954 1.907422523 1.907422523 1.907422523 1 1 1 1 1 1 1 1 1 1 1 1 1 1 1 1 1 1 1 1 1 1 1 1 1 1 1 1 1 
1497.621059 1462.225229 1426.829398 1391.433568 1356.037738 1339.796657 1341.236884 1345.379398 1350.680034 1362.240446 1374.654463 1387.06848 1399.482497 1293.161067 1008.736466 724.3118657 439.8872651 155.4626645 161.1253059 182.3774058 116.9098331 67.66588291 60.139819 52.6137551 45.08769119 37.56162729 32.96519172 30.82387912 28.89548646 26.3391314 23.44464275 16.29683397 2.966082133 2.966082133 2.560382645 1 1 1 1 1 1 1 1 1 1 1 1 1 1 1 1 1 1 1 1 1 1 1 1 1 1 1 1 1 
1223.258945 1187.863115 1152.467285 1117.071454 1100.093653 1101.533879 1102.974106 1107.11662 1112.417256 1117.717893 1129.420572 1141.834589 1154.248606 1047.927176 763.5025757 479.0779751 194.6533745 194.0097716 224.8973906 246.1494904 180.6819178 115.2143451 67.12922511 59.6031612 52.0770973 44.55103339 39.95459783 36.86482368 34.93643101 32.38007596 29.4855873 17.25454229 4.024741743 4.024741743 2.560382645 1 1 1 1 1 1 1 1 1 1 1 1 1 1 1 1 1 1 1 1 1 1 1 1 1 1 1 1 1 
948.8968316 913.5010013 878.105171 860.3906481 861.8308748 863.2711016 864.7113283 868.853842 874.1544787 879.4551154 884.755752 896.6006987 909.0147158 802.6932858 518.2686852 233.8440846 226.8942372 257.7818562 288.6694752 309.9215751 244.4540025 178.9864298 113.5188572 66.59256731 59.0665034 51.5404395 46.94400393 43.07997545 40.97737557 38.42102051 31.48069077 18.2122506 5.083401353 4.96097133 2.560382645 1 1 1 1 1 1 1 1 1 1 1 1 1 1 1 1 1 1 1 1 1 1 1 1 1 1 1 1 1 
674.5347179 639.1388876 620.6876436 622.1278703 623.5680971 625.0083238 626.4485506 630.5910643 635.8917009 641.1923376 646.4929743 651.793611 663.7808252 557.4593952 273.0347946 259.7787029 290.6663219 321.5539409 352.4415599 373.6936598 308.2260871 242.7585145 177.2909418 111.8233692 66.05590951 58.5298456 53.93341004 50.06938156 47.01832012 44.46196507 32.43839908 19.16995892 6.142060963 4.96097133 2.560382645 1 1 1 1 1 1 1 1 1 1 1 1 1 1 1 1 1 1 1 1 1 1 1 1 1 1 1 1 1 
400.1726043 380.9846391 382.4248658 383.8650926 385.3053193 386.7455461 388.1857728 392.3282865 397.6289232 402.9295598 408.2301965 413.5308332 418.8314699 312.2255047 292.6631685 323.5507875 354.4384066 385.3260256 416.2136446 437.4657444 371.9981718 306.5305991 241.0630265 175.5954539 110.1278812 65.51925171 60.92281614 57.05878766 53.19475918 46.66454756 33.3961074 20.12766723 7.200720573 4.96097133 2.560382645 1 1 1 1 1 1 1 1 1 1 1 1 1 1 1 1 1 1 1 1 1 1 1 1 1 1 1 1 1 
260.7549419 266.9550412 268.3952679 269.8354947 271.2757214 272.7159481 274.1561749 278.2986886 283.5993253 288.8999619 294.2005986 299.5012353 304.801872 285.9765324 316.8641515 347.7517705 378.6393895 409.5270085 440.4146275 469.0177729 411.6363504 346.1687778 280.7012051 215.2336325 149.7660599 84.29848721 68.1137499 64.24972142 60.38569294 47.05381469 33.78537452 20.51693436 7.361560015 4.96097133 2.560382645 1 1 1 1 1 1 1 1 1 1 1 1 1 1 1 1 1 1 1 1 1 1 1 1 1 1 1 1 1 
301.2632147 318.5696831 320.0099098 321.4501366 322.8903633 324.33059 325.7708168 329.9133305 335.2139672 340.5146038 345.8152405 351.1158772 346.488858 276.7198919 288.3036654 319.1912844 350.0789034 380.9665224 411.8541415 440.4572869 419.0959877 353.6284151 288.1608424 222.6932698 157.2256971 91.75812449 75.57338717 71.70935869 67.84533021 46.68516023 33.41672007 20.1482799 7.049483486 4.96097133 2.560382645 1 1 1 1 1 1 1 1 1 1 1 1 1 1 1 1 1 1 1 1 1 1 1 1 1 1 1 1 1 
341.7714875 365.8777737 371.6245517 373.0647785 374.5050052 375.9452319 377.3854587 381.5279724 386.8286091 392.1292457 397.4298824 402.7305191 349.4579862 279.6890201 259.7431793 290.6307983 321.5184174 352.4060364 383.2936554 411.8968008 419.939684 361.0880524 295.6204797 230.1529071 164.6853344 99.21776177 83.03302445 79.16899597 66.36208976 46.31650578 33.04806561 19.77962545 6.520153681 4.96097133 2.560382645 1 1 1 1 1 1 1 1 1 1 1 1 1 1 1 1 1 1 1 1 1 1 1 1 1 1 1 1 1 
382.2797603 406.3860465 423.2391936 424.6794204 426.1196471 427.5598738 429.0001006 433.1426143 438.443251 443.7438876 449.0445243 446.4030363 352.4271144 282.6581483 249.1996157 262.0703123 292.9579313 323.8455503 354.7331693 383.3363148 391.3791979 368.5476896 303.080117 237.6125443 172.1449717 106.677399 90.49266173 86.62863325 64.8788493 45.0834785 32.67941116 19.41097099 5.990823876 4.96097133 2.560382645 1 1 1 1 1 1 1 1 1 1 1 1 1 1 1 1 1 1 1 1 1 1 1 1 1 1 1 1 1 
422.7880331 446.8943192 471.0006054 476.2940623 477.734289 479.1745157 480.6147425 484.7572562 490.0578929 495.3585295 500.6591662 449.3721645 355.3962426 285.6272765 252.1687439 233.5098262 264.3974452 295.2850642 326.1726833 354.7758287 362.8187118 370.861595 310.5397543 245.0721816 179.604609 114.1370363 97.95229901 94.08827053 63.39560884 43.60023805 32.3107567 19.04231654 5.461494071 4.96097133 2.560382645 1 1 1 1 1 1 1 1 1 1 1 1 1 1 1 1 1 1 1 1 1 1 1 1 1 1 1 1 1 
463.2963058 487.402592 511.5088782 527.9087042 529.3489309 530.7891576 532.2293844 536.3718981 541.6725348 546.9731714 546.3172146 452.3412927 358.3653709 288.5964047 255.1378721 221.6793396 235.8369592 266.7245782 297.6121972 326.2153426 334.2582258 342.3011089 317.9993915 252.5318189 187.0642463 121.5966736 105.4119363 101.5479078 61.91236838 42.11699759 31.94210225 18.67366208 4.932164266 4.932164266 2.560382645 1 1 1 1 1 1 1 1 1 1 1 1 1 1 1 1 1 1 1 1 1 1 1 1 1 1 1 1 1 
503.8045786 527.9108648 552.017151 576.1234371 580.9635728 582.4037995 583.8440263 587.98654 593.2871767 598.5878133 549.2863428 455.3104209 361.3344991 291.5655329 258.1070003 224.6484678 207.2764731 238.1640921 269.0517111 297.6548566 305.6977397 313.7406229 321.783506 259.9914562 194.5238835 129.0563109 112.8715736 100.7946982 60.42912792 40.63375713 31.57344779 18.30500763 4.402834461 4.402834461 2.560382645 1 1 1 1 1 1 1 1 1 1 1 1 1 1 1 1 1 1 1 1 1 1 1 1 1 1 1 1 1 
544.3128514 568.4191376 592.5254237 616.6317099 632.5782147 634.0184414 635.4586682 639.6011819 644.9018186 646.2313929 552.255471 458.2795492 364.3036273 294.5346611 261.0761286 227.617596 194.1590634 209.603606 240.4912251 269.0943705 277.1372536 285.1801368 293.22302 267.4510935 201.9835208 136.5159482 120.3312109 99.31145773 58.94588746 39.15051667 30.43140713 17.93635317 3.873504656 3.873504656 2.560382645 1 1 1 1 1 1 1 1 1 1 1 1 1 1 1 1 1 1 1 1 1 1 1 1 1 1 1 1 1 
584.8211242 608.9274103 633.0336965 657.1399827 681.2462689 685.6330833 687.0733101 691.2158238 696.5164605 649.2005211 555.2245992 461.2486774 367.2727555 297.5037893 264.0452568 230.5867242 197.1281916 181.04312 211.930739 240.5338844 248.5767676 256.6196507 264.6625339 272.7054171 209.4431581 143.9755854 127.7908481 97.82821727 57.46264701 37.66727621 28.94816667 17.56769872 3.344174851 3.344174851 2.560382645 1 1 1 1 1 1 1 1 1 1 1 1 1 1 1 1 1 1 1 1 1 1 1 1 1 1 1 1 1 
625.329397 649.4356831 673.5419693 697.6482555 721.7545416 737.2477252 738.687952 742.8304657 746.1455712 652.1696493 558.1937274 464.2178056 370.2418837 300.4729176 267.014385 233.5558524 200.0973198 166.6387873 183.3702529 211.9733984 220.0162815 228.0591647 236.1020478 244.144931 216.9027954 151.4352227 135.2504854 96.34497681 55.97940655 36.18403575 27.46492622 17.19904426 2.814845046 2.814845046 2.560382645 1 1 1 1 1 1 1 1 1 1 1 1 1 1 1 1 1 1 1 1 1 1 1 1 1 1 1 1 1 
665.8376697 689.9439559 714.0502421 738.1565283 762.2628144 786.3691006 790.3025939 794.4451076 749.1146994 655.1387775 561.1628557 467.1869338 373.2110119 303.4420458 269.9835132 236.5249806 203.0664481 169.6079155 154.8097669 183.4129123 191.4557955 199.4986786 207.5415618 215.5844449 223.6273281 158.89486 135.2273066 94.86173636 54.49616609 34.7007953 25.98168576 16.83038981 2.285515241 2.285515241 2.285515241 1 1 1 1 1 1 1 1 1 1 1 1 1 1 1 1 1 1 1 1 1 1 1 1 1 1 1 1 1 
706.3459425 730.4522287 754.5585149 778.664801 802.7710872 826.8773734 841.9172358 846.0597495 752.0838276 658.1079057 564.1319839 470.156062 376.1801401 306.411174 272.9526414 239.4941088 206.0355763 172.5770437 139.1185111 154.8524262 162.8953094 170.9381925 178.9810757 187.0239589 195.066842 166.3544973 133.7440662 93.3784959 53.01292563 33.21755484 24.4984453 15.77933576 1.756185436 1.756185436 1.756185436 1 1 1 1 1 1 1 1 1 1 1 1 1 1 1 1 1 1 1 1 1 1 1 1 1 1 1 1 1 
746.8542153 770.9605015 795.0667876 819.1730738 843.27936 867.3856462 891.4919323 849.0288777 755.0529558 661.077034 567.1011121 473.1251902 379.1492684 309.3803022 275.9217696 242.4632371 209.0047045 175.5461719 142.0876393 126.2919402 134.3348233 142.3777065 150.4205896 158.4634728 166.506356 173.8141346 132.2608257 91.89525544 51.52968517 31.73431438 23.01520484 14.2960953 1.226855631 1.226855631 1.226855631 1 1 1 1 1 1 1 1 1 1 1 1 1 1 1 1 1 1 1 1 1 1 1 1 1 1 1 1 1 
1165.52775 1189.634036 1213.740322 1237.846608 1261.952894 1286.059181 1262.196463 951.6649406 857.6890187 763.7130968 669.737175 575.7612531 481.7853312 412.0163651 378.5578325 345.0992999 311.6407673 278.1822348 244.7237022 136.6566148 144.6994979 152.7423811 160.7852642 168.8281474 176.8710306 167.1716451 131.1481675 90.78259727 50.417027 30.62165621 21.90254667 13.18343713 1 1 1 1 1 1 1 1 1 1 1 1 1 1 1 1 1 1 1 1 1 1 1 1 1 1 1 1 1 1 1 1 
1867.825231 1891.931517 1916.037803 1940.144089 1964.250375 1944.077581 1783.687698 1423.998323 1035.075283 941.0993607 847.1234388 753.147517 659.1715951 589.4026289 555.9440964 522.4855638 489.0270312 455.5684986 332.1000273 176.2151599 184.258043 192.3009262 200.3438094 208.3866925 199.6729887 158.4317924 130.3134461 89.94787581 49.58230555 29.78693475 21.06782521 12.75978486 1 1 1 1 1 1 1 1 1 1 1 1 1 1 1 1 1 1 1 1 1 1 1 1 1 1 1 1 1 1 1 1 
2570.122711 2594.228998 2618.335284 2642.44157 2625.958699 2465.568816 2305.178934 1945.489558 1500.386114 1118.485625 1024.509703 930.5337808 836.557859 766.7888928 733.3303602 699.8718277 666.4132951 545.7576343 371.6585724 215.773705 223.8165881 231.8594713 239.9023545 232.1743322 190.933136 149.6919397 122.057581 89.11315436 48.74758409 28.9522133 20.23310376 12.67107785 1 1 1 1 1 1 1 1 1 1 1 1 1 1 1 1 1 1 1 1 1 1 1 1 1 1 1 1 1 1 1 1 
3272.420192 3296.526478 3320.632765 3307.839817 3147.449934 2987.060052 2826.670169 2466.980794 2021.87735 1576.773906 1201.895967 1107.920045 1013.944123 944.1751567 910.7166241 877.2580915 759.4152413 585.3161794 411.2171175 255.3322501 263.3751333 271.4180164 264.6756757 223.4344795 182.1932832 140.952087 113.3177283 88.2784329 47.91286264 28.11749184 19.77900192 12.58237083 1 1 1 1 1 1 1 1 1 1 1 1 1 1 1 1 1 1 1 1 1 1 1 1 1 1 1 1 1 1 1 1 
3974.717673 3998.823959 3989.720935 3829.331052 3668.94117 3508.551287 3348.161404 2988.472029 2543.368585 2098.265141 1653.161698 1285.306309 1191.330387 1121.561421 1088.102888 973.0728484 798.9737864 624.8747245 450.7756626 294.8907952 302.9336784 297.1770193 255.935823 214.6946268 173.4534305 132.2122343 104.5778756 80.34522623 47.07814118 27.28277039 19.69029491 12.49366382 1 1 1 1 1 1 1 1 1 1 1 1 1 1 1 1 1 1 1 1 1 1 1 1 1 1 1 1 1 1 1 1 
4677.015154 4671.602053 4511.21217 4350.822288 4190.432405 4030.042522 3869.65264 3509.963264 3064.859821 2619.756377 2174.652933 1729.549489 1368.716651 1298.947684 1186.730455 1012.631393 838.5323316 664.4332696 490.3342077 334.4493403 329.6783628 288.4371666 247.1959703 205.9547741 164.7135778 123.4723815 95.83802284 71.60537351 46.24341973 26.79821898 19.60158789 12.40495681 1 1 1 1 1 1 1 1 1 1 1 1 1 1 1 1 1 1 1 1 1 1 1 1 1 1 1 1 1 1 1 1 
5209.217343 5048.82746 4888.437577 4728.047695 4567.657812 4407.267929 4246.878047 3929.278195 3484.174751 3039.071308 2593.967864 2148.86442 1703.760976 1387.945658 1213.846596 1039.747534 865.648472 691.5494101 517.4503482 360.1769156 320.3516565 279.1104602 237.869264 196.6280677 155.3868715 114.1456752 86.5113165 62.27866718 38.04601786 26.68118337 19.48455228 12.2879212 1 1 1 1 1 1 1 1 1 1 1 1 1 1 1 1 1 1 1 1 1 1 1 1 1 1 1 1 1 1 1 1 
4720.847778 4560.457895 4400.068013 4239.67813 4079.288247 3918.898365 3830.552015 3646.167073 3290.431856 2845.328412 2400.224968 1955.121524 1510.01808 1232.99174 1166.308308 992.2092464 818.1101845 644.0111226 469.9120607 312.6386281 306.7958599 266.2626322 225.0214359 183.7802397 142.5390434 101.2978472 73.66348846 49.43083914 29.68262938 26.39417616 19.19754508 12.00091399 1 1 1 1 1 1 1 1 1 1 1 1 1 1 1 1 1 1 1 1 1 1 1 1 1 1 1 1 1 1 1 1 
4232.478214 4072.088331 3911.698448 3751.308566 3590.918683 3500.815173 3428.283257 3243.898316 3011.576363 2651.585516 2206.482072 1761.378629 1316.275185 1039.248844 1014.338158 944.6709589 770.571897 596.4728351 422.3737731 265.1003406 259.2575724 253.4148041 212.1736079 170.9324116 129.6912154 88.45001912 60.81566041 36.58301109 27.29849366 24.39522731 18.91053787 11.71390678 1 1 1 1 1 1 1 1 1 1 1 1 1 1 1 1 1 1 1 1 1 1 1 1 1 1 1 1 1 1 1 1 
3744.108649 3583.718767 3423.328884 3262.939001 3171.078332 3098.546416 3026.0145 2841.629558 2609.307606 2376.985654 2012.739177 1567.635733 1122.532289 845.5059482 820.5952621 795.6845759 723.0336095 548.9345476 374.8354856 217.5620531 211.7192849 205.8765166 199.3257798 158.0845836 116.8433873 75.60219108 47.96783237 27.79253313 24.91435794 22.01109159 18.62353066 11.42689958 1 1 1 1 1 1 1 1 1 1 1 1 1 1 1 1 1 1 1 1 1 1 1 1 1 1 1 1 1 1 1 1 
3255.739085 3095.349202 2934.959319 2841.341491 2768.809575 2696.277659 2623.745742 2439.360801 2207.038848 1974.716896 1742.394944 1373.892837 928.7893932 651.7630525 626.8523663 601.9416801 577.030994 501.39626 327.2971981 170.0237656 164.1809974 158.3382291 152.4954609 145.2367555 103.9955593 62.75436304 35.12000433 25.40839741 22.53022221 19.62695586 16.71017889 11.13989237 1 1 1 1 1 1 1 1 1 1 1 1 1 1 1 1 1 1 1 1 1 1 1 1 1 1 1 1 1 1 1 1 
2767.36952 2606.979638 2511.60465 2439.072734 2366.540817 2294.008901 2221.476985 2037.092043 1804.770091 1572.448139 1340.126186 1107.804234 735.0464975 458.0201567 433.1094706 408.1987844 383.2880982 358.3774121 279.7589106 122.4854781 116.6427098 110.7999416 104.9571734 99.11440516 91.14773125 49.90653499 25.90243689 23.02426169 20.14608649 17.24282014 14.32604317 10.85288516 1 1 1 1 1 1 1 1 1 1 1 1 1 1 1 1 1 1 1 1 1 1 1 1 1 1 1 1 1 1 1 1 
2278.999956 2181.867809 2109.335893 2036.803976 1964.27206 1891.740144 1819.208227 1634.823286 1402.501334 1170.179381 937.857429 705.5354768 473.2135245 264.277261 239.3665748 214.4558887 189.5452025 164.6345163 139.7238301 74.94719056 69.10442233 63.2616541 57.41888588 51.57611765 45.73334942 37.05870695 23.51830117 20.64012597 17.76195077 14.85868442 11.94190745 9.025130477 1 1 1 1 1 1 1 1 1 1 1 1 1 1 1 1 1 1 1 1 1 1 1 1 1 1 1 1 1 1 1 1 
2084.782371 2063.494754 1990.962838 1918.430922 1845.899006 1773.367089 1700.835173 1570.818586 1338.496633 1106.174681 873.8527289 641.5307767 409.2088244 259.8513785 234.9406924 210.0300062 185.11932 160.2086338 135.2979477 66.96487791 61.12210969 55.27934146 49.43657323 43.593805 37.75103677 29.75808778 23.00784418 20.12966899 17.25149379 14.34822744 11.43145047 8.514673496 1 1 1 1 1 1 1 1 1 1 1 1 1 1 1 1 1 1 1 1 1 1 1 1 1 1 1 1 1 1 1 1 
2008.225579 2058.679981 1986.148065 1913.616149 1841.084232 1768.552316 1696.0204 1620.372167 1409.797556 1177.475604 945.1536518 712.8316995 480.5097472 331.1523014 306.2416152 281.330929 256.4202429 231.5095567 206.5988705 74.80495521 68.96218698 63.11941876 57.27665053 51.4338823 45.59111407 30.57424123 23.2468587 20.3686835 17.4905083 14.58724195 11.67046498 8.75368801 1 1 1 1 1 1 1 1 1 1 1 1 1 1 1 1 1 1 1 1 1 1 1 1 1 1 1 1 1 1 1 1 
1931.668787 2005.549154 1981.333292 1908.801375 1836.269459 1763.737543 1691.205627 1615.557394 1481.098479 1248.776527 1016.454575 784.1326223 551.81067 402.4532242 377.542538 352.6318519 327.7211657 302.8104795 222.2096636 82.64503251 76.80226428 70.95949606 65.11672783 59.2739596 51.56770137 31.39039467 23.48587321 20.60769801 17.72952282 14.82625647 11.9094795 8.86655727 1 1 1 1 1 1 1 1 1 1 1 1 1 1 1 1 1 1 1 1 1 1 1 1 1 1 1 1 1 1 1 1 
1855.111994 1928.992362 1976.518519 1903.986602 1831.454686 1758.92277 1686.390853 1610.74262 1533.758823 1320.07745 1087.755497 855.4335452 623.1115929 473.754147 448.8434609 423.9327747 399.0220885 374.1114024 230.0497409 90.48510981 84.64234158 78.79957336 72.95680513 67.1140369 52.38385482 32.20654812 23.98401133 20.84671253 17.96853733 15.06527098 12.14849401 8.918265194 1 1 1 1 1 1 1 1 1 1 1 1 1 1 1 1 1 1 1 1 1 1 1 1 1 1 1 1 1 1 1 1 
1778.555202 1852.43557 1926.315937 1899.171829 1826.639913 1754.107996 1681.57608 1605.927847 1528.94405 1391.378373 1159.05642 926.734468 694.4125157 545.0550699 520.1443837 495.2336975 470.3230114 392.312434 237.8898182 98.32518711 92.48241888 86.63965065 80.79688243 73.37731497 53.20000827 33.02270157 24.80016478 21.08572704 18.20755185 15.3042855 12.38750852 8.969973118 1 1 1 1 1 1 1 1 1 1 1 1 1 1 1 1 1 1 1 1 1 1 1 1 1 1 1 1 1 1 1 1 
1701.998409 1775.878777 1849.759145 1894.357056 1821.825139 1749.293223 1676.761307 1601.113074 1524.129277 1447.14548 1230.357343 998.0353908 765.7134386 616.3559927 591.4453065 566.5346204 541.6239342 400.1525113 245.7298955 106.1652644 100.3224962 94.47972795 88.63695973 74.19346842 54.01616172 33.83885502 25.61631823 21.32474156 18.44656636 15.54330001 12.62652304 9.021681043 1 1 1 1 1 1 1 1 1 1 1 1 1 1 1 1 1 1 1 1 1 1 1 1 1 1 1 1 1 1 1 1 
1625.441617 1699.321985 1773.202352 1847.08272 1817.010366 1744.47845 1671.946534 1596.298301 1519.314504 1442.330707 1301.658266 1069.336314 837.0143614 687.6569156 662.7462294 637.8355432 562.4152045 407.9925886 253.5699728 114.0053417 108.1625735 102.3198053 95.18692856 75.00962186 54.83231517 34.65500847 26.43247168 21.56375607 18.68558088 15.78231453 12.75468263 9.073388967 1 1 1 1 1 1 1 1 1 1 1 1 1 1 1 1 1 1 1 1 1 1 1 1 1 1 1 1 1 1 1 1 
1548.884825 1622.765192 1696.64556 1770.525928 1812.195593 1739.663677 1667.13176 1591.483528 1514.499731 1437.515933 1360.532136 1140.637237 908.3152842 758.9578384 734.0471522 709.136466 570.2552818 415.8326659 261.4100501 121.845419 116.0026508 110.1598826 96.00308201 75.82577531 55.64846861 35.47116192 27.24862512 22.01478081 18.92459539 16.02132904 12.80639056 9.125096891 1 1 1 1 1 1 1 1 1 1 1 1 1 1 1 1 1 1 1 1 1 1 1 1 1 1 1 1 1 1 1 1 
1472.328032 1546.2084 1620.088768 1693.969135 1767.849503 1734.848904 1662.316987 1586.668754 1509.684957 1432.70116 1355.717363 1211.938159 979.6162071 830.2587612 805.3480751 732.5179749 578.0953591 423.6727432 269.2501274 129.6854963 123.8427281 116.9965422 96.81923546 76.64192876 56.46462206 36.28731536 28.06477857 22.83093426 19.1636099 16.26034355 12.85809848 9.176804815 1 1 1 1 1 1 1 1 1 1 1 1 1 1 1 1 1 1 1 1 1 1 1 1 1 1 1 1 1 1 1 1 
1395.77124 1469.651608 1543.531975 1617.412343 1691.292711 1730.03413 1657.502214 1581.853981 1504.870184 1427.886387 1350.90259 1273.918793 1050.91713 901.5596841 876.6489979 740.3580522 585.9354364 431.5128205 277.0902047 137.5255736 131.6828054 117.8126956 97.63538891 77.45808221 57.28077551 37.10346881 28.88093202 23.64708771 19.40262442 16.49935807 12.90980641 9.228512739 1 1 1 1 1 1 1 1 1 1 1 1 1 1 1 1 1 1 1 1 1 1 1 1 1 1 1 1 1 1 1 1 
1319.214447 1393.094815 1466.975183 1540.855551 1614.735918 1688.616286 1652.687441 1577.039208 1500.055411 1423.071614 1346.087817 1269.10402 1122.218053 972.8606069 902.6207453 748.1981295 593.7755137 439.3528978 284.930282 145.3656509 138.8061558 118.6288491 98.45154236 78.27423566 58.09692896 37.91962226 29.69708547 24.46324115 19.64163893 16.642808 12.96151433 9.280220664 1 1 1 1 1 1 1 1 1 1 1 1 1 1 1 1 1 1 1 1 1 1 1 1 1 1 1 1 1 1 1 1 
1242.657655 1316.538023 1390.41839 1464.298758 1538.179126 1612.059494 1647.872668 1572.224435 1495.240638 1418.256841 1341.273044 1264.289246 1187.305449 1044.16153 910.4608226 756.0382068 601.615591 447.1929751 292.7703593 153.2057282 139.6223092 119.4450025 99.26769581 79.09038911 58.91308241 38.73577571 30.51323892 25.2793946 20.04555029 16.69451592 13.01322225 9.331928588 1 1 1 1 1 1 1 1 1 1 1 1 1 1 1 1 1 1 1 1 1 1 1 1 1 1 1 1 1 1 1 1 
1166.100863 1239.98123 1313.861598 1387.741966 1461.622334 1535.502701 1609.383069 1567.409662 1490.425864 1413.442067 1336.45827 1259.474473 1182.490676 1072.723516 918.3008999 763.8782841 609.4556683 455.0330524 300.6104366 160.6157693 140.4384627 120.261156 100.0838493 79.90654256 59.72923586 39.55192916 31.32939237 26.09554805 20.86170374 16.74622385 13.06493018 9.383636512 1 1 1 1 1 1 1 1 1 1 1 1 1 1 1 1 1 1 1 1 1 1 1 1 1 1 1 1 1 1 1 1 
1595.922548 1654.841141 1728.721509 1802.601877 1876.482245 1950.362612 2024.24298 1992.518433 1915.534635 1838.550838 1761.567041 1684.583244 1607.599447 1067.764259 914.5322625 760.1096466 605.6870308 451.264415 296.8417991 155.8437142 135.6664075 115.4891008 95.31179409 75.13448739 54.95718069 37.14892779 31.41485861 26.1810143 20.94716998 16.72248359 13.04118992 9.359896253 1 1 1 1 1 1 1 1 1 1 1 1 1 1 1 1 1 1 1 1 1 1 1 1 1 1 1 1 1 1 1 1 
2110.140647 2151.603836 2225.484204 2299.364572 2373.24494 2447.125307 2521.005675 2489.281128 2412.29733 2335.313533 2258.329736 2181.345939 1768.020812 1032.890657 908.8288392 754.4062234 599.9836075 445.5609917 291.1383758 150.1402909 129.9629842 109.7856775 89.60837082 69.43106412 49.25375743 36.72203344 31.37854365 26.14469934 20.91085502 16.68616863 13.00487496 9.323581296 1 1 1 1 1 1 1 1 1 1 1 1 1 1 1 1 1 1 1 1 1 1 1 1 1 1 1 1 1 1 1 1 
2624.358746 2662.615841 2722.246899 2796.127267 2870.007635 2943.888002 3017.76837 2986.043823 2909.060025 2832.076228 2755.092431 2678.108634 1733.14721 998.0170555 903.1254159 748.7028001 594.2801843 439.8575684 285.4349526 144.4368677 124.259561 104.0822543 83.90494756 63.72764086 45.70401943 36.29513908 31.3422287 26.10838438 20.87454007 16.64985367 12.96856001 9.321199428 1 1 1 1 1 1 1 1 1 1 1 1 1 1 1 1 1 1 1 1 1 1 1 1 1 1 1 1 1 1 1 1 
3138.576845 3176.833939 3219.009594 3292.889962 3366.77033 3440.650697 3514.531065 3482.806518 3405.82272 3328.838923 3251.855126 2860.229439 1698.273608 963.1434539 868.2518143 742.9993768 588.576761 434.1541452 279.7315293 138.7334444 118.5561377 98.37883099 78.20152429 58.02421759 45.27712507 35.86824472 31.0747545 26.07206943 20.83822511 16.61353872 12.93224505 9.326452504 1 1 1 1 1 1 1 1 1 1 1 1 1 1 1 1 1 1 1 1 1 1 1 1 1 1 1 1 1 1 1 1 
3652.794944 3691.052038 3729.309133 3789.652657 3863.533025 3937.413392 4011.29376 3979.569213 3902.585415 3825.601618 3748.617821 2825.355838 1663.400007 928.2698523 833.3782127 737.2959536 582.8733377 428.4507219 274.028106 133.0300211 112.8527144 92.67540772 72.49810102 54.25911107 44.85023072 35.44135037 30.64786015 26.03575447 20.80191015 16.57722376 12.89593009 9.33170558 1 1 1 1 1 1 1 1 1 1 1 1 1 1 1 1 1 1 1 1 1 1 1 1 1 1 1 1 1 1 1 1 
4167.013042 4205.270137 4243.527232 4286.415352 4360.29572 4434.176087 4508.056455 4476.331908 4399.34811 4322.364313 3952.438067 2790.482236 1628.526405 893.3962506 798.504611 703.6129715 577.1699145 422.7472986 268.3246828 127.3265979 107.1492912 86.97198446 66.79467776 53.83221671 44.42333636 35.01445601 30.22096579 25.99943951 20.7655952 16.5409088 12.85961514 9.336958656 1 1 1 1 1 1 1 1 1 1 1 1 1 1 1 1 1 1 1 1 1 1 1 1 1 1 1 1 1 1 1 1 
4681.231141 4719.488236 4757.745331 4796.002425 4857.058415 4930.938782 5004.81915 4973.094603 4896.110805 4819.127008 3917.564466 2755.608634 1593.652803 858.522649 763.6310094 668.7393698 571.4664912 417.0438754 262.6212595 121.6231746 101.4458679 81.26856119 62.81420271 53.40532236 43.99644201 34.58756166 29.79407144 25.96312456 20.72928024 16.50459385 12.85383996 9.342211732 1 1 1 1 1 1 1 1 1 1 1 1 1 1 1 1 1 1 1 1 1 1 1 1 1 1 1 1 1 1 1 1 
5195.44924 5233.706335 5271.963429 5310.220524 5353.82111 5427.701477 5501.581845 5469.857298 5392.8735 5044.646695 3882.690864 2720.735033 1558.779202 823.6490474 728.7574078 633.8657682 538.9741286 411.3404521 256.9178362 115.9197513 95.74244462 75.56513792 62.38730835 52.978428 43.56954765 34.1606673 29.36717708 25.7275344 20.69296528 16.46827889 12.85909304 9.347464808 1 1 1 1 1 1 1 1 1 1 1 1 1 1 1 1 1 1 1 1 1 1 1 1 1 1 1 1 1 1 1 1 
5709.667339 5747.924433 5786.181528 5824.438623 5862.695718 5924.464172 5998.34454 5966.619993 5889.636196 5009.773093 3847.817262 2685.861431 1523.9056 788.7754457 693.8838062 598.9921666 504.100527 405.6370288 251.214413 110.2163281 90.03902136 71.36929435 61.960414 52.55153365 43.1426533 33.73377295 28.94028273 25.30064004 20.65665033 16.43196393 12.86434611 9.352717885 1 1 1 1 1 1 1 1 1 1 1 1 1 1 1 1 1 1 1 1 1 1 1 1 1 1 1 1 1 1 1 1 
6223.885438 6262.142532 6300.399627 6338.656722 6376.913816 6421.226867 6495.107235 6463.382688 6136.855323 4974.899492 3812.943661 2650.98783 1489.031999 753.9018441 659.0102045 564.1185649 469.2269253 374.3352858 245.5109897 104.5129048 84.33559809 70.94239999 61.53351964 52.12463929 42.71575894 33.30687859 28.51338837 24.87374568 20.62033537 16.39564898 12.86959919 9.357970961 1 1 1 1 1 1 1 1 1 1 1 1 1 1 1 1 1 1 1 1 1 1 1 1 1 1 1 1 1 1 1 1 
6738.103536 6776.360631 6814.617726 6852.87482 6891.131915 6929.38901 6991.86993 6960.145383 6101.981721 4940.02589 3778.070059 2616.114228 1454.158397 719.0282425 624.1366029 529.2449633 434.3533237 339.4616841 239.8075664 98.80948152 79.92438598 70.51550564 61.10662529 51.69774494 42.28886459 32.87998424 28.08649402 24.44685133 20.58402041 16.38648049 12.87485226 9.363224037 1 1 1 1 1 1 1 1 1 1 1 1 1 1 1 1 1 1 1 1 1 1 1 1 1 1 1 1 1 1 1 1 
7252.321635 7290.57873 7328.835825 7367.092919 7405.350014 7443.607109 7488.632625 7229.06395 6067.108119 4905.152288 3743.196457 2581.240626 1419.284795 684.1546408 589.2630013 494.3713617 399.4797221 304.5880825 209.6964429 93.10605825 79.49749163 70.08861128 60.67973093 51.27085058 41.86197023 32.45308988 27.65959966 24.01995697 20.38031429 16.39173357 12.88010534 9.368477113 1 1 1 1 1 1 1 1 1 1 1 1 1 1 1 1 1 1 1 1 1 1 1 1 1 1 1 1 1 1 1 1 
7766.539734 7804.796829 7843.053923 7881.311018 7919.568113 7957.825207 7996.082302 7194.190349 6032.234518 4870.278687 3708.322856 2546.367025 1384.411194 649.2810392 554.3893996 459.49776 364.6061205 269.7144809 174.8228413 88.47947762 79.07059727 69.66171692 60.25283657 50.84395623 41.43507588 32.02619553 27.23270531 23.59306262 19.95341993 16.39698664 12.88535842 9.373730189 1 1 1 1 1 1 1 1 1 1 1 1 1 1 1 1 1 1 1 1 1 1 1 1 1 1 1 1 1 1 1 1 
