26.44116836 26.40341823 26.3656681 26.32791796 26.29016783 26.25241769 26.21466756 26.17691742 26.13916729 26.10141715 26.01916053 25.13578703 24.25241353 23.36904003 22.48566654 21.60229304 20.71891954 19.83554604 18.95217255 18.06879905 17.18542555 16.30205205 15.41867856 14.53530506 13.85408018 13.22676159 12.59944301 11.97212442 11.34480584 10.71748725 10.09016867 9.462850084 8.8355315 8.208212915 7.58089433 6.953575746 6.326257161 5.860724617 5.540799508 5.2208744 4.900949292 4.581024184 4.261099076 3.941173967 3.621248859 3.301323751 2.981398643 2.661473534 2.341548426 2.021623318 1.750454722 1.615804358 1.481153995 1.346503632 1.211853269 1.077202906 0.9425525424 0.8079021792 0.673251816 0.5386014528 0.4039510896 0.2693007264 0.1346503632 0 
28.65441992 28.61666979 28.57891965 28.54116952 28.50341938 28.46566925 28.42791911 28.39016898 28.35241884 28.3096531 28.21736525 27.33399175 26.45061825 25.56724476 24.68387126 23.80049776 22.91712426 22.03375077 21.15037727 20.26700377 19.38363027 18.50025678 17.57039764 16.61908358 15.5631095 14.47922607 13.80384803 13.17652944 12.54921086 11.92189227 11.29457369 10.6672551 10.03993652 9.412617933 8.785299348 8.157980763 7.530662179 7.065129634 6.745204526 6.425279418 6.10535431 5.785429201 5.465504093 5.145578985 4.825653877 4.505728768 4.18580366 3.865878552 3.493184055 2.839052815 2.242297576 1.806195141 1.481153995 1.346503632 1.211853269 1.077202906 0.9425525424 0.8079021792 0.673251816 0.5386014528 0.4039510896 0.2693007264 0.1346503632 0 
30.86767148 30.82992134 30.79217121 30.75442108 30.71667094 30.67892081 30.64117067 30.60342054 30.55619647 30.50785782 30.41556997 29.53219647 28.64882298 27.76544948 26.88207598 25.99870248 25.11532899 24.23195549 23.34858199 22.46520849 21.54250099 20.59118694 19.63987289 18.68855883 17.63258475 16.54870132 15.46481789 14.38093446 13.75361587 13.12629729 12.4989787 11.87166012 11.24434153 10.61702295 9.989704366 9.362385781 8.735067196 8.269534652 7.949609544 7.629684435 7.309759327 6.989834219 6.669909111 6.349984003 6.030058894 5.710133786 5.372618882 4.718487642 4.064356402 3.410225162 2.813469923 2.377367488 1.941265053 1.505162617 1.211853269 1.077202906 0.9425525424 0.8079021792 0.673251816 0.5386014528 0.4039510896 0.2693007264 0.1346503632 0 
33.08092304 33.0431729 33.00542277 32.96767263 32.9299225 32.89217236 32.85107849 32.80273984 32.75440119 32.70606254 32.61377469 31.7304012 30.8470277 29.9636542 29.0802807 28.19690721 27.31353371 26.43016021 25.51460435 24.56329029 23.61197624 22.66066219 21.70934814 20.75803409 19.70206 18.61817657 17.53429314 16.45040971 15.36652628 14.33070231 13.70338372 13.07606514 12.44874655 11.82142797 11.19410938 10.5667908 9.939472214 9.47393967 9.154014561 8.834089453 8.514164345 8.194239237 7.874314128 7.55438902 7.234463912 6.597922469 5.943791229 5.289659989 4.635528749 3.981397509 3.384642271 2.948539835 2.5124374 2.076334965 1.640232529 1.204130094 0.9425525424 0.8079021792 0.673251816 0.5386014528 0.4039510896 0.2693007264 0.1346503632 0 
35.29417459 35.25642446 35.21867433 35.18092419 35.14317406 35.09762186 35.04928321 35.00094456 34.95260592 34.90426727 34.81197942 33.92860592 33.04523242 32.16185893 31.27848543 30.39511193 29.4867077 28.53539365 27.5840796 26.63276555 25.68145149 24.73013744 23.77882339 22.82750934 21.77153525 20.68765182 19.60376839 18.51988496 17.43600153 16.3521181 15.26823467 14.28047015 13.65315157 13.02583299 12.3985144 11.77119582 11.14387723 10.67834469 10.35841958 10.03849447 9.718569363 9.398644254 9.078719146 8.477357295 7.823226056 7.169094816 6.514963576 5.860832336 5.206701096 4.552569857 3.955814618 3.519712183 3.083609747 2.647507312 2.211404877 1.775302441 1.339200006 0.9030975704 0.673251816 0.5386014528 0.4039510896 0.2693007264 0.1346503632 0 
37.50742615 37.46967602 37.43192588 37.39250388 37.34416523 37.29582658 37.24748793 37.19914929 37.15081064 37.10247199 37.01018414 36.12681064 35.24343715 34.36006365 33.45881106 32.507497 31.55618295 30.6048689 29.65355485 28.7022408 27.75092674 26.79961269 25.84829864 24.89698459 23.8410105 22.75712707 21.67324364 20.58936021 19.50547678 18.42159335 17.33770992 16.25382649 15.16994306 14.230238 13.60291942 12.97560083 12.34828225 11.8827497 11.5628246 11.24289949 10.92297438 10.35679212 9.702660883 9.048529643 8.394398403 7.740267163 7.086135923 6.432004684 5.777873444 5.123742204 4.526986965 4.09088453 3.654782095 3.218679659 2.782577224 2.346474788 1.910372353 1.474269918 1.038167482 0.6020650469 0.4039510896 0.2693007264 0.1346503632 0 
39.72067771 39.68292757 39.63904725 39.5907086 39.54236995 39.4940313 39.44569266 39.39735401 39.34901536 39.30067671 39.20838886 38.32501537 37.43091441 36.47960036 35.52828631 34.57697226 33.6256582 32.67434415 31.7230301 30.77171605 29.82040199 28.86908794 27.91777389 26.96645984 25.91048575 24.82660232 23.74271889 22.65883546 21.57495203 20.4910686 19.40718517 18.32330174 17.23941831 16.15553488 15.07165145 14.18000585 13.55268727 13.08715472 12.76722961 12.23622695 11.58209571 10.92796447 10.27383323 9.61970199 8.96557075 8.31143951 7.657308271 7.003177031 6.349045791 5.694914551 5.098159313 4.662056877 4.225954442 3.789852006 3.353749571 2.917647136 2.4815447 2.045442265 1.60933983 1.173237394 0.7371349588 0.3010325235 0.1346503632 0 
41.93392927 41.88559062 41.83725197 41.78891332 41.74057468 41.69223603 41.64389738 41.59555873 41.54722008 41.49888144 41.40301777 40.45170372 39.50038966 38.54907561 37.59776156 36.64644751 35.69513345 34.7438194 33.79250535 32.8411913 31.88987724 30.93856319 29.98724914 29.03593509 27.979961 26.89607757 25.81219414 24.72831071 23.64442728 22.56054385 21.47666042 20.39277699 19.30889356 18.22501013 17.1411267 16.05724327 14.97335984 14.11566178 13.46153054 12.8073993 12.15326806 11.49913682 10.84500558 10.19087434 9.536743098 8.882611858 8.228480618 7.574349378 6.920218138 6.266086899 5.66933166 5.233229225 4.797126789 4.361024354 3.924921918 3.488819483 3.052717048 2.616614612 2.180512177 1.744409742 1.308307306 0.8722048708 0.4361024354 0 
44.27039995 43.29635853 43.24801988 43.19968123 43.15134258 43.10300394 43.05466529 43.00632664 42.95798799 42.90964934 42.81378567 41.86247162 40.91115757 39.95984352 39.00852947 38.05721541 37.10590136 36.15458731 35.20327326 34.2519592 33.30064515 32.3493311 31.39801705 29.58436065 28.36444074 27.29704486 26.21316143 25.129278 24.04539457 22.96151114 21.87762771 20.79374428 19.70986085 18.62597742 17.54209399 16.45821056 15.37432713 14.51662906 13.86249782 13.20836658 12.55423534 11.9001041 11.24597286 10.59184162 9.937710382 9.283579143 8.629447903 7.975316663 7.321185423 6.641503214 5.875878494 5.233229225 4.797126789 4.361024354 3.924921918 3.488819483 3.052717048 2.616614612 2.180512177 1.744409742 1.308307306 0.8722048708 0.4361024354 0 
46.60687064 45.25569104 44.65878779 44.61044914 44.56211049 44.51377184 44.46543319 44.41709455 44.3687559 44.32041725 44.22455358 43.27323953 42.32192548 41.37061143 40.41929737 39.46798332 38.51666927 37.56535522 36.61404116 35.66272711 34.71141306 33.76009901 32.00803849 29.88640268 28.66648278 27.68702045 26.61412871 25.53024528 24.44636185 23.36247842 22.27859499 21.19471156 20.11082813 19.0269447 17.94306127 16.85917784 15.77529441 14.91759635 14.26346511 13.60933387 12.95520263 12.30107139 11.64694015 10.99280891 10.33867767 9.684546427 9.030415188 8.376283948 7.702989481 6.927491138 6.161866417 5.42388784 4.797126789 4.361024354 3.924921918 3.488819483 3.052717048 2.616614612 2.180512177 1.744409742 1.308307306 0.8722048708 0.4361024354 0 
48.94334132 47.59216173 46.24098213 46.02121704 45.9728784 45.92453975 45.8762011 45.82786245 45.77952381 45.73118516 45.63532149 44.68400744 43.73269338 42.78137933 41.83006528 40.87875123 39.92743718 38.97612312 38.02480907 37.07349502 36.12218097 34.43171633 32.31008052 30.18844471 28.96852481 27.98906248 27.00960015 25.93121257 24.84732914 23.76344571 22.67956228 21.59567885 20.51179542 19.42791199 18.34402856 17.26014513 16.1762617 15.31856363 14.66443239 14.01030115 13.35616991 12.70203867 12.04790743 11.39377619 10.73964495 10.08551371 9.431382472 8.764475748 7.988977405 7.213479061 6.447854341 5.709875764 4.971897187 4.361024354 3.924921918 3.488819483 3.052717048 2.616614612 2.180512177 1.744409742 1.308307306 0.8722048708 0.4361024354 0 
51.27981201 49.92863241 48.57745282 47.43198495 47.3836463 47.33530766 47.28696901 47.23863036 47.19029171 47.14195307 47.0460894 46.09477534 45.14346129 44.19214724 43.24083319 42.28951913 41.33820508 40.38689103 39.43557698 38.48426293 36.85539417 34.73375836 32.61212255 30.49048674 29.27056684 28.29110451 27.31164218 26.33217985 25.24829642 24.16441299 23.08052956 21.99664613 20.9127627 19.82887927 18.74499584 17.66111241 16.57722898 15.71953092 15.06539968 14.41126844 13.7571372 13.10300596 12.44887472 11.79474348 11.14061224 10.486481 9.825962015 9.050463671 8.274965328 7.499466985 6.733842264 5.995863687 5.25788511 4.519906533 3.924921918 3.488819483 3.052717048 2.616614612 2.180512177 1.744409742 1.308307306 0.8722048708 0.4361024354 0 
53.61628269 52.2651031 50.9139235 49.56274391 48.79441421 48.74607556 48.69773692 48.64939827 48.60105962 48.55272097 48.4568573 47.50554325 46.5542292 45.60291515 44.65160109 43.70028704 42.74897299 41.79765894 40.84634489 39.27907201 37.1574362 35.03580039 32.91416459 30.79252878 29.57260887 28.59314654 27.61368421 26.63422188 25.64926371 24.56538028 23.48149685 22.39761342 21.31372999 20.22984656 19.14596313 18.0620797 16.97819627 16.1204982 15.46636696 14.81223572 14.15810448 13.50397324 12.849842 12.19571076 11.54157952 10.88744828 10.11194994 9.336451595 8.560953252 7.785454908 7.019830188 6.281851611 5.543873034 4.805894457 4.06791588 3.488819483 3.052717048 2.616614612 2.180512177 1.744409742 1.308307306 0.8722048708 0.4361024354 0 
55.95275337 54.60157378 53.25039419 51.89921459 50.548035 50.15684347 50.10850482 50.06016618 50.01182753 49.96348888 49.86762521 48.91631116 47.96499711 47.01368305 46.062369 45.11105495 44.1597409 43.20842684 41.70274985 39.58111405 37.45947824 35.33784243 33.21620662 31.09457081 29.8746509 28.89518857 27.91572624 26.93626391 25.95680158 24.96634756 23.88246413 22.7985807 21.71469727 20.63081384 19.54693041 18.46304698 17.37916355 16.52146549 15.86733425 15.21320301 14.55907177 13.90494053 13.25080929 12.59667805 11.94254681 11.17343621 10.39793786 9.622439518 8.846941175 8.071442832 7.305818111 6.567839534 5.829860957 5.09188238 4.353903804 3.615925227 3.052717048 2.616614612 2.180512177 1.744409742 1.308307306 0.8722048708 0.4361024354 0 
58.28922406 56.93804447 55.58686487 54.23568528 52.88450568 51.56761138 51.51927273 51.47093408 51.42259543 51.37425679 51.27839312 50.32707907 49.37576501 48.42445096 47.47313691 46.52182286 45.5705088 44.1264277 42.00479189 39.88315608 37.76152027 35.63988446 33.51824865 31.39661284 30.17669294 29.19723061 28.21776828 27.23830595 26.25884362 25.27938129 24.28343142 23.19954799 22.11566456 21.03178113 19.9478977 18.86401427 17.78013084 16.92243277 16.26830153 15.61417029 14.96003905 14.30590781 13.65177657 12.99764533 12.23492247 11.45942413 10.68392579 9.908427442 9.132929099 8.357430755 7.591806035 6.853827458 6.115848881 5.377870304 4.639891727 3.90191315 3.163934573 2.616614612 2.180512177 1.744409742 1.308307306 0.8722048708 0.4361024354 0 
60.62569474 59.27451515 57.92333556 56.57215596 55.22097637 53.86979677 52.93004064 52.88170199 52.83336334 52.78502469 52.68916102 51.73784697 50.78653292 49.83521887 48.88390482 47.93259076 46.55010554 44.42846973 42.30683392 40.18519811 38.0635623 35.94192649 33.82029068 31.69865487 30.47873497 29.49927264 28.51981031 27.54034798 26.56088565 25.58142332 24.60196099 23.60051527 22.51663184 21.43274841 20.34886498 19.26498155 18.18109812 17.32340005 16.66926881 16.01513758 15.36100634 14.7068751 14.05274386 13.29640874 12.5209104 11.74541205 10.96991371 10.19441537 9.418917022 8.643418679 7.877793958 7.139815381 6.401836804 5.663858227 4.925879651 4.187901074 3.449922497 2.71194392 2.180512177 1.744409742 1.308307306 0.8722048708 0.4361024354 0 
62.96216543 61.61098583 60.25980624 58.90862665 57.55744705 56.20626746 54.85508787 54.2924699 54.24413125 54.1957926 54.09992893 53.14861488 52.19730083 51.24598678 50.29467272 48.97378338 46.85214757 44.73051176 42.60887595 40.48724014 38.36560433 36.24396852 34.12233271 32.0006969 30.780777 29.80131467 28.82185234 27.84239001 26.86292768 25.88346535 24.90400302 23.92454069 22.91759913 21.8337157 20.74983227 19.66594884 18.58206541 17.72436734 17.0702361 16.41610486 15.76197362 15.10784238 14.35789501 13.58239666 12.80689832 12.03139998 11.25590163 10.48040329 9.704904946 8.929406602 8.163781882 7.425803305 6.687824728 5.949846151 5.211867574 4.473888997 3.73591042 2.997931844 2.259953267 1.744409742 1.308307306 0.8722048708 0.4361024354 0 
65.29863611 63.94745652 62.59627693 61.24509733 59.89391774 58.54273814 57.19155855 55.84037896 55.65489916 55.60656051 55.51069684 54.55938279 53.60806873 52.65675468 51.39746122 49.27582541 47.1541896 45.03255379 42.91091798 40.78928217 38.66764636 36.54601055 34.42437474 32.30273894 31.08281903 30.1033567 29.12389437 28.14443204 27.16496971 26.18550738 25.20604505 24.22658272 23.24712039 22.23468298 21.15079955 20.06691612 18.98303269 18.12533462 17.47120338 16.81707214 16.1629409 15.41938127 14.64388293 13.86838459 13.09288624 12.3173879 11.54188956 10.76639121 9.990892869 9.215394526 8.449769805 7.711791228 6.973812651 6.235834075 5.497855498 4.759876921 4.021898344 3.283919767 2.54594119 1.807962613 1.308307306 0.8722048708 0.4361024354 0 
67.6351068 66.2839272 64.93274761 63.58156802 62.23038842 60.87920883 59.52802923 58.17684964 57.06566706 57.01732842 56.92146475 55.97015069 55.01883664 53.82113906 51.69950325 49.57786744 47.45623163 45.33459582 43.21296001 41.09132421 38.9696884 36.84805259 34.72641678 32.60478097 31.38486106 30.40539873 29.4259364 28.44647407 27.46701174 26.48754942 25.50808709 24.52862476 23.54916243 22.5697001 21.55176684 20.46788341 19.38399998 18.52630191 17.87217067 17.21803943 16.48086754 15.7053692 14.92987085 14.15437251 13.37887417 12.60337582 11.82787748 11.05237914 10.27688079 9.501382449 8.735757729 7.997779152 7.259800575 6.521821998 5.783843421 5.045864844 4.307886267 3.569907691 2.831929114 2.093950537 1.35597196 0.8722048708 0.4361024354 0 
69.97157748 68.62039789 67.26921829 65.9180387 64.56685911 63.21567951 61.86449992 60.51332033 59.16214073 58.42809632 58.33223265 57.3809186 56.2448169 54.12318109 52.00154528 49.87990947 47.75827367 45.63663786 43.51500205 41.39336624 39.27173043 37.15009462 35.02845881 32.906823 31.6869031 30.70744077 29.72797844 28.74851611 27.76905378 26.78959145 25.81012912 24.83066679 23.85120446 22.87174213 21.8922798 20.86885069 19.78496726 18.92726919 18.27313795 17.54235381 16.76685546 15.99135712 15.21585878 14.44036043 13.66486209 12.88936375 12.1138654 11.33836706 10.56286872 9.787370373 9.021745652 8.283767075 7.545788498 6.807809922 6.069831345 5.331852768 4.593874191 3.855895614 3.117917037 2.37993846 1.641959884 0.9039813067 0.4361024354 0 
72.30804817 70.95686857 69.60568898 68.25450939 66.90332979 65.5521502 64.2009706 62.84979101 61.49861142 60.14743182 59.74300056 58.66849474 56.54685893 54.42522313 52.30358732 50.18195151 48.0603157 45.93867989 43.81704408 41.69540827 39.57377246 37.45213665 35.33050084 33.20886503 31.98894513 31.0094828 30.03002047 29.05055814 28.07109581 27.09163348 26.11217115 25.13270882 24.15324649 23.17378416 22.19432183 21.2148595 20.18593455 19.32823648 18.60384007 17.82834173 17.05284339 16.27734504 15.5018467 14.72634836 13.95085001 13.17535167 12.39985333 11.62435498 10.84885664 10.0733583 9.307733576 8.569754999 7.831776422 7.093797845 6.355819268 5.617840691 4.879862114 4.141883538 3.403904961 2.665926384 1.927947807 1.18996923 0.4519906533 0 
74.64451885 73.29333926 71.94215966 70.59098007 69.23980048 67.88862088 66.53744129 65.18626169 63.8350821 62.48390251 61.09217259 58.97053678 56.84890097 54.72726516 52.60562935 50.48399354 48.36235773 46.24072192 44.11908611 41.9974503 39.87581449 37.75417868 35.63254287 33.51090706 32.29098716 31.31152483 30.3320625 29.35260017 28.37313784 27.39367551 26.41421318 25.43475085 24.45528852 23.47582619 22.49636386 21.51690153 20.5374392 19.66532634 18.889828 18.11432965 17.33883131 16.56333297 15.78783462 15.01233628 14.23683794 13.46133959 12.68584125 11.91034291 11.13484456 10.35934622 9.593721499 8.855742922 8.117764345 7.379785769 6.641807192 5.903828615 5.165850038 4.427871461 3.689892884 2.951914307 2.213935731 1.475957154 0.7379785769 0 
72.45866787 71.10748828 69.75630868 68.40512909 67.0539495 65.7027699 64.35159031 63.00041071 61.64923112 61.08130865 61.25609297 59.13445716 57.01282135 54.89118554 52.76954973 50.64791393 48.52627812 46.40464231 44.2830065 42.16137069 40.03973488 37.91809907 36.85583996 36.28252395 34.76383839 32.99305428 31.93029492 30.95083259 29.97137026 28.99190793 28.0124456 27.03298327 26.05352094 25.07405861 24.09459628 23.11513395 22.13567162 21.26355876 20.48806042 19.71256207 18.93706373 18.16156539 17.38606704 16.6105687 15.83507036 15.05957201 14.28407367 13.50857533 12.66011846 11.42254946 10.21607244 9.096652963 8.117764345 7.379785769 6.641807192 5.903828615 5.165850038 4.427871461 3.689892884 2.951914307 2.213935731 1.475957154 0.7379785769 0 
70.27281689 68.9216373 67.5704577 66.21927811 64.86809852 63.51691892 62.16573933 60.81455973 60.94286582 61.24522904 61.42001336 59.29837755 57.17674174 55.05510593 52.93347012 50.81183431 48.6901985 46.56856269 44.44692688 42.32529107 41.10005094 40.52673492 39.95341891 39.3801029 37.86141734 36.09063323 34.31984912 32.54906501 31.56960268 30.59014035 29.61067802 28.63121569 27.65175336 26.67229103 25.6928287 24.71336637 23.73390404 22.86179118 22.08629284 21.31079449 20.53529615 19.75979781 18.98429946 18.20880112 17.43330278 16.65780443 15.85798658 14.62041758 13.38284858 12.14527958 10.93880256 9.819383085 8.699963611 7.580544136 6.641807192 5.903828615 5.165850038 4.427871461 3.689892884 2.951914307 2.213935731 1.475957154 0.7379785769 0 
68.08696591 66.73578632 65.38460672 64.03342713 62.68224754 61.33106794 60.50205976 60.80442298 61.1067862 61.40914942 61.58393375 59.46229794 57.34066213 55.21902632 53.09739051 50.9757547 48.85411889 46.73248308 45.34426191 44.7709459 44.19762989 43.62431387 43.05099786 42.47768185 40.95899629 39.18821218 37.41742807 35.64664396 33.87585985 32.18837277 31.20891044 30.22944811 29.24998578 28.27052345 27.29106112 26.31159879 25.33213646 24.4600236 23.68452526 22.90902691 22.13352857 21.35803023 20.58253188 19.80703354 19.0315352 17.8182857 16.5807167 15.3431477 14.1055787 12.8680097 11.66153268 10.54211321 9.422693733 8.303274258 7.183854783 6.064435309 5.165850038 4.427871461 3.689892884 2.951914307 2.213935731 1.475957154 0.7379785769 0 
65.90111493 64.54993534 63.19875574 61.84757615 60.49639656 60.36361693 60.66598015 60.96834337 61.27070659 61.57306981 61.74785413 59.62621832 57.50458251 55.3829467 53.26131089 51.13967508 49.58847288 49.01515687 48.44184086 47.86852485 47.29520883 46.72189282 46.14857681 45.5752608 44.05657523 42.28579113 40.51500702 38.74422291 36.9734388 35.20265469 33.43187058 31.82768053 30.8482182 29.86875587 28.88929354 27.90983121 26.93036888 26.05825602 25.28275767 24.50725933 23.73176099 22.95626264 22.1807643 21.01615383 19.77858483 18.54101583 17.30344683 16.06587782 14.82830882 13.59073982 12.3842628 11.26484333 10.14542385 9.02600438 7.906584906 6.787165431 5.667745956 4.548326481 3.689892884 2.951914307 2.213935731 1.475957154 0.7379785769 0 
63.71526395 62.36408436 61.01290476 59.92281088 60.2251741 60.52753732 60.82990054 61.13226376 61.43462698 61.7369902 61.91177452 59.79013871 57.6685029 55.54686709 53.83268386 53.25936785 52.68605183 52.11273582 51.53941981 50.9661038 50.39278778 49.81947177 49.24615576 48.67283975 47.15415418 45.38337007 43.61258597 41.84180186 40.07101775 38.30023364 36.52944953 34.75866542 32.98788131 31.46698829 30.48752596 29.50806363 28.5286013 27.65648844 26.88099009 26.10549175 25.32999341 24.21402195 22.97645295 21.73888395 20.50131495 19.26374595 18.02617695 16.78860795 15.55103895 14.31346995 13.10699293 11.98757345 10.86815398 9.748734503 8.629315028 7.509895553 6.390476078 5.271056604 4.151637129 3.032217654 2.213935731 1.475957154 0.7379785769 0 
61.52941297 60.17823338 59.78436805 60.08673126 60.38909448 60.6914577 60.99382092 61.29618414 61.59854736 61.90091058 62.07569491 59.9540591 58.07689483 57.50357882 56.93026281 56.3569468 55.78363078 55.21031477 54.63699876 54.06368275 53.49036673 52.91705072 52.34373471 51.77041869 50.25173313 48.48094902 46.71016491 44.93938081 43.1685967 41.39781259 39.62702848 37.85624437 36.08546026 34.31467615 32.54389204 31.10629605 30.12683372 29.25472086 28.47922251 27.41189007 26.17432107 24.93675207 23.69918307 22.46161407 21.22404507 19.98647607 18.74890707 17.51133807 16.27376907 15.03620007 13.82972305 12.71030357 11.5908841 10.47146462 9.35204515 8.232625675 7.113206201 5.993786726 4.874367251 3.754947777 2.635528302 1.516108827 0.7379785769 0 
59.34356199 59.64592521 59.94828843 60.25065165 60.55301487 60.85537809 61.15774131 61.46010453 61.76246775 62.06483097 62.32110581 61.74778979 61.17447378 60.60115777 60.02784176 59.45452574 58.88120973 58.30789372 57.73457771 57.16126169 56.58794568 56.01462967 55.44131366 54.86799764 53.34931208 51.57852797 49.80774386 48.03695975 46.26617565 44.49539154 42.72460743 40.95382332 39.18303921 37.4122551 35.64147099 33.87068688 32.09990277 30.60975819 29.37218919 28.13462019 26.89705119 25.65948219 24.42191319 23.18434419 21.94677519 20.70920619 19.47163719 18.23406819 16.99649919 15.75893019 14.55245317 13.4330337 12.31361422 11.19419475 10.07477527 8.955355798 7.835936323 6.716516848 5.597097374 4.477677899 3.358258424 2.238838949 1.119419475 0 
59.40765469 59.68251944 59.97330435 60.27566757 60.57803079 60.88039401 61.18275723 61.48512045 61.78748367 62.08984689 62.34612172 61.77280571 61.1994897 60.62617369 60.05285767 59.47954166 58.90622565 58.33290964 57.75959362 57.18627761 56.6129616 56.03964559 55.03270512 53.82563028 52.17352181 50.4027377 48.63195359 46.86116948 45.09038537 43.31960126 41.54881715 39.77803304 38.00724893 36.23646482 34.46568072 32.83274416 31.389348 30.18153064 29.18573418 28.03723928 26.79967028 25.56210128 24.32453228 23.08696328 21.84939428 20.61182528 19.37425628 18.13668728 16.89911828 15.66154928 14.46859738 13.40057339 12.31361422 11.19419475 10.07477527 8.955355798 7.835936323 6.716516848 5.597097374 4.477677899 3.358258424 2.238838949 1.119419475 0 
59.47174739 59.74661213 60.02147688 60.30068348 60.6030467 60.90540992 61.20777314 61.51013636 61.81249958 62.1148628 62.37113764 61.79782163 61.22450562 60.6511896 60.07787359 59.50455758 58.93124157 58.35792555 57.78460954 57.21129353 56.27106451 55.06398968 53.85691484 52.64984 50.99773153 49.22694742 47.45616331 45.6853792 43.9145951 42.14381099 40.37302688 38.60224277 36.83145866 35.16406022 33.72066406 32.2772679 30.83387174 29.62605437 28.63025792 27.63446146 26.63866501 25.46472036 24.22715136 22.98958236 21.75201336 20.51444436 19.27687536 18.03930636 16.80173736 15.56416836 14.37121647 13.30319248 12.23516848 11.16714449 10.07477527 8.955355798 7.835936323 6.716516848 5.597097374 4.477677899 3.358258424 2.238838949 1.119419475 0 
59.53584009 59.81070483 60.08556958 60.36043432 60.63529906 60.93042584 61.23278906 61.53515228 61.8375155 62.13987872 62.39615356 61.82283755 61.24952153 60.67620552 60.10288951 59.52957349 58.95625748 58.38294147 57.50942391 56.30234907 55.09527424 53.8881994 52.68112457 51.47404973 49.82194126 48.05115715 46.28037304 44.50958893 42.73880482 40.96802071 39.1972366 37.49537627 36.05198011 34.60858395 33.16518779 31.72179163 30.27839547 29.0705781 28.07478165 27.07898519 26.08318874 25.08739229 24.09159583 22.89220145 21.65463245 20.41706345 19.17949445 17.94192545 16.70435644 15.46678744 14.27383555 13.20581156 12.13778757 11.06976358 10.00173959 8.933715594 7.835936323 6.716516848 5.597097374 4.477677899 3.358258424 2.238838949 1.119419475 0 
59.59993279 59.87479753 60.14966228 60.42452702 60.69939176 60.9742565 61.25780498 61.5601682 61.86253142 62.16489464 62.42116947 61.84785346 61.27453745 60.70122144 60.12790542 59.55458941 58.74778331 57.54070847 56.33363363 55.1265588 53.91948396 52.71240913 51.50533429 50.29825945 48.64615098 46.87536687 45.10458276 43.33379865 41.56301455 39.82669233 38.38329617 36.9399 35.49650384 34.05310768 32.60971152 31.16631536 29.7229192 28.51510184 27.51930538 26.52350893 25.52771247 24.53191602 23.53611957 22.54032311 21.54452666 20.31968253 19.08211353 17.84454453 16.60697553 15.36940653 14.17645464 13.10843064 12.04040665 10.97238266 9.90435867 8.836334679 7.768310687 6.700286696 5.597097374 4.477677899 3.358258424 2.238838949 1.119419475 0 
59.66402549 59.93889023 60.21375497 60.48861972 60.76348446 61.0383492 61.31321395 61.58807869 61.88754733 62.18991055 62.44618539 61.87286938 61.29955337 60.72623735 59.9861427 58.77906787 57.57199303 56.3649182 55.15784336 53.95076852 52.74369369 51.53661885 50.32954402 49.12246918 47.47036071 45.6995766 43.92879249 42.15800838 40.71461222 39.27121606 37.8278199 36.38442374 34.94102758 33.49763142 32.05423526 30.6108391 29.16744294 27.95962557 26.96382911 25.96803266 24.97223621 23.97643975 22.9806433 21.98484685 20.98905039 19.99325394 18.98473261 17.74716361 16.50959461 15.27202561 14.07907372 13.01104973 11.94302574 10.87500175 9.806977755 8.738953763 7.670929772 6.60290578 5.534881789 4.466857797 3.358258424 2.238838949 1.119419475 0 
59.72811819 60.00298293 60.27784767 60.55271242 60.82757716 61.1024419 61.37730665 61.65217139 61.92703613 62.21492647 62.47120131 61.8978853 61.2245021 60.01742726 58.81035243 57.60327759 56.39620276 55.18912792 53.98205308 52.77497825 51.56790341 50.36082858 49.15375374 47.9466789 46.29457043 44.52378632 43.04592827 41.60253211 40.15913595 38.71573979 37.27234363 35.82894747 34.38555131 32.94215515 31.49875899 30.05536283 28.61196667 27.4041493 26.40835285 25.41255639 24.41675994 23.42096349 22.42516703 21.42937058 20.43357413 19.43777767 18.44198122 17.44618476 16.4122137 15.1746447 13.98169281 12.91366881 11.84564482 10.77762083 9.709596839 8.641572848 7.573548856 6.505524865 5.437500873 4.369476882 3.30145289 2.233428899 1.119419475 0 
59.79221089 60.06707563 60.34194037 60.61680512 60.89166986 61.1665346 61.44139935 61.71626409 61.99112883 62.26599357 62.4628615 61.25578666 60.04871183 58.84163699 57.63456215 56.42748732 55.22041248 54.01333765 52.80626281 51.59918797 50.39211314 49.1850383 47.97796347 46.77088863 45.37724433 43.93384817 42.49045201 41.04705585 39.60365969 38.16026352 36.71686736 35.2734712 33.83007504 32.38667888 30.94328272 29.49988656 28.0564904 26.84867303 25.85287658 24.85708013 23.86128367 22.86548722 21.86969077 20.87389431 19.87809786 18.88230141 17.88650495 16.8907085 15.89491204 14.89911559 13.88431189 12.8162879 11.74826391 10.68023992 9.612215924 8.544191932 7.476167941 6.408143949 5.340119958 4.272095966 3.204071975 2.136047983 1.068023992 0 
59.79731352 59.55188207 59.82674681 60.10161156 60.3764763 60.65134104 60.92620579 61.20107053 61.47593527 61.75080002 61.94766794 60.7405931 59.53351827 58.32644343 57.11936859 55.91229376 54.70521892 53.49814409 52.29106925 51.08399441 49.87691958 48.66984474 47.46276991 46.60419729 45.31012505 43.86672889 42.42333273 40.97993657 39.53654041 38.09314425 36.64974809 35.20635193 33.76295577 32.31955961 30.87616345 29.43276729 28.04470698 26.85772351 25.83432549 24.83852903 23.84273258 22.84693613 21.85113967 20.85534322 19.85954677 18.86375031 17.86795386 16.8721574 15.87636095 14.8805645 13.87091388 12.8162879 11.74826391 10.68023992 9.612215924 8.544191932 7.476167941 6.408143949 5.340119958 4.272095966 3.204071975 2.136047983 1.068023992 0 
59.80241616 59.34501218 59.31155326 59.586418 59.86128274 60.13614748 60.41101223 60.68587697 60.96074171 61.23560646 61.43247438 60.22539954 59.01832471 57.81124987 56.60417504 55.3971002 54.19002536 52.98295053 51.77587569 50.56880086 49.36172602 48.15465118 47.27118555 46.53707802 45.24300578 43.79960962 42.35621346 40.9128173 39.46942114 38.02602498 36.58262882 35.13923266 33.6958365 32.25244034 30.80904418 29.41483544 28.08825941 26.90127593 25.83992576 24.81997794 23.82418149 22.82838503 21.83258858 20.83679213 19.84099567 18.84519922 17.84940276 16.85360631 15.85780986 14.8620134 13.85236279 12.8039205 11.74826391 10.68023992 9.612215924 8.544191932 7.476167941 6.408143949 5.340119958 4.272095966 3.204071975 2.136047983 1.068023992 0 
59.80751879 59.35011482 58.89271084 59.07122444 59.34608918 59.62095393 59.89581867 60.17068341 60.44554815 60.7204129 60.91728082 59.71020598 58.50313115 57.29605631 56.08898148 54.88190664 53.6748318 52.46775697 51.26068213 50.0536073 48.84653246 47.93817382 47.20406628 46.46995875 45.17588651 43.73249035 42.28909419 40.84569803 39.40230187 37.95890571 36.51550955 35.07211339 33.62871723 32.18532106 30.7849639 29.45838787 28.13181183 26.94482836 25.88347819 24.82212802 23.80563039 22.80983394 21.81403749 20.81824103 19.82244458 18.82664813 17.83085167 16.83505522 15.83925876 14.84346231 13.83381169 12.78536941 11.73692713 10.68023992 9.612215924 8.544191932 7.476167941 6.408143949 5.340119958 4.272095966 3.204071975 2.136047983 1.068023992 0 
59.81262143 59.35521745 58.89781348 58.55603088 58.83089562 59.10576037 59.38062511 59.65548985 59.93035459 60.20521934 60.40208726 59.19501242 57.98793759 56.78086275 55.57378792 54.36671308 53.15963825 51.95256341 50.74548857 49.53841374 48.60516208 47.87105454 47.13694701 46.40283947 45.10876724 43.66537107 42.22197491 40.77857875 39.33518259 37.89178643 36.44839027 35.00499411 33.56159795 32.15509236 30.82851633 29.50194029 28.17536426 26.98838079 25.92703062 24.86568045 23.80433028 22.79128285 21.79548639 20.79968994 19.80389349 18.80809703 17.81230058 16.81650412 15.82070767 14.82491122 13.8152606 12.76681832 11.71837603 10.66993375 9.612215924 8.544191932 7.476167941 6.408143949 5.340119958 4.272095966 3.204071975 2.136047983 1.068023992 0 
59.81772407 59.36032009 58.90291611 58.44551214 58.31570206 58.59056681 58.86543155 59.14029629 59.41516104 59.69002578 59.8868937 58.67981887 57.47274403 56.26566919 55.05859436 53.85151952 52.64444469 51.43736985 50.23029501 49.27215034 48.5380428 47.80393527 47.06982774 46.3357202 45.04164796 43.5982518 42.15485564 40.71145948 39.26806332 37.82466716 36.381271 34.93787484 33.52522082 32.19864479 30.87206875 29.54549272 28.21891669 27.03193321 25.97058304 24.90923287 23.84788271 22.78653254 21.7769353 20.78113885 19.78534239 18.78954594 17.79374948 16.79795303 15.80215658 14.80636012 13.7967095 12.74826722 11.69982494 10.65138266 9.602940377 8.544191932 7.476167941 6.408143949 5.340119958 4.272095966 3.204071975 2.136047983 1.068023992 0 
59.8228267 59.36542273 58.90801875 58.45061478 57.9932108 58.07537325 58.35023799 58.62510273 58.89996748 59.17483222 59.37170014 58.16462531 56.95755047 55.75047563 54.5434008 53.33632596 52.12925113 50.92217629 49.9391386 49.20503106 48.47092353 47.736816 47.00270846 46.26860093 44.97452869 43.53113253 42.08773637 40.64434021 39.20094405 37.75754789 36.31415173 34.89534928 33.56877325 32.24219721 30.91562118 29.58904515 28.26246911 27.07548564 26.01413547 24.9527853 23.89143513 22.83008496 21.76873479 20.76258775 19.7667913 18.77099485 17.77519839 16.77940194 15.78360548 14.78780903 13.77815841 12.72971613 11.68127385 10.63283157 9.584389284 8.535947002 7.476167941 6.408143949 5.340119958 4.272095966 3.204071975 2.136047983 1.068023992 0 
59.82792934 59.37052536 58.91312139 58.45571741 57.99831344 57.56017969 57.83504443 58.10990917 58.38477392 58.65963866 58.85650658 57.64943175 56.44235691 55.23528208 54.02820724 52.8211324 51.61405757 50.60612686 49.87201933 49.13791179 48.40380426 47.66969672 46.93558919 46.20148166 44.90740942 43.46401326 42.0206171 40.57722094 39.13382478 37.69042861 36.26547774 34.9389017 33.61232567 32.28574964 30.95917361 29.63259757 28.30602154 27.11903807 26.0576879 24.99633773 23.93498756 22.87363739 21.81228722 20.75093705 19.74824021 18.75244375 17.7566473 16.76085084 15.76505439 14.76925794 13.75960732 12.71116504 11.66272275 10.61428047 9.565838191 8.517395909 7.468953627 6.408143949 5.340119958 4.272095966 3.204071975 2.136047983 1.068023992 0 
59.83303197 59.375628 58.91822402 58.46082005 58.00341607 57.5460121 57.31985087 57.59471562 57.86958036 58.1444451 58.34131302 57.13423819 55.92716335 54.72008852 53.51301368 52.30593884 51.27311512 50.53900759 49.80490005 49.07079252 48.33668498 47.60257745 46.86846992 46.13436238 44.84029014 43.39689398 41.95349782 40.51010166 39.0667055 37.6356062 36.30903016 34.98245413 33.6558781 32.32930207 31.00272603 29.67615 28.34957397 27.1625905 26.10124033 25.03989016 23.97853999 22.91718982 21.85583965 20.79448948 19.73313931 18.73389266 17.7380962 16.74229975 15.7465033 14.75070684 13.74105622 12.69261394 11.64417166 10.59572938 9.547287097 8.498844815 7.450402533 6.401960252 5.340119958 4.272095966 3.204071975 2.136047983 1.068023992 0 
59.83813461 59.38073063 58.92332666 58.46592268 58.00851871 57.55111473 57.09371076 57.07952206 57.3543868 57.62925154 57.82611947 56.61904463 55.41196979 54.20489496 52.99782012 51.94010338 51.20599585 50.47188831 49.73778078 49.00367325 48.26956571 47.53545818 46.80135064 46.06724311 44.77317087 43.32977471 41.88637855 40.44298239 39.00573466 37.67915862 36.35258259 35.02600656 33.69943053 32.37285449 31.04627846 29.71970243 28.3931264 27.20614292 26.14479275 25.08344258 24.02209241 22.96074224 21.89939207 20.8380419 19.77669173 18.71534157 17.71954511 16.72374866 15.7279522 14.73215575 13.72250513 12.67406285 11.62562057 10.57717829 9.528736004 8.480293722 7.43185144 6.383409158 5.334966876 4.272095966 3.204071975 2.136047983 1.068023992 0 
59.84323725 59.38583327 58.92842929 58.47102532 58.01362134 57.55621737 57.09881339 56.64140942 56.83919324 57.11405798 57.31092591 56.10385107 54.89677623 53.6897014 52.60709164 51.87298411 51.13887657 50.40476904 49.67066151 48.93655397 48.20244644 47.4683389 46.73423137 46.00012384 44.7060516 43.26265544 41.81925928 40.37586312 39.04928708 37.72271105 36.39613502 35.06955899 33.74298295 32.41640692 31.08983089 29.76325486 28.43667882 27.24969535 26.18834518 25.12699501 24.06564484 23.00429467 21.9429445 20.88159433 19.82024416 18.75889399 17.70099402 16.70519756 15.70940111 14.71360466 13.70395404 12.65551176 11.60706947 10.55862719 9.51018491 8.461742629 7.413300347 6.364858065 5.316415783 4.267973501 3.204071975 2.136047983 1.068023992 0 
59.84833988 59.39093591 58.93353193 58.47612795 58.01872398 57.56132 57.10391603 56.64651205 56.32399968 56.59886442 56.79573235 55.58865751 54.38158268 53.2740799 52.53997237 51.80586484 51.0717573 50.33764977 49.60354223 48.8694347 48.13532717 47.40121963 46.6671121 45.93300456 44.63893233 43.19553616 41.75214 40.41941554 39.09283951 37.76626348 36.43968745 35.11311141 33.78653538 32.45995935 31.13338332 29.80680728 28.48023125 27.29324778 26.23189761 25.17054744 24.10919727 23.0478471 21.98649693 20.92514676 19.86379659 18.80244642 17.74109625 16.68664647 15.69085002 14.69505356 13.68540294 12.63696066 11.58851838 10.5400761 9.491633817 8.443191535 7.394749253 6.346306971 5.29786469 4.249422408 3.200980126 2.136047983 1.068023992 0 
59.85344252 59.39603854 58.93863457 58.48123059 58.02382661 57.56642264 57.10901866 56.65161469 56.19421071 56.08367087 56.28053879 55.07346395 53.94106816 53.20696063 52.4728531 51.73874556 51.00463803 50.27053049 49.53642296 48.80231543 48.06820789 47.33410036 46.59999283 45.86588529 44.57181305 43.12841689 41.789544 40.46296797 39.13639194 37.80981591 36.48323987 35.15666384 33.83008781 32.50351177 31.17693574 29.85035971 28.52378368 27.3368002 26.27545003 25.21409986 24.15274969 23.09139952 22.03004936 20.96869919 19.90734902 18.84599885 17.78464868 16.72329851 15.67229892 14.67650247 13.66685185 12.61840957 11.56996729 10.52152501 9.473082724 8.424640442 7.37619816 6.327755878 5.279313596 4.230871314 3.182429032 2.133986751 1.068023992 0 
59.85854515 59.40114118 58.9437372 58.48633323 58.02892925 57.57152527 57.1141213 56.65671732 56.19931335 55.74190937 55.76534523 54.60805643 53.87394889 53.13984136 52.40573382 51.67162629 50.93751876 50.20341122 49.46930369 48.73519615 48.00108862 47.26698109 46.53287355 45.79876602 44.50469378 43.15967246 41.83309643 40.5065204 39.17994437 37.85336833 36.5267923 35.20021627 33.87364023 32.5470642 31.22048817 29.89391214 28.5673361 27.38035263 26.31900246 25.25765229 24.19630212 23.13495195 22.07360178 21.01225161 19.95090144 18.88955127 17.8282011 16.76685093 15.70550076 14.65795138 13.64830076 12.59985848 11.55141619 10.50297391 9.45453163 8.406089348 7.357647067 6.309204785 5.260762503 4.212320221 3.163877939 2.115435657 1.066993375 0 
59.86364779 59.40624381 58.94883984 58.49143586 58.03403189 57.57662791 57.11922393 56.66181996 56.20441598 55.74701201 55.27504469 54.54093715 53.80682962 53.07272208 52.33861455 51.60450702 50.87039948 50.13629195 49.40218442 48.66807688 47.93396935 47.19986181 46.46575428 45.73164675 44.52980092 43.20322489 41.87664886 40.55007283 39.22349679 37.89692076 36.57034473 35.24376869 33.91719266 32.59061663 31.2640406 29.93746456 28.61088853 27.42390506 26.36255489 25.30120472 24.23985455 23.17850438 22.11715421 21.05580404 19.99445387 18.9331037 17.87175353 16.81040336 15.74905319 14.68770302 13.62974966 12.58130738 11.5328651 10.48442282 9.435980537 8.387538255 7.339095973 6.290653691 5.242211409 4.193769128 3.145326846 2.096884564 1.048442282 0 
59.25469126 59.16777587 58.71037189 58.25296792 57.79556394 57.33815996 56.88075599 56.42335201 55.96594804 55.50854406 55.03657674 54.30246921 53.56836167 52.83425414 52.1001466 51.36603907 50.63193154 49.897824 49.16371647 48.42960894 47.6955014 46.96139387 46.22728633 45.64465098 44.48608292 43.15950689 41.83293085 40.50635482 39.17977879 37.85320276 36.52662672 35.20005069 33.87347466 32.54689863 31.22032259 29.89374656 28.52874561 27.3462024 26.31914438 25.25779421 24.19644404 23.13509387 22.0737437 21.01239353 19.95104336 18.88969319 17.82834302 16.76699285 15.70564268 14.64429251 13.59839763 12.58130738 11.5328651 10.48442282 9.435980537 8.387538255 7.339095973 6.290653691 5.242211409 4.193769128 3.145326846 2.096884564 1.048442282 0 
58.64573474 58.70975913 58.47190395 58.01449997 57.55709599 57.09969202 56.64228804 56.18488407 55.72748009 55.27007611 54.79810879 54.06400126 53.32989373 52.59578619 51.86167866 51.12757112 50.39346359 49.65935606 48.92524852 48.19114099 47.45703345 46.72292592 46.12947112 45.60093297 44.44236492 43.11578888 41.78921285 40.46263682 39.13606079 37.80948475 36.48290872 35.15633269 33.82975665 32.50318062 31.17660459 29.81587307 28.40817777 27.22563456 26.24572824 25.2143837 24.15303353 23.09168336 22.03033319 20.96898302 19.90763285 18.84628268 17.78493251 16.72358234 15.66223217 14.600882 13.55498712 12.55236704 11.5328651 10.48442282 9.435980537 8.387538255 7.339095973 6.290653691 5.242211409 4.193769128 3.145326846 2.096884564 1.048442282 0 
58.03677821 58.10080261 58.164827 57.77603202 57.31862805 56.86122407 56.4038201 55.94641612 55.48901214 55.03160817 54.55964085 53.82553331 53.09142578 52.35731825 51.62321071 50.88910318 50.15499564 49.42088811 48.68678058 47.95267304 47.21856551 46.61429127 46.08575312 45.55721497 44.39864691 43.07207088 41.74549485 40.41891881 39.09234278 37.76576675 36.43919072 35.11261468 33.78603865 32.45946262 31.10300054 29.69530523 28.28760993 27.10506672 26.1251604 25.14525407 24.10962301 23.04827284 21.98692267 20.9255725 19.86422234 18.80287217 17.741522 16.68017183 15.61882166 14.55747149 13.51157661 12.50895653 11.50633645 10.48442282 9.435980537 8.387538255 7.339095973 6.290653691 5.242211409 4.193769128 3.145326846 2.096884564 1.048442282 0 
57.42782168 57.49184608 57.55587048 57.53756408 57.0801601 56.62275613 56.16535215 55.70794817 55.2505442 54.79314022 54.3211729 53.58706537 52.85295783 52.1188503 51.38474277 50.65063523 49.9165277 49.18242016 48.44831263 47.7142051 47.09911142 46.57057327 46.04203512 45.51349697 44.35492891 43.02835288 41.70177684 40.37520081 39.04862478 37.72204875 36.39547271 35.06889668 33.74232065 32.390128 30.9824327 29.57473739 28.16704209 26.98449888 26.00459255 25.02468623 24.04477991 23.00486233 21.94351216 20.88216199 19.82081182 18.75946165 17.69811148 16.63676131 15.57541114 14.51406098 13.46816609 12.46554602 11.46292594 10.46030587 9.435980537 8.387538255 7.339095973 6.290653691 5.242211409 4.193769128 3.145326846 2.096884564 1.048442282 0 
56.81886515 56.88288955 56.94691395 57.01093835 56.84169216 56.38428818 55.9268842 55.46948023 55.01207625 54.55467228 54.08270496 53.34859742 52.61448989 51.88038235 51.14627482 50.41216729 49.67805975 48.94395222 48.20984468 47.58393156 47.05539341 46.52685526 45.99831711 45.46977896 44.31121091 42.98463487 41.65805884 40.33148281 39.00490677 37.67833074 36.35175471 35.02517868 33.67725547 32.26956016 30.86186486 29.45416955 28.04647424 26.86393104 25.88402471 24.90411839 23.92421207 22.94430575 21.90010165 20.83875148 19.77740131 18.71605114 17.65470097 16.5933508 15.53200063 14.47065046 13.42475558 12.42213551 11.41951543 10.41689536 9.414275281 8.387538255 7.339095973 6.290653691 5.242211409 4.193769128 3.145326846 2.096884564 1.048442282 0 
56.20990863 56.27393302 56.33795742 56.40198182 56.46600622 56.14582023 55.68841626 55.23101228 54.77360831 54.31620433 53.84423701 53.11012948 52.37602194 51.64191441 50.90780687 50.17369934 49.43959181 48.70548427 48.06875171 47.54021356 47.01167541 46.48313726 45.95459911 45.42606096 44.2674929 42.94091687 41.61434084 40.2877648 38.96118877 37.63461274 36.30803671 34.96438293 33.55668763 32.14899232 30.74129701 29.33360171 27.9259064 26.74336319 25.76345687 24.78355055 23.80364423 22.82373791 21.84383158 20.79534097 19.7339908 18.67264063 17.61129046 16.54994029 15.48859012 14.42723995 13.38134507 12.378725 11.37610492 10.37348484 9.37086477 8.368244694 7.339095973 6.290653691 5.242211409 4.193769128 3.145326846 2.096884564 1.048442282 0 
55.6009521 55.6649765 55.72900089 55.79302529 55.85704969 55.90735229 55.44994831 54.99254434 54.53514036 54.07773638 53.60576906 52.87166153 52.137554 51.40344646 50.66933893 49.93523139 49.20112386 48.55357186 48.02503371 47.49649556 46.96795741 46.43941926 45.91088111 45.38234296 44.2237749 42.89719887 41.57062283 40.2440468 38.91747077 37.59089473 36.2515104 34.84381509 33.43611978 32.02842448 30.62072917 29.21303387 27.80533856 26.62279535 25.64288903 24.66298271 23.68307639 22.70317007 21.72326374 20.74335742 19.69058029 18.62923012 17.56787995 16.50652978 15.44517961 14.38382944 13.33793456 12.33531448 11.33269441 10.33007433 9.327454258 8.324834183 7.322214108 6.290653691 5.242211409 4.193769128 3.145326846 2.096884564 1.048442282 0 
54.99199557 55.05601997 55.12004437 55.18406876 55.24809316 55.31211756 55.21148037 54.75407639 54.29667241 53.83926844 53.36730112 52.63319358 51.89908605 51.16497852 50.43087098 49.69676345 49.038392 48.50985385 47.9813157 47.45277755 46.9242394 46.39570125 45.8671631 45.33862495 44.18005689 42.85348086 41.52690483 40.2003288 38.87375276 37.53863786 36.13094255 34.72324725 33.31555194 31.90785664 30.50016133 29.09246603 27.68477072 26.50222751 25.52232119 24.54241487 23.56250855 22.58260222 21.6026959 20.62278958 19.64288326 18.58581961 17.52446944 16.46311927 15.4017691 14.34041893 13.29452405 12.29190397 11.2892839 10.28666382 9.284043746 8.281423671 7.278803596 6.276183521 5.242211409 4.193769128 3.145326846 2.096884564 1.048442282 0 
54.38303905 54.44706344 54.51108784 54.57511224 54.63913664 54.70316103 54.76718543 54.51560844 54.05820447 53.60080049 53.12883317 52.39472564 51.6606181 50.92651057 50.19240304 49.52321215 48.994674 48.46613585 47.9375977 47.40905955 46.8805214 46.35198325 45.8234451 45.29490695 44.13633889 42.80976286 41.48318683 40.15661079 38.82576533 37.41807002 36.01037471 34.60267941 33.1949841 31.7872888 30.37959349 28.97189819 27.56420288 26.38165967 25.40175335 24.42184703 23.44194071 22.46203438 21.48212806 20.50222174 19.52231542 18.5424091 17.48105893 16.41970876 15.35835859 14.29700842 13.25111354 12.24849346 11.24587338 10.24325331 9.240633235 8.238013159 7.235393084 6.232773009 5.230152934 4.193769128 3.145326846 2.096884564 1.048442282 0 
53.77408252 53.83810692 53.90213131 53.96615571 54.03018011 54.09420451 54.1582289 54.2222533 53.81973652 53.36233255 52.89036523 52.15625769 51.42215016 50.68804262 50.0080323 49.47949415 48.950956 48.42241785 47.8938797 47.36534155 46.8368034 46.30826525 45.7797271 45.25118895 44.09262089 42.76604486 41.43946882 40.11289279 38.70519748 37.29750218 35.88980687 34.48211157 33.07441626 31.66672096 30.25902565 28.85133035 27.44363504 26.26109183 25.28118551 24.30127919 23.32137286 22.34146654 21.36156022 20.3816539 19.40174758 18.42184125 17.43764841 16.37629824 15.31494807 14.25359791 13.20770302 12.20508295 11.20246287 10.1998428 9.197222723 8.194602648 7.191982573 6.189362498 5.186742422 4.184122347 3.145326846 2.096884564 1.048442282 0 
53.16512599 53.22915039 53.29317479 53.35719918 53.42122358 53.48524798 53.54927238 53.61329677 53.58126858 53.1238646 52.65189728 51.91778975 51.18368221 50.49285244 49.96431429 49.43577614 48.90723799 48.37869984 47.85016169 47.32162354 46.79308539 46.26454724 45.73600909 45.20747094 44.04890288 42.72232685 41.39575082 39.99232495 38.58462964 37.17693434 35.76923903 34.36154373 32.95384842 31.54615312 30.13845781 28.7307625 27.3230672 26.14052399 25.16061767 24.18071135 23.20080502 22.2208987 21.24099238 20.26108606 19.28117974 18.30127341 17.32136709 16.33288773 15.27153756 14.21018739 13.16429251 12.16167244 11.15905236 10.15643229 9.153812211 8.151192136 7.148572061 6.145951986 5.143331911 4.140711836 3.13809176 2.096884564 1.048442282 0 
52.55616946 52.62019386 52.68421826 52.74824266 52.81226705 52.87629145 52.94031585 53.00434025 53.06836464 52.88539665 52.41342933 51.6793218 50.97767259 50.44913444 49.92059629 49.39205814 48.86351999 48.33498184 47.80644369 47.27790554 46.74936739 46.22082924 45.69229109 45.16375294 44.00518488 42.67860885 41.27945241 39.87175711 38.4640618 37.0563665 35.64867119 34.24097589 32.83328058 31.42558527 30.01788997 28.61019466 27.20249936 26.01995615 25.04004983 24.0601435 23.08023718 22.10033086 21.12042454 20.14051822 19.16061189 18.18070557 17.20079925 16.22089293 15.22812705 14.16677688 13.120882 12.11826193 11.11564185 10.11302177 9.1104017 8.107781625 7.105161549 6.102541474 5.099921399 4.097301324 3.094681249 2.092061174 1.048442282 0 
51.94721294 52.01123734 52.07526173 52.13928613 52.20331053 52.26733492 52.33135932 52.39538372 52.45940812 52.52343251 52.17496139 51.46249274 50.93395459 50.40541644 49.87687829 49.34834014 48.81980198 48.29126383 47.76272568 47.23418753 46.70564938 46.17711123 45.64857308 45.12003493 43.96146688 42.56657988 41.15888457 39.75118927 38.34349396 36.93579866 35.52810335 34.12040804 32.71271274 31.30501743 29.89732213 28.48962682 27.08193152 25.89938831 24.91948199 23.93957566 22.95966934 21.97976302 20.9998567 20.01995038 19.04004405 18.06013773 17.08023141 16.10032509 15.12041877 14.12336637 13.07747149 12.07485141 11.07223134 10.06961126 9.066991188 8.064371113 7.061751038 6.059130963 5.056510887 4.053890812 3.051270737 2.048650662 1.046030587 0 
51.33825641 51.40228081 51.46630521 51.5303296 51.594354 51.6583784 51.72240279 51.78642719 51.85045159 51.91447599 51.94731288 51.41877473 50.89023658 50.36169843 49.83316028 49.30462213 48.77608398 48.24754583 47.71900768 47.19046953 46.66193138 46.13339323 45.60485508 45.07631693 43.85370734 42.44601204 41.03831673 39.63062143 38.22292612 36.81523081 35.40753551 33.9998402 32.5921449 31.18444959 29.77675429 28.36905898 26.96136368 25.77882047 24.79891414 23.81900782 22.8391015 21.85919518 20.87928886 19.89938253 18.91947621 17.93956989 16.95966357 15.97975725 14.99985092 14.0199446 13.03406098 12.0314409 11.02882083 10.02620075 9.023580676 8.020960601 7.018340526 6.015720451 5.013100376 4.010480301 3.007860225 2.00524015 1.002620075 0 
