31.77394787 30.48888768 29.20382749 27.9187673 26.63370711 25.34864692 24.06358673 22.77852654 21.49346635 20.20840616 18.95172549 18.20587618 17.46002688 16.71417758 15.96832827 15.22247897 14.47662966 13.73078036 12.98493106 12.23908175 11.49323245 10.74738314 10.00153384 9.255684536 8.844315021 8.522140115 8.19996521 7.877790305 7.555615399 7.233440494 6.911265588 6.589090683 6.266915778 5.944740872 5.622565967 5.300391062 4.978216156 4.729039264 4.545560582 4.362081901 4.17860322 3.995124539 3.811645858 3.628167177 3.444688496 3.261209815 3.077731134 2.894252453 2.710773771 2.52729509 2.364479236 2.259519294 2.154559353 2.049599412 1.944639471 1.83967953 1.734719588 1.629759647 1.524799706 1.419839765 1.314879824 1.209919882 1.104959941 1 
26.08021918 24.79515899 23.5100988 22.22503861 20.93997842 19.65491823 18.36985804 17.08479785 15.79973766 15.8559742 15.8869384 15.1410891 14.39523979 13.64939049 12.90354119 12.15769188 11.41184258 10.66599327 9.92014397 9.174294666 8.428445362 7.952357051 7.938716156 7.925075261 7.880424917 7.827505387 7.717900515 7.39572561 7.073550704 6.751375799 6.429200893 6.107025988 5.784851083 5.462676177 5.140501272 4.818326367 4.496151461 4.246974569 4.063495888 3.880017206 3.696538525 3.513059844 3.329581163 3.146102482 2.962623801 2.77914512 2.595666439 2.412187758 2.338532228 2.285468539 2.233618482 2.185166593 2.136714705 2.049599412 1.944639471 1.83967953 1.734719588 1.629759647 1.524799706 1.419839765 1.314879824 1.209919882 1.104959941 1 
20.38649049 19.1014303 17.81637011 16.53130992 15.24624973 13.96118954 12.67612935 12.64294611 12.71706662 12.79118712 12.82215132 12.07630201 11.33045271 10.5846034 9.838754101 9.092904797 8.347055493 7.601206189 6.855356885 6.803178705 6.78953781 6.775896914 6.762256019 6.748615124 6.70396478 6.65104525 6.59812572 6.54520619 6.49228666 6.269311104 5.947136199 5.624961293 5.302786388 4.980611482 4.658436577 4.336261672 4.014086766 3.764909874 3.581431193 3.397952512 3.21447383 3.030995149 2.847516468 2.664037787 2.480559106 2.351992001 2.298928312 2.245864623 2.192800934 2.139737245 2.087887188 2.0394353 1.990983411 1.942531523 1.894079634 1.83967953 1.734719588 1.629759647 1.524799706 1.419839765 1.314879824 1.209919882 1.104959941 1 
14.6927618 13.40770161 12.12264142 10.83758123 9.55252104 9.429918022 9.504038525 9.578159028 9.652279531 9.726400034 9.757364231 9.011514927 8.265665623 7.519816319 6.773967015 6.028117711 5.667641254 5.654000359 5.640359463 5.626718568 5.613077673 5.599436778 5.585795882 5.572154987 5.527504644 5.474585114 5.421665584 5.368746054 5.315826524 5.262906994 5.209987464 5.142896598 4.820721693 4.498546788 4.176371882 3.854196977 3.532022071 3.282845179 3.099366498 2.915887817 2.732409136 2.548930454 2.365451773 2.312388085 2.259324396 2.206260707 2.153197018 2.100133329 2.04706964 1.994005952 1.942155894 1.893704006 1.845252117 1.796800229 1.74834834 1.699896452 1.651444563 1.602992675 1.524799706 1.419839765 1.314879824 1.209919882 1.104959941 1 
8.999033112 7.713972922 6.428912731 6.216889931 6.291010433 6.365130936 6.439251439 6.513371942 6.587492445 6.661612948 6.692577145 5.946727841 5.200878537 4.532103803 4.518462908 4.504822012 4.491181117 4.477540222 4.463899327 4.450258431 4.436617536 4.422976641 4.409335746 4.395694851 4.351044507 4.298124977 4.245205447 4.192285917 4.139366387 4.086446857 4.033527327 3.980607797 3.927688267 3.874768737 3.694307187 3.372132282 3.049957377 2.800780484 2.617301803 2.433823122 2.325847857 2.272784168 2.21972048 2.166656791 2.113593102 2.060529413 2.007465724 1.954402035 1.901338347 1.848274658 1.796424601 1.747972712 1.699520824 1.651068935 1.602617047 1.554165158 1.50571327 1.457261381 1.408809493 1.360357604 1.311905716 1.209919882 1.104959941 1 
3.305304422 3.003861839 3.077982342 3.152102845 3.226223348 3.300343851 3.374464354 3.448584857 3.52270536 3.596825862 3.62779006 3.382925456 3.369284561 3.355643666 3.342002771 3.328361876 3.31472098 3.301080085 3.28743919 3.273798295 3.260157399 3.246516504 3.232875609 3.219234714 3.17458437 3.12166484 3.06874531 3.01582578 2.96290625 2.90998672 2.85706719 2.80414766 2.75122813 2.6983086 2.64538907 2.592469541 2.539550011 2.33930763 2.286243941 2.233180252 2.180116563 2.127052875 2.073989186 2.020925497 1.967861808 1.914798119 1.86173443 1.808670742 1.755607053 1.702543364 1.650693307 1.602241418 1.55378953 1.505337641 1.456885753 1.408433864 1.359981976 1.311530087 1.263078199 1.21462631 1.166174422 1.117722533 1.069270645 1 
2.306875215 2.342465468 2.404012942 2.478133445 2.552253948 2.626374451 2.700494954 2.774615456 2.848735959 2.922856462 2.992357944 2.978717049 2.965076154 2.951435259 2.937794363 2.924153468 2.910512573 2.896871678 2.883230782 2.869589887 2.855948992 2.842308097 2.84130174 2.85030766 2.84578849 2.836719605 2.783800075 2.730880545 2.677961015 2.625041485 2.572121955 2.519202425 2.466282895 2.413363365 2.360443835 2.307524305 2.254604775 2.201609372 2.148545684 2.095481995 2.042418306 1.989354617 1.936290928 1.883227239 1.830163551 1.777099862 1.724036173 1.670972484 1.61908421 1.603242002 1.586415955 1.566835162 1.532970774 1.484518885 1.436066997 1.387615108 1.33916322 1.290711331 1.242259443 1.193807554 1.145355666 1.096903777 1.048451889 1 
2.090995921 2.126586174 2.162176427 2.202633659 2.276754162 2.350874665 2.424995168 2.499115671 2.573236173 2.647356676 2.716858158 2.703217263 2.689576368 2.675935473 2.662294577 2.648653682 2.635012787 2.621371892 2.607730996 2.594090101 2.59451407 2.60351999 2.61252591 2.62153183 2.61701266 2.608886799 2.600760938 2.592635078 2.541601597 2.488682067 2.435762537 2.382843007 2.329923477 2.277003947 2.224084417 2.171164887 2.118245357 2.065249954 2.012186265 1.959122577 1.906058888 1.852995199 1.79993151 1.746867821 1.693804132 1.640740444 1.591203 1.575360792 1.559518584 1.543676375 1.526850329 1.507269535 1.487688741 1.468107947 1.436066997 1.387615108 1.33916322 1.290711331 1.242259443 1.193807554 1.145355666 1.096903777 1.048451889 1 
1.875116627 1.91070688 1.946297133 1.981887386 2.017477639 2.075374879 2.149495382 2.223615885 2.297736388 2.37185689 2.441358372 2.427717477 2.414076582 2.400435687 2.386794791 2.373153896 2.359513001 2.345872106 2.3477264 2.35673232 2.36573824 2.37474416 2.38375008 2.392756 2.388236829 2.380110969 2.371985108 2.363859247 2.355733386 2.347607526 2.299403119 2.246483589 2.193564059 2.140644529 2.087724999 2.034805469 1.981885939 1.928890536 1.875826847 1.822763158 1.769699469 1.716635781 1.663572092 1.610508403 1.56332179 1.547479582 1.531637373 1.515795165 1.499952957 1.484110748 1.467284702 1.447703908 1.428123114 1.40854232 1.388961526 1.369380732 1.33916322 1.290711331 1.242259443 1.193807554 1.145355666 1.096903777 1.048451889 1 
1.659237333 1.694827586 1.730417839 1.766008092 1.801598345 1.837188598 1.873995596 1.948116099 2.022236602 2.096357104 2.165858586 2.152217691 2.138576796 2.124935901 2.111295006 2.09765411 2.10093873 2.10994465 2.118950569 2.127956489 2.136962409 2.145968329 2.154974249 2.163980169 2.159460999 2.151335138 2.143209277 2.135083417 2.126957556 2.118831695 2.110705834 2.102579974 2.057204641 2.004285111 1.951365581 1.898446051 1.845526521 1.792531118 1.739467429 1.68640374 1.633340051 1.580276362 1.53544058 1.519598371 1.503756163 1.487913955 1.472071746 1.456229538 1.44038733 1.424545121 1.407719075 1.388138281 1.368557487 1.348976693 1.329395899 1.309815106 1.290234312 1.270653518 1.242259443 1.193807554 1.145355666 1.096903777 1.048451889 1 
1.443358039 1.478948292 1.514538545 1.550128798 1.585719051 1.621309304 1.656899557 1.69248981 1.746736816 1.820857319 1.890358801 1.876717905 1.86307701 1.849436115 1.854151059 1.863156979 1.872162899 1.881168819 1.890174739 1.899180659 1.908186579 1.917192499 1.926198419 1.935204339 1.930685169 1.922559308 1.914433447 1.906307586 1.898181726 1.890055865 1.881930004 1.873804143 1.865678282 1.857552422 1.815006163 1.762086633 1.709167103 1.6561717 1.603108011 1.550044322 1.50755937 1.491717161 1.475874953 1.460032745 1.444190536 1.428348328 1.41250612 1.396663911 1.380821703 1.364979494 1.348153448 1.328572654 1.30899186 1.289411066 1.269830272 1.250249479 1.230668685 1.211087891 1.191507097 1.171926303 1.145355666 1.096903777 1.048451889 1 
1.227478745 1.263068998 1.298659251 1.334249504 1.369839757 1.40543001 1.441020263 1.476610516 1.512200769 1.547791022 1.614859015 1.601218119 1.607363389 1.616369309 1.625375229 1.634381149 1.643387069 1.652392989 1.661398909 1.670404828 1.679410748 1.688416668 1.697422588 1.706428508 1.701909338 1.693783477 1.685657617 1.677531756 1.669405895 1.661280034 1.653154174 1.645028313 1.636902452 1.628776591 1.620650731 1.61252487 1.572807684 1.519812281 1.479678159 1.463835951 1.447993743 1.432151534 1.416309326 1.400467118 1.384624909 1.368782701 1.352940493 1.337098284 1.321256076 1.305413868 1.288587821 1.269007027 1.249426233 1.229845439 1.210264646 1.190683852 1.171103058 1.151522264 1.13194147 1.112360676 1.092779883 1.073199089 1.048451889 1 
1.092007708 1.127597961 1.163188214 1.198778467 1.23436872 1.269958973 1.305549226 1.341139479 1.376729732 1.412319985 1.443870326 1.452876245 1.461882165 1.470888085 1.479894005 1.488899925 1.497905845 1.506911765 1.515917685 1.524923605 1.533929525 1.542935445 1.551941365 1.561577587 1.560589417 1.552463556 1.544337696 1.536211835 1.528085974 1.519960113 1.511834253 1.503708392 1.495582531 1.48745667 1.47933081 1.471204949 1.463079088 1.450891992 1.435049783 1.419207575 1.403365367 1.387523158 1.37168095 1.355838742 1.339996533 1.324154325 1.308312117 1.292469908 1.2766277 1.260785492 1.252189576 1.234969526 1.215388732 1.195807938 1.176227144 1.156646351 1.137065557 1.117484763 1.097903969 1.078323175 1.058742381 1.039161588 1.019580794 1 
1.063747681 1.099337934 1.134928187 1.17051844 1.206108693 1.241698946 1.277289199 1.312879452 1.348469705 1.382802464 1.409448578 1.418454498 1.427460418 1.436466338 1.445472258 1.454478178 1.463484097 1.472490017 1.481495937 1.490501857 1.499507777 1.508513697 1.518235869 1.529963549 1.531299521 1.527751515 1.519625654 1.511499794 1.503373933 1.495248072 1.487122211 1.478996351 1.47087049 1.462744629 1.454618768 1.446492908 1.438367047 1.42617995 1.410337742 1.394495534 1.378653325 1.362811117 1.346968909 1.3311267 1.315284492 1.299442284 1.283600075 1.267757867 1.251915659 1.2440042 1.238580585 1.232192181 1.215388732 1.195807938 1.176227144 1.156646351 1.137065557 1.117484763 1.097903969 1.078323175 1.058742381 1.039161588 1.019580794 1 
1.035487654 1.071077907 1.10666816 1.142258413 1.177848666 1.213438919 1.249029172 1.284619425 1.320209678 1.348380717 1.37502683 1.38403275 1.39303867 1.40204459 1.41105051 1.42005643 1.42906235 1.43806827 1.44707419 1.45608011 1.465086029 1.474894152 1.486621831 1.49834951 1.499685483 1.498250333 1.494913613 1.486787752 1.478661892 1.470536031 1.46241017 1.454284309 1.446158448 1.438032588 1.429906727 1.421780866 1.413655005 1.401467909 1.385625701 1.369783492 1.353941284 1.338099076 1.322256867 1.306414659 1.290572451 1.274730242 1.258888034 1.243045826 1.235474257 1.230395209 1.224971594 1.21858319 1.212194785 1.195807938 1.176227144 1.156646351 1.137065557 1.117484763 1.097903969 1.078323175 1.058742381 1.039161588 1.019580794 1 
1.007227627 1.04281788 1.078408133 1.113998386 1.149588639 1.185178892 1.220769145 1.256359398 1.286332844 1.313958969 1.340605083 1.349611002 1.358616922 1.367622842 1.376628762 1.385634682 1.394640602 1.403646522 1.412652442 1.421658362 1.431552435 1.443280114 1.455007793 1.466735472 1.468071444 1.466636295 1.465201145 1.462075711 1.45394985 1.445823989 1.437698129 1.429572268 1.421446407 1.413320546 1.405194686 1.397068825 1.388942964 1.376755868 1.360913659 1.345071451 1.329229243 1.313387034 1.297544826 1.281702618 1.265860409 1.250018201 1.234175993 1.226944313 1.221865265 1.216786218 1.211362603 1.204974198 1.198585794 1.19219739 1.176227144 1.156646351 1.137065557 1.117484763 1.097903969 1.078323175 1.058742381 1.039161588 1.019580794 1 
0.9789675996 1.014557853 1.050148106 1.085738359 1.121328612 1.156918865 1.192509118 1.224284972 1.251911097 1.279537221 1.306183335 1.315189255 1.324195175 1.333201095 1.342207015 1.351212934 1.360218854 1.369224774 1.378230694 1.388210717 1.399938397 1.411666076 1.423393755 1.435121434 1.436457406 1.435022257 1.433587107 1.432151958 1.429237809 1.421111948 1.412986087 1.404860227 1.396734366 1.388608505 1.380482644 1.372356784 1.364230923 1.352043826 1.336201618 1.32035941 1.304517201 1.288674993 1.272832785 1.256990576 1.241148368 1.22530616 1.218414369 1.213335322 1.208256274 1.203177226 1.197753611 1.191365207 1.184976803 1.178588398 1.172199994 1.156646351 1.137065557 1.117484763 1.097903969 1.078323175 1.058742381 1.039161588 1.019580794 1 
0.9507075725 0.9862978255 1.021888079 1.057478332 1.093068585 1.128658838 1.1622371 1.189863225 1.217489349 1.245115474 1.271761587 1.280767507 1.289773427 1.298779347 1.307785267 1.316791187 1.325797107 1.334803027 1.344869 1.356596679 1.368324358 1.380052037 1.391779717 1.403507396 1.404843368 1.403408218 1.401973069 1.400537919 1.39910277 1.396399907 1.388274046 1.380148185 1.372022324 1.363896464 1.355770603 1.347644742 1.339518881 1.327331785 1.311489577 1.295647368 1.27980516 1.263962952 1.248120743 1.232278535 1.216436327 1.209884425 1.204805378 1.19972633 1.194647283 1.189568235 1.18414462 1.177756216 1.171367811 1.164979407 1.158591003 1.152202598 1.137065557 1.117484763 1.097903969 1.078323175 1.058742381 1.039161588 1.019580794 1 
0.9224475454 0.9580377984 0.9936280514 1.029218304 1.064808557 1.100189228 1.127815353 1.155441477 1.183067601 1.210693726 1.237339839 1.246345759 1.255351679 1.264357599 1.273363519 1.282369439 1.291375359 1.301527283 1.313254962 1.324982641 1.33671032 1.348437999 1.360165678 1.371893357 1.37322933 1.37179418 1.370359031 1.368923881 1.367488732 1.366053582 1.363562005 1.355436144 1.347310283 1.339184422 1.331058562 1.322932701 1.31480684 1.302619744 1.286777535 1.270935327 1.255093119 1.23925091 1.223408702 1.207566494 1.201354482 1.196275434 1.191196387 1.186117339 1.181038292 1.175959244 1.170535629 1.164147224 1.15775882 1.151370416 1.144982011 1.138593607 1.132205203 1.117484763 1.097903969 1.078323175 1.058742381 1.039161588 1.019580794 1 
0.8941875182 0.9297777712 0.9653680243 1.000958277 1.03654853 1.06576748 1.093393605 1.121019729 1.148645854 1.176271978 1.202918092 1.211924012 1.220929932 1.229935852 1.238941772 1.247947691 1.258185566 1.269913245 1.281640924 1.293368603 1.305096282 1.316823961 1.32855164 1.340279319 1.341615292 1.340180142 1.338744993 1.337309843 1.335874694 1.334439544 1.333004394 1.330724102 1.322598242 1.314472381 1.30634652 1.298220659 1.290094799 1.277907702 1.262065494 1.246223286 1.230381077 1.214538869 1.198696661 1.192824538 1.18774549 1.182666443 1.177587395 1.172508348 1.1674293 1.162350253 1.156926638 1.150538233 1.144149829 1.137761425 1.13137302 1.124984616 1.118596212 1.112207807 1.097903969 1.078323175 1.058742381 1.039161588 1.019580794 1 
0.8659274911 0.9015177441 0.9371079971 0.9726982502 1.003719608 1.031345733 1.058971857 1.086597982 1.114224106 1.14185023 1.168496344 1.177502264 1.186508184 1.195514104 1.204520024 1.214843848 1.226571527 1.238299206 1.250026886 1.261754565 1.273482244 1.285209923 1.296937602 1.308665281 1.310001253 1.308566104 1.307130954 1.305695805 1.304260655 1.302825506 1.301390356 1.299955207 1.2978862 1.28976034 1.281634479 1.273508618 1.265382757 1.253195661 1.237353453 1.221511244 1.205669036 1.189826828 1.184294594 1.179215547 1.174136499 1.169057452 1.163978404 1.158899357 1.153820309 1.148741261 1.143317646 1.136929242 1.130540838 1.124152433 1.117764029 1.111375625 1.10498722 1.098598816 1.092210412 1.078323175 1.058742381 1.039161588 1.019580794 1 
0.837667464 0.873257717 0.90884797 0.9416717362 0.9692978607 0.9969239851 1.02455011 1.052176234 1.079802358 1.107428483 1.134074596 1.143080516 1.152086436 1.161092356 1.171502131 1.18322981 1.194957489 1.206685168 1.218412847 1.230140526 1.241868206 1.253595885 1.265323564 1.277051243 1.278387215 1.276952066 1.275516916 1.274081767 1.272646617 1.271211468 1.269776318 1.268341169 1.266906019 1.265048298 1.256922438 1.248796577 1.240670716 1.22848362 1.212641411 1.196799203 1.180956995 1.175764651 1.170685603 1.165606555 1.160527508 1.15544846 1.150369413 1.145290365 1.140211318 1.13513227 1.129708655 1.123320251 1.116931846 1.110543442 1.104155038 1.097766633 1.091378229 1.084989825 1.07860142 1.072213016 1.058742381 1.039161588 1.019580794 1 
0.8094074368 0.8449976899 0.8796238641 0.9072499886 0.934876113 0.9625022374 0.9901283618 1.017754486 1.045380611 1.073006735 1.099652849 1.108658769 1.117664689 1.128160414 1.139888093 1.151615772 1.163343451 1.17507113 1.186798809 1.198526488 1.210254167 1.221981846 1.233709526 1.245437205 1.246773177 1.245338027 1.243902878 1.242467728 1.241032579 1.239597429 1.23816228 1.23672713 1.235291981 1.233856831 1.232210396 1.224084535 1.215958675 1.203771578 1.18792937 1.172313754 1.167234707 1.162155659 1.157076612 1.151997564 1.146918517 1.141839469 1.136760422 1.131681374 1.126602326 1.121523279 1.116099664 1.109711259 1.103322855 1.096934451 1.090546046 1.084157642 1.077769238 1.071380833 1.064992429 1.058604025 1.05221562 1.039161588 1.019580794 1 
0.7811474097 0.8167376627 0.8452021165 0.8728282409 0.9004543653 0.9280804897 0.9557066142 0.9833327386 1.010958863 1.038584987 1.065231101 1.074237021 1.084818696 1.096546375 1.108274054 1.120001734 1.131729413 1.143457092 1.155184771 1.16691245 1.178640129 1.190367808 1.202095487 1.213823166 1.215159139 1.213723989 1.21228884 1.21085369 1.209418541 1.207983391 1.206548242 1.205113092 1.203677943 1.202242793 1.200807644 1.199372494 1.191246633 1.179059537 1.163783811 1.158704763 1.153625716 1.148546668 1.143467621 1.138388573 1.133309525 1.128230478 1.12315143 1.118072383 1.112993335 1.107914288 1.102490672 1.096102268 1.089713864 1.083325459 1.076937055 1.070548651 1.064160246 1.057771842 1.051383438 1.044995033 1.038606629 1.032218225 1.019580794 1 
0.7528873826 0.7831542444 0.8107803688 0.8384064932 0.8660326176 0.8936587421 0.9212848665 0.9489109909 0.9765371153 1.00416324 1.030809353 1.041476979 1.053204658 1.064932337 1.076660016 1.088387695 1.100115374 1.111843054 1.123570733 1.135298412 1.147026091 1.15875377 1.170481449 1.182209128 1.183545101 1.182109951 1.180674802 1.179239652 1.177804502 1.176369353 1.174934203 1.173499054 1.172063904 1.170628755 1.169193605 1.167758456 1.166323306 1.155253867 1.150174819 1.145095772 1.140016724 1.134937677 1.129858629 1.124779582 1.119700534 1.114621487 1.109542439 1.104463391 1.099384344 1.094305296 1.088881681 1.082493277 1.076104873 1.069716468 1.063328064 1.05693966 1.050551255 1.044162851 1.037774447 1.031386042 1.024997638 1.018609234 1.012220829 1 
0.7370420276 0.7648316552 0.7924577796 0.820083904 0.8477100285 0.8753361529 0.9029622773 0.9305884017 0.9582145262 0.9858406506 1.012630015 1.024357694 1.036085373 1.047813052 1.059540731 1.07126841 1.082996089 1.094723768 1.106451448 1.118179127 1.129906806 1.141634485 1.153362164 1.165343152 1.166734192 1.165299042 1.163863893 1.162428743 1.160993594 1.159558444 1.158123295 1.156688145 1.155252996 1.153817846 1.152382697 1.150947547 1.149056638 1.146027795 1.141730264 1.136651217 1.131572169 1.126493122 1.121414074 1.116335026 1.111255979 1.106176931 1.101097884 1.096018836 1.090939789 1.085860741 1.081020191 1.076660852 1.070272448 1.063884043 1.057495639 1.051107235 1.04471883 1.038330426 1.031942022 1.025553617 1.019165213 1.012776809 1.006388404 1 
0.7305076766 0.7583187154 0.7861297542 0.8138356837 0.8414618082 0.8690879326 0.896714057 0.9243401814 0.9519663059 0.9795924303 1.006381794 1.018109474 1.029837153 1.041564832 1.053292511 1.06502019 1.076747869 1.088475548 1.100203227 1.111930906 1.123666846 1.135656094 1.147645343 1.159634591 1.161025631 1.159590481 1.158155332 1.156720182 1.155285033 1.153849883 1.152414734 1.150979584 1.149544435 1.148109285 1.146177561 1.144096184 1.142014808 1.138985965 1.135104403 1.131222841 1.127000941 1.121921893 1.116842846 1.111763798 1.106684751 1.101605703 1.096526656 1.091447608 1.086368561 1.081289513 1.076448963 1.072276205 1.068103447 1.063884043 1.057495639 1.051107235 1.04471883 1.038330426 1.031942022 1.025553617 1.019165213 1.012776809 1.006388404 1 
0.7239733257 0.7517843645 0.7795954033 0.807406442 0.8352135879 0.8628397123 0.8904658367 0.9180919611 0.9457180856 0.97334421 1.000133574 1.011861253 1.023588932 1.035316611 1.047044291 1.05877197 1.070499649 1.082227328 1.093979787 1.105969036 1.117958284 1.129947533 1.141936781 1.15392603 1.155317069 1.15388192 1.15244677 1.151011621 1.149576471 1.148141322 1.146706172 1.145271023 1.143298484 1.141217108 1.139135731 1.137054355 1.134972978 1.131944135 1.128062573 1.124181011 1.120299449 1.116417887 1.112271618 1.10719257 1.102113523 1.097034475 1.091955428 1.08687638 1.081797332 1.076718285 1.071877735 1.067704976 1.063532218 1.05935946 1.055186702 1.051013944 1.04471883 1.038330426 1.031942022 1.025553617 1.019165213 1.012776809 1.006388404 1 
0.7174389748 0.7452500136 0.7730610524 0.8008720911 0.8286831299 0.8564941687 0.8842176164 0.9118437409 0.9394698653 0.9670959897 0.9938853538 1.005613033 1.017340712 1.029068391 1.04079607 1.052523749 1.064292729 1.076281977 1.088271226 1.100260474 1.112249723 1.124238972 1.13622822 1.148217469 1.149608508 1.148173359 1.146738209 1.14530306 1.14386791 1.142432761 1.140419408 1.138338031 1.136256655 1.134175278 1.132093901 1.130012525 1.127931148 1.124902305 1.121020743 1.117139181 1.113257619 1.109376057 1.105494495 1.101612933 1.097542294 1.092463247 1.087384199 1.082305152 1.077226104 1.072147057 1.067306506 1.063133748 1.05896099 1.054788232 1.050615474 1.046442716 1.042269958 1.0380972 1.031942022 1.025553617 1.019165213 1.012776809 1.006388404 1 
0.7109046239 0.7387156627 0.7665267015 0.7943377402 0.822148779 0.8499598178 0.8777708565 0.9055818953 0.933221645 0.9608477694 0.9876371336 0.9993648127 1.011092492 1.022820171 1.034605671 1.046594919 1.058584168 1.070573416 1.082562665 1.094551913 1.106541162 1.11853041 1.130519659 1.142508907 1.143899947 1.142464797 1.141029648 1.139594498 1.137540331 1.135458955 1.133377578 1.131296201 1.129214825 1.127133448 1.125052071 1.122970695 1.120889318 1.117860476 1.113978913 1.110097351 1.106215789 1.102334227 1.098452665 1.094571103 1.090689541 1.086807979 1.082812971 1.077733924 1.072654876 1.067575829 1.062735278 1.05856252 1.054389762 1.050217004 1.046044246 1.041871488 1.03769873 1.033525972 1.029353214 1.025180456 1.019165213 1.012776809 1.006388404 1 
0.704370273 0.7321813118 0.7599923505 0.7878033893 0.8156144281 0.8434254668 0.8712365056 0.8990475444 0.9268585832 0.9545995491 0.9813889133 0.9931165924 1.004918612 1.016907861 1.028897109 1.040886358 1.052875606 1.064864855 1.076854103 1.088843352 1.1008326 1.112821849 1.124811097 1.136800346 1.138191386 1.136742631 1.134661255 1.132579878 1.130498501 1.128417125 1.126335748 1.124254371 1.122172995 1.120091618 1.118010242 1.115928865 1.113847488 1.110818646 1.106937084 1.103055522 1.09917396 1.095292398 1.091410835 1.087529273 1.083647711 1.079766149 1.075884587 1.072003025 1.068083648 1.0630046 1.05816405 1.053991292 1.049818534 1.045645776 1.041473018 1.03730026 1.033127502 1.028954744 1.024781986 1.020609228 1.01643647 1.012263712 1.006388404 1 
0.6981675528 0.7251980653 0.7530091041 0.7808201429 0.8086311816 0.8364422204 0.8642532592 0.8920642979 0.9198753367 0.9476863755 0.9746646884 0.9866539369 0.9986431855 1.010632434 1.022621683 1.034610931 1.04660018 1.058589428 1.070578677 1.082567925 1.094557174 1.106546422 1.118535671 1.130638433 1.131803079 1.129721702 1.127640326 1.125558949 1.123477572 1.121396196 1.119314819 1.117233443 1.115152066 1.113070689 1.110989313 1.108907936 1.106826559 1.104798228 1.100916666 1.097035104 1.093153542 1.08927198 1.085390418 1.081508856 1.077627294 1.073745732 1.06986417 1.065982608 1.062101046 1.058219484 1.054247508 1.050073096 1.045900338 1.04172758 1.037554822 1.033382064 1.029209306 1.025036548 1.02086379 1.016691032 1.012518274 1.008345516 1.004172758 1 
0.6939546171 0.7182347036 0.7433324843 0.7711435231 0.7989545618 0.8267656006 0.8545766394 0.8823876781 0.9101987169 0.9380097557 0.9649880686 0.9769773172 0.9889665657 1.000955814 1.012945063 1.024934311 1.03692356 1.048912808 1.060902057 1.072891305 1.084880554 1.097068452 1.110405681 1.12374291 1.124907556 1.122826179 1.120744802 1.118663426 1.116582049 1.114500673 1.112419296 1.110337919 1.108256543 1.106175166 1.104093789 1.105335085 1.107011492 1.105571499 1.101326746 1.097143162 1.0932616 1.089380038 1.085498476 1.081616914 1.077735352 1.07385379 1.069972228 1.066090666 1.062209104 1.058327542 1.054355567 1.050130433 1.0459053 1.04172758 1.037554822 1.033382064 1.029209306 1.025036548 1.02086379 1.016691032 1.012518274 1.008345516 1.004172758 1 
0.6897416814 0.7140217679 0.7383018544 0.7625819408 0.789277942 0.8170889808 0.8449000196 0.8727110584 0.9005220971 0.9283331359 0.9553114489 0.9673006974 0.9792899459 0.9912791944 1.003268443 1.015257691 1.02724694 1.039236189 1.051225437 1.063498471 1.0768357 1.090172929 1.103510158 1.116847387 1.118012032 1.115930656 1.113849279 1.111767903 1.109686526 1.107605149 1.105523773 1.103442396 1.101361019 1.102839648 1.104516055 1.106192462 1.107868869 1.106428876 1.102184124 1.097939371 1.093694618 1.089488096 1.085606534 1.081724972 1.07784341 1.073961848 1.070080286 1.066198724 1.062317162 1.0584356 1.054463625 1.050238491 1.046013358 1.041788225 1.037563092 1.033382064 1.029209306 1.025036548 1.02086379 1.016691032 1.012518274 1.008345516 1.004172758 1 
0.6855287457 0.7098088322 0.7340889187 0.7583690051 0.7826490916 0.807412361 0.8352233998 0.8630344386 0.8908454773 0.9186565161 0.9456348291 0.9576240776 0.9696133261 0.9816025746 0.9935918232 1.005581072 1.01757032 1.02992849 1.043265719 1.056602948 1.069940177 1.083277406 1.096614635 1.109951864 1.111116509 1.109035133 1.106953756 1.104872379 1.102791003 1.100709626 1.098667805 1.100344212 1.102020619 1.103697026 1.105373433 1.10704984 1.108726247 1.107286254 1.103041501 1.098796749 1.094551996 1.090307243 1.086062491 1.08183303 1.077951468 1.074069906 1.070188344 1.066306782 1.06242522 1.058543658 1.054571683 1.05034655 1.046121416 1.041896283 1.03767115 1.033446017 1.029220884 1.025036548 1.02086379 1.016691032 1.012518274 1.008345516 1.004172758 1 
0.68131581 0.7055958965 0.729875983 0.7541560694 0.7784361559 0.8027162424 0.8269963289 0.8533578188 0.8811688575 0.9089798963 0.9359582093 0.9479474578 0.9599367063 0.9719259548 0.9839152034 0.9963585085 1.009695737 1.023032966 1.036370195 1.049707424 1.063044653 1.076381882 1.089719111 1.10305634 1.104220986 1.102139609 1.100058233 1.097976856 1.096172369 1.097848776 1.099525183 1.10120159 1.102877997 1.104554404 1.106230811 1.107907218 1.109583625 1.108143632 1.103898879 1.099654126 1.095409374 1.091164621 1.086919868 1.082675116 1.078430363 1.07418561 1.070296402 1.06641484 1.062533278 1.058651716 1.054679741 1.050454608 1.046229474 1.042004341 1.037779208 1.033554075 1.029328942 1.025103809 1.020878676 1.016691032 1.012518274 1.008345516 1.004172758 1 
0.6771028743 0.7013829608 0.7256630473 0.7499431337 0.7742232202 0.7985033067 0.8227833931 0.8470634796 0.8714922378 0.8993032765 0.9262815895 0.938270838 0.9502600865 0.9627885272 0.9761257562 0.9894629852 1.002800214 1.016137443 1.029474672 1.042811901 1.05614913 1.069486359 1.082823588 1.096160817 1.097325463 1.095244086 1.093676933 1.09535334 1.097029747 1.098706153 1.10038256 1.102058967 1.103735374 1.105411781 1.107088188 1.108764595 1.110441002 1.109001009 1.104756257 1.100511504 1.096266751 1.092021999 1.087777246 1.083532493 1.079287741 1.075042988 1.070798235 1.066553483 1.062641336 1.058759774 1.054787799 1.050562666 1.046337533 1.042112399 1.037887266 1.033662133 1.029437 1.025211867 1.020986734 1.016761601 1.012536468 1.008345516 1.004172758 1 
0.6728899386 0.6971700251 0.7214501116 0.745730198 0.7700102845 0.794290371 0.8185704574 0.8428505439 0.8671306304 0.8914107169 0.9166049697 0.929218546 0.942555775 0.955893004 0.969230233 0.982567462 0.995904691 1.00924192 1.022579149 1.035916378 1.049253607 1.062590836 1.075928065 1.089265294 1.091181496 1.092857903 1.09453431 1.096210717 1.097887124 1.099563531 1.101239938 1.102916345 1.104592752 1.106269159 1.107945566 1.109621973 1.11129838 1.109858387 1.105613634 1.101368882 1.097124129 1.092879376 1.088634624 1.084389871 1.080145118 1.075900366 1.071655613 1.06741086 1.063166108 1.058921355 1.054895857 1.050670724 1.046445591 1.042220457 1.037995324 1.033770191 1.029545058 1.025319925 1.021094792 1.016869659 1.012644526 1.008419393 1.004194259 1 
0.672292525 0.6967501164 0.7210302029 0.7453102894 0.7695903758 0.7938704623 0.8181505488 0.8424306352 0.8667107217 0.8909908082 0.9146949548 0.9280321838 0.9413694128 0.9547066418 0.9680438708 0.9813810998 0.9947183288 1.008055558 1.021392787 1.034730016 1.048067245 1.061404474 1.074741703 1.087659081 1.091622457 1.093298864 1.094975271 1.096651678 1.098328085 1.100004492 1.101680899 1.103357306 1.105033713 1.10671012 1.108386527 1.110062934 1.111412818 1.109509197 1.10531409 1.101069337 1.096824584 1.092579832 1.088335079 1.084090326 1.079845574 1.075600821 1.071356068 1.067111316 1.062866563 1.05862181 1.054576689 1.050701597 1.046476464 1.042251331 1.038026198 1.033801065 1.029575932 1.025350799 1.021125666 1.016900532 1.012675399 1.008450266 1.004225133 1 
0.6731413201 0.6977426061 0.722127505 0.7464075915 0.770687678 0.7949677644 0.8192478509 0.8435279374 0.8678080239 0.8920881103 0.9157922569 0.9291294859 0.9424667149 0.9558039439 0.9691411729 0.9824784019 0.9958156309 1.00915286 1.022490089 1.035827318 1.049164547 1.062501776 1.075393963 1.087933475 1.091896852 1.093573259 1.095249666 1.096926073 1.09860248 1.100278887 1.101955294 1.103631701 1.105308108 1.106984515 1.108660922 1.109971623 1.110407242 1.108503621 1.104494684 1.100307023 1.096062271 1.091817518 1.087572765 1.083328013 1.07908326 1.074838507 1.070593755 1.066349002 1.062104249 1.057859497 1.053814375 1.050328219 1.046476464 1.042251331 1.038026198 1.033801065 1.029575932 1.025350799 1.021125666 1.016900532 1.012675399 1.008450266 1.004225133 1 
0.6739901153 0.6985914012 0.7231926872 0.7475048936 0.7717849801 0.7960650666 0.8203451531 0.8446252395 0.868905326 0.8931854125 0.9168895591 0.9302267881 0.9435640171 0.9569012461 0.970238475 0.983575704 0.996912933 1.010250162 1.023587391 1.03692462 1.050261849 1.063128845 1.075668357 1.08820787 1.092171246 1.093847653 1.09552406 1.097200467 1.098876874 1.100553281 1.102229688 1.103906095 1.105582502 1.107258909 1.108530427 1.108966046 1.109401666 1.107498045 1.103489108 1.099480171 1.095299957 1.091055204 1.086810452 1.082565699 1.078320946 1.074076194 1.069831441 1.065586688 1.061341936 1.057097183 1.053052061 1.049565906 1.04607975 1.042251331 1.038026198 1.033801065 1.029575932 1.025350799 1.021125666 1.016900532 1.012675399 1.008450266 1.004225133 1 
0.6748389104 0.6994401964 0.7240414824 0.7486021958 0.7728822823 0.7971623687 0.8214424552 0.8457225417 0.8700026281 0.8942827146 0.9179868612 0.9313240902 0.9446613192 0.9579985482 0.9713357772 0.9846730062 0.9980102352 1.011347464 1.024684693 1.038021922 1.050863727 1.063403239 1.075942752 1.088482264 1.092445641 1.094122048 1.095798455 1.097474862 1.099151269 1.100827675 1.102504082 1.104180489 1.105856896 1.107089232 1.107524851 1.10796047 1.10839609 1.106492469 1.102483532 1.098474595 1.094465658 1.090292891 1.086048138 1.081803386 1.077558633 1.07331388 1.069069127 1.064824375 1.060579622 1.056334869 1.052289748 1.048803592 1.045317436 1.041831281 1.038026198 1.033801065 1.029575932 1.025350799 1.021125666 1.016900532 1.012675399 1.008450266 1.004225133 1 
0.6756877055 0.7002889915 0.7248902775 0.7494915635 0.7739795844 0.7982596709 0.8225397573 0.8468198438 0.8710999303 0.8953800167 0.9190841633 0.9324213923 0.9457586213 0.9590958503 0.9724330793 0.9857703083 0.9991075373 1.012444766 1.025781995 1.038598609 1.051138122 1.063677634 1.076217146 1.088756659 1.092720035 1.094396442 1.096072849 1.097749256 1.099425663 1.10110207 1.102778477 1.104454884 1.105648037 1.106083656 1.106519275 1.106954894 1.107390513 1.105486893 1.101477956 1.097469019 1.093460082 1.089451145 1.085285825 1.081041072 1.076796319 1.072551567 1.068306814 1.064062061 1.059817309 1.055572556 1.051527434 1.048041278 1.044555123 1.041068967 1.037582812 1.033801065 1.029575932 1.025350799 1.021125666 1.016900532 1.012675399 1.008450266 1.004225133 1 
0.6765365007 0.7011377867 0.7257390727 0.7503403586 0.7749416446 0.799356973 0.8236370595 0.8479171459 0.8721972324 0.8964773189 0.9201814655 0.9335186945 0.9468559235 0.9601931525 0.9735303815 0.9868676105 1.000204839 1.013542068 1.026333491 1.038873004 1.051412516 1.063952028 1.076491541 1.089031053 1.092994429 1.094670836 1.096347243 1.09802365 1.099700057 1.101376464 1.103052871 1.104206841 1.104642461 1.10507808 1.105513699 1.105949318 1.106384937 1.104481316 1.100472379 1.096463442 1.092454505 1.088445568 1.084436631 1.080278758 1.076034006 1.071789253 1.0675445 1.063299748 1.059054995 1.054810242 1.05076512 1.047278965 1.043792809 1.040306654 1.036820498 1.033334342 1.029575932 1.025350799 1.021125666 1.016900532 1.012675399 1.008450266 1.004225133 1 
0.6773852958 0.7019865818 0.7265878678 0.7511891538 0.7757904398 0.8003917258 0.8247343616 0.8490144481 0.8732945346 0.897574621 0.9212787676 0.9346159966 0.9479532256 0.9612904546 0.9746276836 0.9879649126 1.001302142 1.014068373 1.026607886 1.039147398 1.05168691 1.064226423 1.076765935 1.089305447 1.093268824 1.094945231 1.096621638 1.098298045 1.099974452 1.101650859 1.102765646 1.103201265 1.103636884 1.104072504 1.104508123 1.104943742 1.105379361 1.10347574 1.099466803 1.095457866 1.091448929 1.087439992 1.083431055 1.079422118 1.075271692 1.071026939 1.066782187 1.062537434 1.058292681 1.054047929 1.050002807 1.046516651 1.043030495 1.03954434 1.036058184 1.032572029 1.029085873 1.025350799 1.021125666 1.016900532 1.012675399 1.008450266 1.004225133 1 
0.678234091 0.702835377 0.727436663 0.7520379489 0.7766392349 0.8012405209 0.8258316638 0.8501117502 0.8743918367 0.8986719232 0.9223760698 0.9357132988 0.9490505278 0.9623877568 0.9757249858 0.9890622147 1.001803255 1.014342768 1.02688228 1.039421792 1.051961305 1.064500817 1.077040329 1.089579842 1.093543218 1.095219625 1.096896032 1.098572439 1.100248846 1.101324451 1.10176007 1.102195689 1.102631308 1.103066927 1.103502547 1.103938166 1.104373785 1.102470164 1.098461227 1.09445229 1.090443353 1.086434416 1.082425479 1.078416542 1.074407605 1.070264626 1.066019873 1.06177512 1.057530368 1.053285615 1.049240493 1.045754337 1.042268182 1.038782026 1.035295871 1.031809715 1.028323559 1.024837404 1.021125666 1.016900532 1.012675399 1.008450266 1.004225133 1 
0.6790828861 0.7036841721 0.7282854581 0.7528867441 0.7774880301 0.8020893161 0.826690602 0.8512090524 0.8754891388 0.8997692253 0.9234733719 0.9368106009 0.9501478299 0.9634850589 0.9768222879 0.9895381376 1.00207765 1.014617162 1.027156675 1.039696187 1.052235699 1.064775212 1.077314724 1.089854236 1.093817613 1.09549402 1.097170427 1.098846834 1.099883255 1.100318875 1.100754494 1.101190113 1.101625732 1.102061351 1.10249697 1.10293259 1.103368209 1.101464588 1.097455651 1.093446714 1.089437777 1.08542884 1.081419903 1.077410966 1.073402029 1.069393092 1.065257559 1.061012807 1.056768054 1.052523301 1.048478179 1.044992024 1.041505868 1.038019713 1.034533557 1.031047401 1.027561246 1.02407509 1.020588935 1.016900532 1.012675399 1.008450266 1.004225133 1 
0.6799316813 0.7045329673 0.7291342533 0.7537355392 0.7783368252 0.8029381112 0.8275393972 0.8521406832 0.876586441 0.9008665274 0.9245706741 0.937907903 0.951245132 0.964582361 0.9772730197 0.989812532 1.002352044 1.014891557 1.027431069 1.039970581 1.052510094 1.065049606 1.077589118 1.090128631 1.094092007 1.095768414 1.097444821 1.09844206 1.098877679 1.099313298 1.099748918 1.100184537 1.100620156 1.101055775 1.101491394 1.101927014 1.102362633 1.100459012 1.096450075 1.092441138 1.088432201 1.084423264 1.080414327 1.07640539 1.072396453 1.068387516 1.064378579 1.060250493 1.05600574 1.051760988 1.047715866 1.04422971 1.040743555 1.037257399 1.033771243 1.030285088 1.026798932 1.023312777 1.019826621 1.016340465 1.012675399 1.008450266 1.004225133 1 
0.6807804764 0.7053817624 0.7299830484 0.7545843344 0.7791856204 0.8037869064 0.8283881923 0.8529894783 0.8775907643 0.9019638296 0.9256679762 0.9390052052 0.9523424342 0.9650079018 0.9775474141 0.9900869264 1.002626439 1.015165951 1.027705463 1.040244976 1.052784488 1.065324 1.077863513 1.090403025 1.094366402 1.096042809 1.097000865 1.097436484 1.097872103 1.098307722 1.098743341 1.099178961 1.09961458 1.100050199 1.100485818 1.100921437 1.101357057 1.099453436 1.095444499 1.091435562 1.087426625 1.083417688 1.079408751 1.075399814 1.071390877 1.06738194 1.063373003 1.059364066 1.055243427 1.050998674 1.046953552 1.043467397 1.039981241 1.036495085 1.03300893 1.029522774 1.026036618 1.022550463 1.019064307 1.015578152 1.012091996 1.008450266 1.004225133 1 
0.6816292716 0.7062305576 0.7308318436 0.7554331295 0.7800344155 0.8046357015 0.8292369875 0.8538382735 0.8784395595 0.9030408454 0.9267652783 0.9401025073 0.9527427839 0.9652822962 0.9778218085 0.9903613208 1.002900833 1.015440345 1.027979858 1.04051937 1.053058882 1.065598395 1.078137907 1.090677419 1.094640796 1.095559669 1.095995289 1.096430908 1.096866527 1.097302146 1.097737765 1.098173384 1.098609004 1.099044623 1.099480242 1.099915861 1.10035148 1.09844786 1.094438923 1.090429986 1.086421049 1.082412112 1.078403175 1.074394238 1.070385301 1.066376364 1.062367427 1.05835849 1.054349553 1.05023636 1.046191238 1.042705083 1.039218927 1.035732772 1.032246616 1.02876046 1.025274305 1.021788149 1.018301994 1.014815838 1.011329682 1.007843527 1.004225133 1 
0.6824780667 0.7070793527 0.7316806387 0.7562819247 0.7808832107 0.8054844967 0.8300857826 0.8546870686 0.8792883546 0.9038896406 0.9278625805 0.940477666 0.9530171783 0.9655566906 0.9780962029 0.9906357153 1.003175228 1.01571474 1.028254252 1.040793765 1.053333277 1.065872789 1.078412302 1.090951814 1.094118474 1.094554093 1.094989712 1.095425332 1.095860951 1.09629657 1.096732189 1.097167808 1.097603428 1.098039047 1.098474666 1.098910285 1.099345904 1.097442283 1.093433346 1.089424409 1.085415472 1.081406535 1.077397598 1.073388661 1.069379725 1.065370788 1.061361851 1.057352914 1.053343977 1.04933504 1.045428925 1.041942769 1.038456614 1.034970458 1.031484302 1.027998147 1.024511991 1.021025836 1.01753968 1.014053524 1.010567369 1.007081213 1.003595058 1 
0.6867103136 0.7103522868 0.7349535728 0.7595548587 0.7841561447 0.8087574307 0.8333587167 0.8579600027 0.8825612887 0.9071625747 0.9311290304 0.9436685428 0.9562080551 0.9687475674 0.9812870797 0.9938265921 1.006366104 1.018905617 1.031445129 1.043984641 1.056524154 1.069063666 1.081603178 1.091951589 1.093778335 1.094157273 1.094592893 1.095028512 1.095464131 1.09589975 1.096335369 1.096770989 1.097206608 1.097642227 1.098077846 1.098513465 1.098949085 1.097148326 1.093209335 1.089200398 1.085191461 1.081182524 1.077173588 1.073164651 1.069155714 1.065146777 1.06113784 1.057128903 1.053119966 1.049111029 1.045239666 1.04175351 1.038267354 1.034781199 1.031295043 1.027808888 1.024322732 1.020836576 1.017350421 1.013864265 1.01037811 1.006891954 1.003405798 1 
0.691506469 0.7146611722 0.73863053 0.763231816 0.7878331019 0.8124343879 0.8370356739 0.8616369599 0.8862382459 0.9108395319 0.9348059877 0.9473455 0.9598850123 0.9724245246 0.9849640369 0.9975035493 1.010043062 1.022582574 1.035122086 1.047661599 1.060201111 1.072740623 1.082986326 1.092273423 1.094100169 1.093937488 1.094297532 1.094733151 1.095168771 1.09560439 1.096040009 1.096475628 1.096911247 1.097346867 1.097782486 1.098218105 1.098653724 1.096852966 1.093039467 1.089106648 1.085097711 1.081088774 1.077079837 1.0730709 1.069061963 1.065053026 1.061044089 1.057035152 1.053026215 1.049017278 1.045145916 1.04165976 1.038173604 1.034687449 1.031201293 1.027715138 1.024228982 1.020742826 1.017256671 1.013770515 1.010284359 1.006798204 1.003395275 1 
0.6963026244 0.7194573277 0.7426120309 0.7669087732 0.7915100591 0.8161113451 0.8407126311 0.8653139171 0.8899152031 0.9145164891 0.9384829449 0.9510224572 0.9635619695 0.9761014818 0.9886409942 1.001180506 1.013720019 1.026259531 1.038799043 1.051338556 1.063878068 1.074021063 1.08330816 1.092595256 1.094422002 1.094259321 1.09409664 1.094437791 1.09487341 1.09530903 1.095744649 1.096180268 1.096615887 1.097051506 1.097487125 1.097922745 1.098358364 1.096557605 1.092744107 1.088930608 1.085003961 1.080995024 1.076986087 1.07297715 1.068968213 1.064959276 1.060950339 1.056941402 1.052932465 1.048923528 1.045052165 1.04156601 1.038079854 1.034593699 1.031107543 1.027621387 1.024135232 1.020649076 1.017162921 1.013676765 1.010190609 1.006790551 1.003395275 1 
0.7010987799 0.7242534831 0.7474081864 0.7705857304 0.7951870164 0.8197883023 0.8443895883 0.8689908743 0.8935921603 0.9181934463 0.9421599021 0.9546994144 0.9672389267 0.979778439 0.9923179514 1.004857464 1.017396976 1.029936488 1.042476001 1.055015513 1.0650558 1.074342897 1.083629993 1.09291709 1.094743836 1.094581155 1.094418474 1.094255793 1.09457805 1.095013669 1.095449288 1.095884908 1.096320527 1.096756146 1.097191765 1.097627384 1.098063004 1.096262245 1.092448746 1.088635248 1.08482175 1.080901274 1.076892337 1.0728834 1.068874463 1.064865526 1.060856589 1.056847652 1.052838715 1.048829778 1.044958415 1.04147226 1.037986104 1.034499949 1.031013793 1.027527637 1.024041482 1.020555326 1.01706917 1.013583015 1.010185826 1.006790551 1.003395275 1 
0.7058949353 0.7290496386 0.7522043418 0.775359045 0.7988639736 0.8234652596 0.8480665455 0.8726678315 0.8972691175 0.9218704035 0.9458368593 0.9583763716 0.9709158839 0.9834553963 0.9959949086 1.008534421 1.021073933 1.033613446 1.046152958 1.056090537 1.065377634 1.07466473 1.083951827 1.093238923 1.095065669 1.094902988 1.094740307 1.094577626 1.094414945 1.094718309 1.095153928 1.095589547 1.096025166 1.096460786 1.096896405 1.097332024 1.097767643 1.095966885 1.092153386 1.088339888 1.084526389 1.080712891 1.076798587 1.07278965 1.068780713 1.064771776 1.060762839 1.056753902 1.052744965 1.048736028 1.044864665 1.04137851 1.037892354 1.034406198 1.030920043 1.027433887 1.023947732 1.020461576 1.016976377 1.013581102 1.010185826 1.006790551 1.003395275 1 
0.7106910908 0.733845794 0.7570004972 0.7801552005 0.8033099037 0.8271422168 0.8517435027 0.8763447887 0.9009460747 0.9255473607 0.9495138165 0.9620533288 0.9745928411 0.9871323535 0.9996718658 1.012211378 1.02475089 1.037290403 1.047125275 1.056412371 1.065699467 1.074986564 1.08427366 1.093560757 1.095387503 1.095224822 1.095062141 1.09489946 1.094736779 1.094574098 1.094858568 1.095294187 1.095729806 1.096165425 1.096601044 1.097036664 1.097472283 1.095671524 1.091858026 1.088044527 1.084231029 1.08041753 1.076604032 1.0726959 1.068686963 1.064678026 1.060669089 1.056660152 1.052651215 1.048642278 1.044770915 1.04128476 1.037798604 1.034312448 1.030826293 1.027340137 1.023853981 1.020371652 1.016976377 1.013581102 1.010185826 1.006790551 1.003395275 1 
0.7154872462 0.7386419495 0.7617966527 0.7849513559 0.8081060592 0.8312607624 0.85542046 0.8800217459 0.9046230319 0.9292243179 0.9531907737 0.965730286 0.9782697984 0.9908093107 1.003348823 1.015888335 1.028427848 1.038160012 1.047447108 1.056734204 1.066021301 1.075308397 1.084595494 1.09388259 1.095709336 1.095546655 1.095383974 1.095221293 1.095058612 1.094895931 1.09473325 1.094998826 1.095434446 1.095870065 1.096305684 1.096741303 1.097176922 1.095376164 1.091562665 1.087749167 1.083935668 1.08012217 1.076308671 1.072495173 1.068593213 1.064584276 1.060575339 1.056566402 1.052557465 1.048548528 1.044677165 1.041191009 1.037704854 1.034218698 1.030732543 1.027246387 1.023766928 1.020371652 1.016976377 1.013581102 1.010185826 1.006790551 1.003395275 1 
0.7202834017 0.7434381049 0.7665928081 0.7897475114 0.8129022146 0.8360569178 0.8592116211 0.8836987032 0.9082999891 0.9329012751 0.9568677309 0.9694072432 0.9819467556 0.9944862679 1.00702578 1.019565293 1.029194749 1.038481845 1.047768941 1.057056038 1.066343134 1.075630231 1.084917327 1.094204424 1.09603117 1.095868489 1.095705808 1.095543127 1.095380446 1.095217765 1.095055084 1.094892403 1.095139085 1.095574705 1.096010324 1.096445943 1.096881562 1.095080804 1.091267305 1.087453807 1.083640308 1.07982681 1.076013311 1.072199813 1.068386314 1.064490526 1.060481589 1.056472652 1.052463715 1.048454778 1.044583415 1.041097259 1.037611104 1.034124948 1.030638792 1.027162203 1.023766928 1.020371652 1.016976377 1.013581102 1.010185826 1.006790551 1.003395275 1 
0.7250795571 0.7482342603 0.7713889636 0.7945436668 0.81769837 0.8408530733 0.8640077765 0.8873756604 0.9119769463 0.9365782323 0.9605446881 0.9730842004 0.9856237128 0.9981632251 1.010702737 1.020229486 1.029516582 1.038803678 1.048090775 1.057377871 1.066664968 1.075952064 1.085239161 1.094526257 1.096353003 1.096190322 1.096027641 1.09586496 1.095702279 1.095539598 1.095376917 1.095214236 1.095051556 1.095279344 1.095714963 1.096150583 1.096586202 1.094785443 1.090971945 1.087158446 1.083344948 1.079531449 1.075717951 1.071904452 1.068090954 1.064277455 1.060387839 1.056378902 1.052369965 1.048361028 1.044489665 1.041003509 1.037517354 1.034031198 1.030557479 1.027162203 1.023766928 1.020371652 1.016976377 1.013581102 1.010185826 1.006790551 1.003395275 1 
0.7298757125 0.7530304158 0.776185119 0.7993398222 0.8224945255 0.8456492287 0.868803932 0.8919586352 0.9156539036 0.9402551895 0.9642216453 0.9767611577 0.98930067 1.001840182 1.011264223 1.020551319 1.029838415 1.039125512 1.048412608 1.057699705 1.066986801 1.076273898 1.085560994 1.094848091 1.096674836 1.096512156 1.096349475 1.096186794 1.096024113 1.095861432 1.095698751 1.09553607 1.095373389 1.095210708 1.095419603 1.095855222 1.096290841 1.094490083 1.090676584 1.086863086 1.083049587 1.079236089 1.07542259 1.071609092 1.067795593 1.063982095 1.060168596 1.056285152 1.052276215 1.048267278 1.044395915 1.040909759 1.037423603 1.033952754 1.030557479 1.027162203 1.023766928 1.020371652 1.016976377 1.013581102 1.010185826 1.006790551 1.003395275 1 
0.734671868 0.7578265712 0.7809812745 0.8041359777 0.8272906809 0.8504453842 0.8736000874 0.8967547906 0.9199094939 0.9439321468 0.9678986025 0.9804381149 0.9929776272 1.00229896 1.011586056 1.020873152 1.030160249 1.039447345 1.048734442 1.058021538 1.067308635 1.076595731 1.085882828 1.095169924 1.09699667 1.096833989 1.096671308 1.096508627 1.096345946 1.096183265 1.096020584 1.095857903 1.095695222 1.095532542 1.095369861 1.095559862 1.095995481 1.094194722 1.090381224 1.086567726 1.082754227 1.078940729 1.07512723 1.071313732 1.067500233 1.063686735 1.059873236 1.056059738 1.052182464 1.048173528 1.044302165 1.040816009 1.037348029 1.033952754 1.030557479 1.027162203 1.023766928 1.020371652 1.016976377 1.013581102 1.010185826 1.006790551 1.003395275 1 
0.7394680234 0.7626227267 0.7857774299 0.8089321331 0.8320868364 0.8552415396 0.8783962428 0.9015509461 0.9247056493 0.9478603525 0.9715755598 0.9840466002 0.9933336966 1.002620793 1.011907889 1.021194986 1.030482082 1.039769179 1.049056275 1.058343372 1.067630468 1.076917565 1.086204661 1.095491757 1.097318503 1.097155822 1.096993142 1.096830461 1.09666778 1.096505099 1.096342418 1.096179737 1.096017056 1.095854375 1.095691694 1.095529013 1.095700121 1.093899362 1.090085864 1.086272365 1.082458867 1.078645368 1.07483187 1.071018371 1.067204873 1.063391374 1.059577876 1.055764377 1.051950879 1.048079777 1.044208414 1.040743305 1.037348029 1.033952754 1.030557479 1.027162203 1.023766928 1.020371652 1.016976377 1.013581102 1.010185826 1.006790551 1.003395275 1 
0.7442641789 0.7674188821 0.7905735853 0.8137282886 0.8368829918 0.860037695 0.8831923983 0.9063471015 0.9295018048 0.952656508 0.9750813372 0.9843684336 0.9936555301 1.002942627 1.012229723 1.021516819 1.030803916 1.040091012 1.049378109 1.058665205 1.067952302 1.077239398 1.086526495 1.095813591 1.097640337 1.097477656 1.097314975 1.097152294 1.096989613 1.096826932 1.096664251 1.09650157 1.096338889 1.096176208 1.096013527 1.095850847 1.095688166 1.093604002 1.089790503 1.085977005 1.082163506 1.078350008 1.074536509 1.070723011 1.066909512 1.063096014 1.059282515 1.055469017 1.051655518 1.04784202 1.04413858 1.040743305 1.037348029 1.033952754 1.030557479 1.027162203 1.023766928 1.020371652 1.016976377 1.013581102 1.010185826 1.006790551 1.003395275 1 
