0.6704925867 0.6704925867 0.6704925867 0.6704925867 0.6704925867 0.6704925867 0.6704925867 0.8135592946 1.017940306 1.222321317 1.426702328 1.631083339 1.835464351 1.886897979 1.708910533 1.530923086 1.35293564 1.174948194 0.9969607477 0.8544553499 1.031288388 1.208121425 1.384954463 1.5617875 1.738620538 1.915453576 1.625657619 1.219204414 0.8127512086 1.503232294 2.784370304 4.065508315 3.649594983 5.978154274 8.306713564 9.983977848 10.45169426 10.91941067 11.34921677 11.62738159 11.90554641 12.18371123 12.46187605 12.74004087 13.01820569 13.14102817 13.24659038 13.35215259 13.4577148 13.56327702 13.66883923 13.74087708 13.79056536 13.84025364 13.88994192 13.9396302 13.98931848 14.07788031 14.25714708 14.43641385 14.61568062 14.79494739 14.97421416 15.15348093 
0.7793380109 0.7793380109 0.7793380109 0.7793380109 0.7793380109 0.7793380109 0.9190826467 1.319862513 1.683536454 1.887917465 2.092298477 2.296679488 2.501060499 2.761353755 3.01413929 2.836151844 2.658164398 2.480176952 2.302189505 2.159684108 2.336517145 2.513350183 2.69018322 2.867016258 3.092053458 5.197052993 6.592514723 6.186061517 5.779608312 6.470089397 7.751227408 9.03614002 8.840681442 11.8217822 14.15034149 16.8272496 18.04469889 18.5124153 19.26260022 21.14265914 21.46087131 21.73903613 22.01720095 22.29536577 22.57353059 23.95556401 24.51584128 24.62140349 24.72696571 24.83252792 24.93809013 25.83806016 26.75017779 26.79986607 26.84955435 26.89924263 26.94893091 27.03749273 27.21675951 27.39602628 27.57529305 27.75455982 27.91024448 27.9847019 
0.888183435 0.888183435 0.888183435 0.888183435 0.9108447273 1.061920009 1.212995291 1.613775157 2.121571274 2.553513614 2.757894625 2.962275636 3.166656648 3.426949903 3.771111526 4.115273148 3.963393156 3.785405709 3.607418263 3.464912865 3.641745903 3.818578941 3.995411978 4.65428664 6.759286174 8.864285709 10.65759164 11.15291862 10.74646542 11.4369465 12.71808451 14.02354773 13.70215651 17.66541012 19.99396941 22.67087752 25.63770351 26.10541993 26.85560484 28.73566376 30.61572268 31.29436103 31.57252585 31.85069067 32.12885549 33.51088891 35.01557439 35.89065439 35.99621661 36.10177882 36.20734103 37.10731106 38.5368863 39.7594785 39.80916678 39.85885506 39.90854334 39.99710516 40.17637193 40.35563871 40.53490548 40.66700804 40.74146545 40.81592286 
0.9970288591 0.9970288591 0.9970288591 1.05368209 1.204757372 1.355832654 1.506907936 1.907687802 2.415483918 2.923280035 3.423490774 3.627871785 3.832252796 4.092546052 4.436707674 4.780869297 5.125030919 5.090634467 4.912647021 4.770141623 4.946974661 5.123807698 6.216519822 8.321519356 10.42651889 12.53151842 14.32482436 16.04020688 15.71332252 16.4038036 17.69626542 19.01095544 18.56363159 22.67387405 25.83759733 28.51450545 31.83834709 33.69842455 34.44860947 36.32866839 38.20872731 40.08878623 41.12785075 41.40601557 41.68418039 43.0662138 44.57089928 46.07558476 47.26546751 47.37102972 47.47659193 48.37656196 49.8061372 51.23571244 52.66528768 52.81846749 52.86815576 52.95671759 53.13598436 53.31525113 53.42377159 53.498229 53.57268641 53.64714382 
1.105874283 1.105874283 1.196519452 1.347594734 1.498670016 1.649745298 1.80082058 2.201600447 2.709396563 3.217192679 3.724988796 4.232784912 4.497848945 4.7581422 5.102303823 5.446465445 5.790627068 6.13478869 6.217875779 6.075370381 6.252203418 7.778753004 9.883752538 11.98875207 14.09375161 16.19875114 17.99205707 19.7074396 20.68017962 21.37066071 22.68367313 23.99836316 23.42510666 27.53534912 31.64559159 34.35813337 37.68197501 41.00581665 42.04161409 43.92167301 45.80173193 47.68179086 49.56184978 50.96134047 51.23950529 52.6215387 54.12622418 55.63090966 57.13559514 58.64028062 58.74584283 59.64581286 61.0753881 62.50496334 63.93453858 65.36411383 65.82776819 65.91633002 66.09559679 66.18053514 66.25499255 66.32944996 66.40390737 66.47836479 
1.214719707 1.339356815 1.490432097 1.641507379 1.792582661 1.943657943 2.094733225 2.495513091 3.003309208 3.511105324 4.01890144 4.526697557 5.034493673 5.423738349 5.767899971 6.112061594 6.456223216 6.800384839 7.144546461 7.380599138 9.340986185 11.44598572 13.55098525 15.65598479 17.76098432 19.86598386 21.65928979 23.37467232 25.09005485 26.35639082 27.67108084 28.98577087 28.28658173 32.3968242 36.50706666 40.20176129 43.52560293 46.84944458 49.63461872 51.51467764 53.39473656 55.27479548 57.1548544 59.03491332 60.79483019 62.1768636 63.68154908 65.18623456 66.69092004 68.19560552 69.700291 70.91506376 72.344639 73.77421425 75.20378949 76.63336473 78.06293997 78.86284128 78.93729869 79.0117561 79.08621351 79.16067093 79.23512834 79.30958575 
2.051465191 2.202540473 2.353615755 2.504691037 2.655766319 2.806841601 3.390021808 4.645590971 5.276333289 5.784129405 6.291925522 6.799721638 7.307517755 7.749860073 8.094021696 8.438183318 8.782344941 9.126506564 9.470668186 11.20538278 13.48088295 15.58588249 17.69088202 19.79588156 21.90088109 24.00588062 26.01641498 27.73179751 29.44718004 30.90211244 32.21680246 33.53149249 32.83740152 36.94764399 41.05788645 44.83379389 48.15763553 51.48147717 54.62875346 56.50881238 58.38887131 60.26893023 62.14898915 64.02904807 66.64859576 68.2907495 69.79543498 71.30012046 72.80480594 74.30949142 76.13604113 78.23348107 79.80114302 81.23071826 82.6602935 84.08986874 85.51944398 86.54248387 86.61694128 86.6913987 86.76585611 86.84031352 86.91477093 87.47006264 
3.00952735 3.160602632 3.311677914 3.462753196 3.613828478 4.181004799 5.132274387 6.387843551 7.773826818 8.387005393 8.894801509 9.402597625 9.910393742 10.35273606 10.69689768 11.04105931 11.38522093 11.72938255 13.37844211 15.19825875 17.53366455 19.8045566 21.90955613 24.01455567 26.1195552 28.22455473 30.43162909 32.20390478 33.91928731 35.37421971 36.68890974 38.6590157 37.33644543 41.44668789 45.5305097 49.26389393 52.58773557 55.94096062 59.18974323 61.06980215 62.94986107 64.82991999 66.70997891 69.30954042 72.18890849 73.83106223 75.33574771 76.84043319 78.34511867 80.15703819 82.39323329 84.49067324 86.49560974 88.05176446 89.4813397 90.91091494 92.34049018 93.36353007 93.43798748 93.51244489 93.58690231 93.66135972 94.20520299 94.85208219 
3.96758951 4.118664792 4.269740074 4.420815356 4.971987791 5.923257379 6.874526966 8.13009613 9.516079397 10.90206266 11.4976775 12.00547361 12.51326973 12.95561205 13.29977367 13.64393529 13.98809692 15.60878913 17.37131808 19.19113472 21.52654052 23.86194632 26.12823024 28.23322977 30.33822931 32.44322884 34.6503032 36.67601205 38.39139458 39.84632698 41.16101701 43.91442494 41.83548934 45.9457318 49.96060974 53.69399397 57.01783562 60.50195039 63.750733 65.63079192 67.51085084 69.39090976 71.97048508 74.84985316 77.72922123 79.37137496 80.87606044 82.38074592 84.17803525 86.41423035 88.65042546 90.7478654 92.7528019 94.7577384 96.3023859 97.73196114 99.16153638 100.1845763 100.2590337 100.3334911 100.4079485 100.9403433 101.5872225 102.2341017 
4.92565167 5.076726952 5.227802234 5.762970783 6.71424037 7.665509958 8.616779546 9.872348709 11.25833198 12.64431524 14.03029851 14.6083496 15.11614572 15.55848804 15.90264966 16.24681128 17.83913615 19.6016651 21.36419405 23.18401068 25.51941648 27.85482229 30.19022809 32.45190388 34.55690342 36.66190295 38.86897731 41.10157037 42.86350185 44.31843425 46.2565687 49.16983418 46.33453325 50.43680261 54.39070978 58.12409402 61.47197663 65.06294016 68.31172276 70.19178168 72.0718406 74.63142975 77.51079782 80.39016589 83.26953396 84.9116877 86.41637318 88.19903231 90.43522741 92.67142252 94.90761762 97.00505756 99.00999406 101.0149306 103.0198671 104.5530073 105.9825826 107.0056225 107.0800799 107.1545373 107.6754837 108.3223629 108.9692421 109.6161213 
5.883713829 6.034789112 6.553953774 7.505223362 8.45649295 9.407762537 10.35903212 11.61460129 13.00058456 14.38656782 15.77255109 17.15853436 17.7190217 18.16136402 18.50552565 20.06948317 21.83201212 23.59454107 25.35707002 27.17688665 29.51229245 31.84769825 34.18310405 36.51850986 38.77557753 40.88057706 43.08765142 45.32024448 47.33560912 48.79054152 51.51197795 54.42524343 50.83357715 54.86690265 58.82080982 62.55419406 66.03296639 69.62392992 72.87271253 74.75277145 77.29237441 80.17174248 83.05111055 85.93047862 88.80984669 90.45200043 92.22002937 94.45622447 96.69241958 98.92861468 101.1648098 103.2622497 105.2671862 107.2721227 109.2770592 111.2819957 112.8036288 113.8266687 113.9011261 114.410624 115.0575032 115.7043824 116.3512616 116.9981408 
6.841775989 7.344936766 8.296206353 9.247475941 10.19874553 11.15001512 12.1012847 13.35685387 14.74283714 16.1288204 17.51480367 18.90078694 20.28677021 20.76424001 22.29983019 24.06235914 25.82488808 27.58741703 29.34994598 31.16976262 33.50516842 35.84057422 38.17598002 40.51138582 42.84679163 45.09925117 47.30632553 49.53891859 51.77151166 53.85412171 56.76738719 59.68065267 55.33262106 59.2970027 63.25090987 67.00299263 70.59395616 74.18491969 77.43370229 79.95331907 82.83268714 85.71205521 88.59142328 91.47079135 94.35015942 96.24102643 98.47722153 100.7134166 102.9496117 105.1858068 107.4220019 109.5194419 111.5243784 113.5293149 115.5342514 117.5391879 119.5441244 120.6477149 121.1457644 121.7926436 122.4395228 123.086402 123.7332812 124.3801604 
8.145097531 9.083657115 10.0349267 10.98619629 11.93746588 12.88873547 13.84000505 15.09557422 16.48155748 17.86754075 19.25352402 20.63950729 22.02549055 23.52172744 25.28425639 27.04678534 28.80931429 30.57184324 32.33437219 34.14396327 36.46812096 38.80352676 41.13893256 43.47433837 45.80974417 48.14514997 50.39830558 52.63089864 54.86349171 57.2690988 60.18236428 63.09562976 58.4345798 62.38848697 66.34239413 70.30109671 73.89206024 77.48302376 81.10340335 83.99135818 86.87072625 89.75009432 92.62946239 95.50883046 98.38819853 100.6887109 102.924906 105.1611011 107.3972962 109.6334913 111.8696864 114.1652785 116.170215 118.1751515 120.180088 122.1850245 124.189961 126.2909404 126.9378196 127.5846988 128.231578 128.8784572 129.5253364 130.1722156 
9.908764914 10.81766783 11.76893741 12.720207 13.67147659 14.62274618 15.57401576 16.82958493 18.2155682 19.60155146 20.98753473 22.373518 23.72342794 25.11099776 26.92408291 28.68661185 30.4491408 32.21166975 33.9741987 35.78378978 38.05784227 40.39324807 42.72865387 45.06405967 47.39946547 49.73487128 51.98802689 54.22061995 56.45321301 58.23016636 61.14343184 64.05669732 59.92721455 63.6951502 67.64905737 71.9153532 75.50631673 79.09728025 82.71765984 86.0263658 88.90573387 91.78510194 94.66447001 97.54383808 100.4232061 102.7237185 104.9599137 107.1961088 109.4323039 111.668499 114.1877685 116.662641 118.6675775 120.672514 122.6774505 124.682387 126.6873235 129.2840293 130.6099223 131.2568014 131.9036806 132.5505598 133.197439 133.8443182 
11.6724323 12.56317806 13.50294812 14.45421771 15.4054873 16.35675689 17.30802647 18.56359564 19.94957891 21.33556217 22.72154544 24.10752871 25.28067933 26.66824916 28.56390942 30.32643837 32.08896732 33.85149627 35.61402522 37.4236163 39.65676657 41.98296938 44.31837518 46.65378098 48.98918678 51.32459258 53.57774819 55.81034126 57.52270808 59.19123392 62.1044994 65.01776488 61.5493141 65.00181343 68.9557206 73.22201643 77.12057321 80.71153674 84.33191633 88.06137341 90.94074148 93.82010955 96.69947763 99.5788457 102.4582138 104.7587262 106.9949213 109.2311164 111.4673115 113.7035066 116.685131 119.1600035 121.16494 123.1698765 125.174813 127.1797495 129.5276343 132.1243402 134.2820249 134.9289041 135.5757833 136.2226625 136.8695417 137.5164209 
13.43609968 14.32684545 15.23695883 16.18822842 17.13949801 18.0907676 19.04203718 20.29760635 21.68358962 23.06957288 24.45555615 25.81268075 26.83793073 28.22550056 30.15655016 31.96626489 33.72879384 35.49132278 37.25385173 39.06344282 41.29659309 43.57269068 45.90809648 48.24350229 50.57890809 52.91431389 55.1674695 57.40006256 58.59220315 60.23638812 63.06556696 65.97883244 63.17141364 66.30847667 70.26238384 74.52867967 78.7348297 82.32579323 85.94617282 89.68421666 92.9757491 95.85511717 98.73448524 101.6138533 104.4932214 106.7937338 109.0299289 111.266124 113.5023191 116.002717 119.1824935 121.657366 123.6623025 125.667239 127.6721755 129.677112 132.3679452 134.964651 137.3090646 138.6010068 139.247886 139.8947652 140.5416444 141.1885236 
15.19976707 16.09051283 16.98125859 17.92223913 18.87350872 19.82477831 20.77604789 22.03161706 23.41760033 24.80358359 26.18956686 27.36993215 28.39518213 29.78275196 31.71380155 33.6060914 35.36862035 37.1311493 38.89367825 40.70326933 42.9364196 45.16956988 47.49781779 49.83322359 52.16862939 54.5040352 56.75719081 58.98978387 59.66169821 61.30588318 64.02663452 66.9399 64.79351318 67.6151399 71.56904707 75.8353429 80.34908619 83.94004972 87.56042931 91.29847315 95.01075672 97.89012479 100.7694929 103.6488609 106.528229 108.8287414 111.0649365 113.3011316 115.5373267 118.5000795 121.679856 124.1547285 126.159665 128.1646015 130.169538 132.5034249 135.2082561 137.8049619 140.1493754 142.2731095 142.9199887 143.5668679 144.2137471 144.8606263 
16.96343445 17.85418021 18.74492598 19.65624984 20.60751943 21.55878902 22.5100586 23.76562777 25.15161104 26.5375943 27.90193357 28.92718355 29.95243353 31.34000335 33.27105295 35.20210255 37.00844687 38.77097582 40.53350477 42.34309585 44.57624612 46.80939639 49.0875391 51.4229449 53.7583507 56.0937565 58.34691211 60.57950518 60.73119328 62.37537825 64.98770208 67.90096755 66.41561273 68.93896974 72.87571031 77.14200614 81.96334268 85.55430621 89.1746858 92.91272964 96.65077348 99.9251324 102.8045005 105.6838685 108.5632366 110.863749 113.0999441 115.3361392 117.8176655 120.997442 124.1772185 126.652091 128.6570275 130.661964 132.6669005 135.3437358 138.0485669 140.6452727 142.9896863 145.3340998 146.5920914 147.2389706 147.8858498 148.532729 
18.72710183 19.6178476 20.50859336 21.39933913 22.34153014 23.29279973 24.24406932 25.49963848 26.88562175 28.27160501 29.45918497 30.48443495 31.50968493 32.89725475 34.82830435 36.75935395 38.64827338 40.41080233 42.17333128 43.98292236 46.21607264 48.44922291 50.68237318 53.01266621 55.34807201 57.68347781 59.93663342 61.69146769 61.80068834 63.44487332 65.94876963 68.86203511 68.03771227 70.56106929 74.18237354 78.44866937 83.29511557 87.1685627 90.78894229 94.52698613 98.26502997 101.96014 104.8395081 107.7188762 110.5982442 112.8987566 115.1349517 117.3711468 120.315028 123.4948045 126.674581 129.1494535 131.15439 133.1593265 135.4792155 138.1840467 140.8888778 143.4855836 145.8299971 148.1744107 150.2641941 150.9110732 151.5579524 152.2048316 
20.49076922 21.38151498 22.27226075 23.16300651 24.07554085 25.02681044 25.97808003 27.23364919 28.61963246 29.99118639 31.01643637 32.04168635 33.06693632 34.45450615 36.38555575 38.31660535 40.24765494 42.05062885 43.8131578 45.62274888 47.85589915 50.08904942 52.3221997 54.60238751 56.93779331 59.27319912 61.52635473 62.76096276 62.87018341 64.51436838 66.98507261 69.82310267 69.65981182 72.18316883 75.48903678 79.75533261 84.60177881 88.78281919 92.40319878 96.14124262 99.87928646 103.6173303 106.8745157 109.7538838 112.6332518 114.9337642 117.1699593 119.632614 122.8123905 125.992167 129.1719435 131.646816 133.6517525 135.656689 138.3195264 141.0243575 143.7291886 146.3258944 148.670308 151.0147215 153.3591351 154.5831759 155.2300551 155.8769343 
22.2544366 23.14518236 24.03592813 24.92667389 25.81741966 26.76082115 27.71209074 28.9676599 30.35364317 31.54843779 32.57368777 33.59893775 34.62418772 36.01175755 37.94280715 39.87385674 41.80490634 43.69045537 45.45298431 47.2625754 49.49572567 51.72887594 53.96202621 56.19517649 58.52751462 60.86292042 63.11607603 63.83045782 63.93967847 65.58386345 68.05456767 70.78417023 71.28191136 73.80526837 76.79570001 81.06199584 85.90844204 90.39707568 94.01745527 97.75549911 101.4935429 105.2315868 108.9095233 111.7888914 114.6682595 116.9687719 119.204967 122.1299765 125.309753 128.4895295 131.669306 134.1441785 136.149115 138.4550062 141.1598373 143.8646684 146.5694995 149.1662053 151.5106188 153.8550324 156.1994459 158.2552786 158.9021578 159.549037 
24.01810398 24.90884975 25.79959551 26.69034128 27.58108704 28.49483186 29.44610145 30.70167061 32.08043921 33.10568919 34.13093917 35.15618914 36.18143912 37.56900895 39.50005854 41.43110814 43.36215774 45.29320734 47.09281083 48.90240191 51.13555218 53.36870246 55.60185273 57.835003 60.11723593 62.45264173 64.70579734 64.89995289 65.00917354 66.65335851 69.12406274 71.74523779 72.90401091 75.42736792 78.10236325 82.36865908 87.21510528 92.01133217 95.63171176 99.3697556 103.1077994 106.8458433 110.5838871 113.823899 116.7032671 119.0037795 121.4475625 124.627339 127.8071155 130.986892 134.1666685 136.641541 138.6464775 141.295317 144.0001481 146.7049792 149.4098103 152.0065162 154.3509297 156.6953432 159.0397568 161.3841703 162.5742605 163.2211397 
25.78177137 26.67251713 27.5632629 28.45400866 29.34475442 30.23550019 31.18011216 32.43568132 33.63769061 34.66294059 35.68819056 36.71344054 37.73869052 39.12626034 41.05730994 42.98835954 44.91940914 46.85045874 48.73263735 50.54222843 52.7753787 55.00852897 57.24167925 59.47482952 61.70797979 64.04236304 65.8602273 65.96944796 66.07866861 67.72285358 70.1935578 72.70630535 74.52611045 77.04946746 79.57282447 83.67532231 88.52176851 93.36821471 97.24596825 100.9840121 104.7220559 108.4600998 112.1981436 115.8589066 118.7382747 121.0387871 123.944925 127.1247015 130.304478 133.4842545 136.664031 139.1389035 141.4307968 144.1356279 146.840459 149.5452901 152.2501212 154.846827 157.1912405 159.5356541 161.8800676 164.2244812 166.2463632 166.8932424 
27.54543875 28.43618452 29.32693028 30.21767604 31.10842181 31.99916757 32.91412287 34.16969203 35.19494201 36.22019198 37.24544196 38.27069194 39.29594192 40.68351174 42.61456134 44.54561094 46.47666054 48.40771013 50.33875973 52.18205494 54.41520522 56.64835549 58.88150576 61.11465603 63.34780631 65.63208434 66.92972237 67.03894302 67.14816367 68.79234865 71.26305287 73.73375709 76.14821 78.67156701 81.19492402 84.98198555 89.82843174 94.67487794 98.86022474 102.5982686 106.3363124 110.0743563 113.8124001 117.5504439 120.7732823 123.262511 126.4422875 129.622064 132.8018405 135.981617 139.1613935 141.636266 144.2711076 146.9759387 149.6807698 152.3856009 155.090432 157.6871379 160.0315514 162.3759649 164.7203785 167.064792 169.4092056 170.5653451 
29.30910614 30.1998519 31.09059766 31.98134343 32.87208919 33.76283496 34.65358072 35.72694343 36.75219341 37.77744338 38.80269336 39.82794334 40.85319331 42.24076314 44.17181274 46.10286234 48.03391193 49.96496153 51.89601113 53.82188146 56.05503173 58.28818201 60.52133228 62.75448255 64.98763282 67.22180565 67.99921744 68.10843809 68.21765874 69.86184371 72.33254794 74.80325216 77.77030954 80.29366655 82.81702356 86.28864878 91.13509498 95.98154118 100.4744812 104.2125251 107.9505689 111.6886127 115.4266566 119.1647004 122.8082899 125.7598735 128.93965 132.1194265 135.299203 138.4789795 141.658756 144.4065874 147.1114185 149.8162496 152.5210807 155.2259118 157.9307429 160.5274487 162.8718623 165.2162758 167.5606893 169.9051029 172.2495164 174.2374477 
31.10991444 32.00066021 32.89140597 33.78215174 34.6728975 35.56364326 36.43662211 37.21606087 38.24131085 39.26656082 40.2918108 41.31706078 42.34231075 43.72988058 45.66093018 47.59197978 49.52302938 51.45407897 53.38512857 55.17153842 57.4046887 59.63783897 61.87098924 64.10413951 66.33728979 68.68417503 69.79720047 69.90642112 70.01564177 71.65982674 74.13053097 76.60123519 79.75716264 82.28051965 84.80387666 87.77463388 92.62108008 97.46752627 101.6296144 105.3676582 109.1057021 112.8437459 116.5817897 120.3198336 123.7412525 127.0661684 130.2459449 133.4257214 136.6054979 139.7852744 142.9650509 146.4119881 149.1168192 151.8216503 154.5264814 157.2313125 159.9361436 162.5328494 164.877263 167.2216765 169.56609 171.9105036 174.2549171 176.9617078 
32.93857845 33.82932421 34.72006997 35.61081574 36.5015615 37.37590704 38.1983185 38.93151734 39.67932782 40.70457779 41.72982777 42.75507775 43.78032773 45.16789755 47.09894715 49.02999675 50.96104635 52.89209595 54.62331718 56.30356822 58.53671849 60.76986876 63.00301904 65.23616931 67.57673594 70.12581669 72.14154947 72.25077012 72.35999078 74.00417575 76.47487997 78.36035153 82.0175809 84.54093791 87.00189697 89.39511037 94.24155657 99.08800277 102.440405 106.1784489 109.9164927 113.6545366 117.3925804 120.8277656 123.8774943 127.2984264 130.6589392 133.8387157 137.0184922 140.1982686 143.3780451 146.86442 150.4960372 153.2008683 155.9056995 158.6105306 161.3153617 163.9120675 166.256481 168.6008946 170.9453081 173.2897216 175.9835703 178.9750858 
34.76724245 35.65798821 36.54873398 37.43947974 38.31519196 39.13760343 39.9600149 40.69321374 41.38817859 42.14259477 43.16784474 44.19309472 45.2183447 46.60591452 48.53696412 50.46801372 52.39906332 54.13652919 55.75534698 57.43559802 59.66874829 61.90189856 64.13504883 66.46929686 69.0183776 71.56745835 73.63845893 74.59511913 74.70433978 76.34852475 78.81922898 79.64261163 84.27799916 86.80135617 88.62237346 91.01558686 95.86203306 99.94836602 103.2511957 106.9892395 110.7272834 114.4653272 117.9142787 120.9640074 124.0137362 127.4346683 130.8968452 134.2517099 137.4314864 140.6112629 143.7910394 147.2774143 150.968188 154.5800864 157.2849175 159.9897486 162.6945797 165.2912856 167.6356991 169.9801126 172.3245262 175.0054328 177.9969483 180.9884638 
36.59590645 37.48665222 38.37739798 39.25447688 40.07688835 40.89929982 41.72171129 42.45491013 43.14987498 43.84483984 44.60586172 45.63111169 46.65636167 48.0439315 49.97498109 51.90603069 53.6497412 55.26855899 56.88737678 58.56762781 60.80077809 63.03392836 65.36185777 67.91093852 70.46001927 73.00910001 75.08010059 76.93946814 77.04868879 78.69287376 80.62169589 80.92487173 86.53841742 89.06177443 90.24284996 92.63606336 97.48250955 100.7591567 104.0619863 107.8000302 111.538074 115.0007918 118.0505205 121.1002493 124.149978 127.5709101 131.033087 134.4952639 137.8444806 141.0242571 144.2040336 147.6904085 151.3811823 155.0719561 158.6641356 161.3689667 164.0737978 166.6705036 169.0149172 171.3593307 174.0272953 177.0188108 180.0103263 183.0018418 
38.42457045 39.31531622 40.19376181 41.01617328 41.83858475 42.66099621 43.48340768 44.21660652 44.91157138 45.60653623 46.30150108 47.06912867 48.09437864 49.48194847 51.41299807 53.16295321 54.781771 56.40058879 58.01940657 59.69965761 61.93280788 64.25441869 66.80349943 69.35258018 71.90166093 74.45074167 76.52174225 78.47322279 79.39303779 81.03722277 81.90395599 82.20713183 88.79883568 90.79108456 91.86332645 94.25653985 98.37592121 101.5699473 104.872777 108.6108208 112.0873049 115.1370337 118.1867624 121.2364911 124.2862199 127.707152 131.1693289 134.6315058 138.0936827 141.4372514 144.6170279 148.1034028 151.7941765 155.4849503 159.1757241 162.7481848 165.4530159 168.0497217 170.3941353 173.0491578 176.0406733 179.0321888 182.0237043 185.0152199 
40.25323446 41.13304673 41.9554582 42.77786967 43.60028114 44.42269261 45.24510407 45.97830291 46.67326777 47.36823262 48.06319748 48.75816233 49.53239561 50.91996544 52.67616522 54.29498301 55.9138008 57.53261858 59.15143637 60.83168741 63.1469796 65.69606035 68.2451411 70.79422184 73.34330259 75.89238334 77.96338392 79.91486445 81.7373868 82.88304024 83.18621609 83.48939193 91.05925394 92.41156105 93.48380294 95.87701634 99.18671186 102.380738 105.6835676 109.173818 112.2235468 115.2732755 118.3230042 121.372733 124.4224617 127.8433938 131.3055707 134.7677476 138.2299245 141.6921014 145.0300221 148.516397 152.2071708 155.8979446 159.5887184 163.2794922 166.832234 169.4289398 172.0710203 175.0625358 178.0540513 181.0455668 184.0370824 187.0285979 
41.53142095 42.35383241 43.17624388 43.99865535 44.82106682 45.64347829 46.46588976 47.34594863 48.04091348 48.73587834 49.43084319 50.12580804 50.8207729 52.04549103 53.66430881 55.2831266 56.90194439 58.52076217 60.13957996 61.83990327 64.3843757 66.93345645 69.4825372 72.03161794 74.58069869 77.12977944 79.20078002 81.15226055 83.10374109 83.98870015 84.291876 84.59505184 92.67128769 93.74352959 94.81577148 96.59740174 99.79142785 102.985454 106.5192961 109.5690249 112.6187536 115.6684824 118.7182111 121.7679398 124.8176686 128.2386006 131.7007775 135.1629544 138.6251313 142.0873082 145.5494851 149.0250754 152.7158492 156.406623 160.0973968 163.7881706 167.4789444 170.9561111 173.9476266 176.9391421 179.9306577 182.9221732 185.9136887 188.9052042 
39.50674236 40.32915383 41.1515653 41.97397677 42.79638824 43.61879971 44.97629604 46.18277803 47.04425512 47.73921998 48.43418483 49.12914969 49.82411454 51.34636942 53.78913515 55.40795294 57.02677072 58.64558851 60.2644063 61.9647296 64.39860259 66.94537918 69.49445993 72.04354067 74.59262142 77.14170217 79.21270275 81.16418328 82.69923717 84.03475891 84.33793475 84.6411106 92.27220849 93.34445039 94.41669228 95.96566974 99.15969586 102.353722 106.1983115 111.5180217 114.5677504 117.6174791 120.6672079 123.7169366 126.7666654 130.1875974 133.6497743 137.1119512 140.5741281 144.036305 146.8620803 150.1078588 153.7986326 157.4894064 161.1801802 164.870954 168.589968 172.0896534 175.0036028 177.9951183 180.9866338 183.9781493 186.9696649 189.9611804 
37.48206378 38.30447525 39.12688672 39.94929819 40.77170965 42.11615514 43.59110913 44.79759112 45.88901368 46.74256162 47.43752647 48.13249133 48.82745618 50.34971106 53.11290099 55.53277927 57.15159706 58.77041485 60.38923263 62.08955594 64.52342893 66.95730191 69.50638266 72.05546341 74.60454415 77.1536249 79.22462548 81.17610602 81.7394977 83.25975789 84.38399351 84.68716936 91.87312929 92.94537119 93.86198366 95.33393775 98.52796387 101.8050028 105.7292847 111.2463845 116.5167472 119.5664759 122.6162047 125.6659334 128.7156621 132.1365942 135.5987711 139.060948 142.5231249 145.366578 147.9448637 151.1906422 154.881416 158.5721898 162.2629636 165.9806328 169.7386452 173.2383307 176.1352533 179.0510944 182.04261 185.0341255 188.025641 191.0171566 
35.4573852 36.27979667 37.10220813 37.9246196 39.25601424 40.73096823 42.20592222 43.41240421 44.50382677 45.59524933 46.44086812 47.13583297 47.83079782 49.35305271 52.11624263 54.87943256 57.2764234 58.89524118 60.51405897 62.21438228 64.64825526 67.08212825 69.51830539 72.06738614 74.61646688 77.16554763 79.23654821 80.81126177 80.77975824 82.30001843 84.43005227 84.73322811 91.47405009 92.54629199 93.23025167 94.70220576 97.89623188 101.3359759 105.2602578 110.7773576 116.2944574 121.5154727 124.5652015 127.6149302 130.6646589 134.085591 137.5477679 141.0099448 143.8710757 146.4493614 149.0276471 152.2734257 155.9641994 159.6549732 163.3712977 167.1293101 170.8873225 174.3870079 177.2839305 180.1808531 183.0985861 186.0901017 189.0816172 192.0731327 
33.43270661 34.25511808 35.07752955 36.39587334 37.87082733 39.34578132 40.82073531 42.0272173 43.11863986 44.21006242 45.30148498 46.13917461 46.83413947 48.35639435 51.11958427 53.8827742 56.64596412 59.02006752 60.63888531 62.33920861 64.7730816 67.20695459 69.64082757 72.07930887 74.62838962 77.17747036 79.24847094 79.85152231 79.82001877 81.34027896 83.69610424 84.77928687 91.0749709 92.05383514 92.59851968 94.07047377 97.34087168 100.8669491 104.7912309 110.3083308 115.8254306 121.3425304 126.5141982 129.563927 132.6136557 136.0345878 139.4967647 142.3755734 144.9538591 147.5321448 150.1104305 153.3562091 157.0469829 160.7619625 164.5199749 168.2779873 172.0359997 175.5356852 178.4326078 181.3295304 184.2264529 187.1460778 190.1375934 193.1291089 
31.40802803 32.2304395 33.53573243 35.01068642 36.48564041 37.96059441 39.4355484 40.64203039 41.73345295 42.82487551 43.91629807 45.00772063 45.83748111 47.35973599 50.12292591 52.88611584 55.64930576 58.41249569 60.76371164 62.46403495 64.89790794 67.33178092 69.76565391 72.19952689 74.64031235 77.18939309 78.92328638 78.89178284 78.86027931 80.3805395 82.73636478 84.82534563 90.6758917 91.42210314 91.96678769 93.43874178 96.87184481 100.3979222 104.3222041 109.8393039 115.3564037 120.8735035 126.3906033 131.5129238 134.5626525 137.9835846 140.8800711 143.4583568 146.0366425 148.6149282 151.1932139 154.4389925 158.1526274 161.9106398 165.6686522 169.4266646 173.184677 176.6843624 179.581285 182.4782076 185.3751302 188.2720528 191.1935695 194.185085 
29.38334945 30.67559153 32.15054552 33.62549951 35.1004535 36.57540749 38.05036148 39.25684348 40.34826604 41.4396886 42.53111116 43.62253372 44.71395628 46.36307763 49.12626756 51.88945748 54.65264741 57.41583733 60.17902726 62.58886129 65.02273427 67.45660726 69.89048025 72.32435323 74.75822622 77.20131582 77.96354692 77.93204338 77.90053984 79.42080003 81.77662531 84.13245059 90.24568661 90.79037115 91.3350557 92.87674056 96.40281794 99.92889533 103.8531772 109.370277 114.8873768 120.4044766 125.9215765 131.4386763 136.5116493 139.3845688 141.9628545 144.5411402 147.1194259 149.6977116 152.2759973 155.5432922 159.3013046 163.059317 166.8173294 170.5753418 174.3333542 177.8330397 180.7299623 183.6268849 186.5238074 189.42073 192.3176526 195.2410612 
28.87718353 30.3441911 31.81914509 33.29409908 34.76905307 36.24400706 37.71896105 38.84536979 39.93679236 41.02821492 42.11963748 43.21106004 44.3024826 46.06261211 48.82580203 51.58899196 54.35218188 57.11537181 59.87856173 62.72255786 65.15643084 67.59030383 70.02417682 72.4580498 74.89192279 77.18223611 77.71186226 77.68035872 77.64885518 79.16911538 81.52494065 83.88076593 90.09942113 90.64410567 91.18879021 92.72023595 96.24631334 99.77239073 103.6966726 109.2137724 114.7308722 120.247972 125.7650719 131.2821717 136.4721615 139.7709338 142.3492195 144.9275052 147.5057909 150.0840766 152.6623623 155.7985584 159.5565708 163.3145832 167.0725956 170.830608 174.5886204 178.0883059 180.9852284 183.882151 186.7790736 189.6759962 192.5729188 195.5801025 
28.97842268 30.43430526 31.90925925 33.38421324 34.85916723 36.33412122 37.80907521 38.85541071 39.91480397 41.00622653 42.09764909 43.18907165 44.28049421 46.04062372 48.80381364 51.56700357 54.33019349 57.09338342 59.85657334 62.85980252 65.2936755 67.72754849 70.16142148 72.59529446 75.02916745 76.85051922 77.74339952 77.71189599 77.68039245 79.20065264 81.55647792 83.9123032 90.1341108 90.69202678 91.23671133 92.71143078 96.21481765 99.74089504 103.6651769 109.1822767 114.6993765 120.2164764 125.7335762 131.250676 135.7995302 139.8787313 142.457017 145.0353027 147.6135884 150.1918741 152.7701598 155.7992663 159.4544726 163.212485 166.9704974 170.7285098 174.4865222 177.9862076 180.8831302 183.7800528 186.6769753 189.5738979 192.4708205 195.6323699 
29.07966183 30.53191176 31.99937341 33.4743274 34.94928139 36.42423538 37.89918938 38.94552487 39.89281558 40.98423814 42.0756607 43.16708326 44.25850582 46.01863533 48.78182525 51.54501518 54.3082051 57.07139503 59.97432008 62.99704718 65.43092017 67.86479315 70.29866614 72.73253912 75.04199374 76.51880233 77.77493679 77.74343325 77.71192972 79.23218991 81.58801519 83.93715012 90.16691517 90.7399479 91.28463244 92.75935189 96.18332195 99.70939934 103.6336812 109.150781 114.6678808 120.1849807 125.7020805 130.9182391 135.126899 139.3016628 142.5648146 145.1431003 147.721386 150.2996717 152.8779574 155.9070638 159.3523743 163.1103867 166.8683991 170.6264115 174.3844239 177.8841093 180.7810319 183.6779545 186.5748771 189.4717997 192.4726828 195.6846372 
29.18090098 30.63315091 32.08948757 33.56444156 35.03939555 36.51434955 37.98930354 39.03563903 39.89828087 40.96224975 42.05367231 43.14509487 44.23651743 45.99664694 48.75983687 51.52302679 54.28621672 57.04940664 60.11156474 63.13429184 65.56816483 68.00203781 70.4359108 72.86978379 74.71027685 76.18708544 77.64338035 77.77497052 77.74346698 79.26372717 81.61955245 83.95875323 90.19971954 90.78786902 91.33255356 92.80727301 96.15182626 99.67790365 103.6021855 109.1192853 114.6363851 120.153485 125.6705848 130.2456078 134.4542677 138.6290315 142.6726121 145.2508978 147.8291835 150.4074692 152.9857549 156.0148614 159.344515 163.0082884 166.7663008 170.5243132 174.2823256 177.7820111 180.6789337 183.5758562 186.4727788 189.3697014 192.5249501 195.7369046 
29.28214013 30.73439006 32.18663999 33.65455572 35.12950972 36.60446371 38.0794177 39.12575319 39.98839503 40.94026136 42.03168392 43.12310648 44.21452905 45.97465855 48.73784848 51.5010384 54.26422833 57.16065407 60.2488094 63.2715365 65.70540949 68.13928248 70.57315546 72.90175136 74.37855996 75.85536855 77.31166346 77.80650779 77.77500425 79.29526444 81.65108972 83.98035634 90.23252391 90.83579014 91.38047468 92.85519413 96.12033056 99.64640795 103.5706898 109.0877896 114.6048895 120.1219893 125.3643167 129.5729766 133.7816365 137.9564002 142.1273978 145.3586954 147.9369811 150.5152668 153.0935525 156.1226589 159.4523125 162.9061902 166.6642026 170.422215 174.1802274 177.6799128 180.5768354 183.473758 186.3706806 189.365263 192.5772175 195.7891719 
29.38337928 30.83562921 32.28787914 33.74466989 35.21962388 36.69457787 38.16953186 39.21586735 40.0785092 40.94115104 42.00969553 43.10111809 44.19254066 45.95267016 48.71586009 51.47905001 54.24223994 57.29789873 60.38605407 63.40878117 65.84265415 68.27652714 70.71040012 72.57003447 74.04684307 75.52365166 76.97994657 77.83804505 77.80654151 79.32680171 81.68262698 84.00195945 90.26532828 90.8785695 91.42839579 92.90311524 96.10504238 99.61491226 103.5391941 109.0562939 114.5733938 120.0904936 124.6916854 128.9003453 133.1090052 137.283769 141.4547665 145.4664929 148.0447786 150.6230643 153.20135 156.2304565 159.5601101 162.8897637 166.5621043 170.3201167 174.0781291 177.5778146 180.4747371 183.3716597 186.2685823 189.4175304 192.6294848 195.8414393 
29.48461844 30.93686836 32.38911829 33.84136822 35.30973804 36.78469203 38.25964602 39.30598151 40.16862336 41.0312652 41.98770714 43.07912971 44.17055227 45.93068177 48.6938717 51.45706162 54.34698806 57.43514339 60.52329873 63.54602583 65.97989881 68.4137718 70.76150899 72.23831758 73.71512617 75.19193477 76.64822968 77.86958232 77.83807878 79.35833897 81.70828485 84.02356257 90.29813264 90.91137387 91.47631691 92.95103636 96.1529635 99.58341656 103.5076984 109.0247983 114.5418981 119.8103943 124.0190542 128.2277141 132.4363739 136.6111377 140.7821353 144.9531328 148.1525761 150.7308619 153.3091476 156.338254 159.6679076 162.9975612 166.460006 170.2180184 173.9760308 177.4757163 180.3726389 183.2695615 186.2578433 189.4697977 192.6817522 195.8937067 
29.58585759 31.03810752 32.49035745 33.94260737 35.3998522 36.87480619 38.34976018 39.39609567 40.25873752 41.12137936 41.98402121 43.05714132 44.14856388 45.90869338 48.67188331 51.43507323 54.48423272 57.57238805 60.66054339 63.68327049 66.11714347 68.55101646 70.4297921 71.90660069 73.38340928 74.86021788 76.31651279 77.76767928 77.86961605 79.38987624 81.72988797 84.04516568 90.33093701 90.94417824 91.52423803 92.99895748 96.20088462 99.55192087 103.4762027 108.9933026 114.5104024 119.137763 123.3464229 127.5550828 131.7637427 135.9385065 140.109504 144.2805016 148.2603737 150.8386594 153.4169451 156.4460515 159.7757052 163.1053588 166.4350124 170.1159202 173.8739326 177.373618 180.2705406 183.1674632 186.3101106 189.5220651 192.7340196 195.945974 
29.68709674 31.13934667 32.5915966 34.04384653 35.49609646 36.96492035 38.43987434 39.48620983 40.34885168 41.21149353 42.07413537 43.03515293 44.12657549 45.886705 48.64989492 51.53332205 54.62147738 57.70963272 60.79778805 63.82051515 66.25438814 68.62126661 70.09807521 71.5748838 73.05169239 74.52850098 75.9847959 77.43596239 77.90115331 79.4214135 81.75149108 84.06676879 90.36374138 90.9769826 91.57215914 93.04687859 96.24880573 99.52042517 103.444707 108.9618069 114.2564719 118.4651318 122.6737917 126.8824515 131.0911114 135.2658752 139.4368728 143.6078703 147.7788679 150.9464569 153.5247426 156.5538491 159.8835027 163.2131563 166.5428099 170.0138219 173.7718343 177.2715198 180.1684424 183.1504235 186.362378 189.5743325 192.7862869 195.9982414 
29.78833589 31.24058582 32.69283575 34.14508568 35.59733561 37.05503451 38.5299885 39.57632399 40.43896584 41.30160769 42.16424953 43.02689138 44.1045871 45.86471661 48.62790653 51.67056671 54.75872204 57.84687738 60.93503271 63.95775981 66.3916328 68.28954972 69.76635832 71.24316691 72.7199755 74.19678409 75.65307901 77.1042455 77.93269058 79.45295077 81.77309419 84.0883719 90.39654575 91.00978697 91.62008026 93.09479971 96.29672685 99.49865399 103.4132114 108.9303112 113.5838406 117.7925005 122.0011604 126.2098203 130.4184802 134.5932439 138.7642415 142.935239 147.1062366 151.0542545 153.6325402 156.6616466 159.9913002 163.3209539 166.6506075 169.9802611 173.6697361 177.1694215 180.0663441 183.2026909 186.4146454 189.6265998 192.8385543 196.0505087 
29.88957504 31.34182497 32.7940749 34.24632483 35.69857476 37.15082469 38.62010266 39.66643815 40.52908 41.39172185 42.25436369 43.11700554 44.08259871 45.84272822 48.71965604 51.80781137 54.89596671 57.98412204 61.07227737 64.09500447 66.48102424 67.95783283 69.43464142 70.91145002 72.38825861 73.8650672 75.32136211 76.77252861 77.96422784 79.47941959 81.7946973 84.10997501 90.42935012 91.04259134 91.65583257 93.14272083 96.34464797 99.5465751 103.3817157 108.7025495 112.9112094 117.1198693 121.3285291 125.537189 129.7458489 133.9206127 138.0916102 142.2626078 146.4336053 150.6046029 153.7403377 156.7694442 160.0990978 163.4287514 166.758405 170.0880586 173.5676378 177.0673233 180.0430038 183.2549583 186.4669127 189.6788672 192.8908216 196.1027761 
29.99081419 31.44306412 32.89531405 34.34756398 35.79981391 37.25206384 38.71021682 39.75655231 40.61919416 41.48183601 42.34447786 43.2071197 44.06976155 45.82073983 48.8569007 51.94505603 55.03321137 58.1213667 61.20952204 64.23224914 66.14930735 67.62611594 69.10292453 70.57973313 72.05654172 73.53335031 74.98964522 76.44081172 77.89197821 79.5010227 81.81630042 84.13157813 90.46215448 91.07539571 91.68863693 93.19064195 96.39256908 99.59449622 103.35022 108.0299182 112.2385781 116.447238 120.6558979 124.8645578 129.0732176 133.2479814 137.418979 141.5899765 145.7609741 149.9319716 153.8481353 156.8772417 160.2068953 163.5365489 166.8662026 170.1958562 173.5255098 176.965225 180.0952712 183.3072256 186.5191801 189.7311345 192.943089 196.1550434 
30.09205334 31.54430327 32.9965532 34.44880313 35.90105306 37.35330299 38.80555292 39.84666647 40.70930832 41.57195017 42.43459202 43.29723386 44.15987571 45.90599003 48.99414536 52.08230069 55.17045603 58.25861136 61.3467667 64.34078187 65.81759046 67.29439905 68.77120764 70.24801623 71.72482483 73.20163342 74.65792833 76.10909482 77.56026132 79.52262582 81.83790353 84.15318124 90.49495885 91.10820008 91.7214413 93.23856306 96.4404902 99.64241734 103.1486271 107.357287 111.5659468 115.7746067 119.9832666 124.1919265 128.4005864 132.5753502 136.7463477 140.9173453 145.0883428 149.2593404 153.4303379 156.9850393 160.3146929 163.6443465 166.9740001 170.3036537 173.6333073 176.9355841 180.1475385 183.359493 186.5714474 189.7834019 192.9953563 196.2073108 
29.9707825 31.36947525 32.82172518 34.27397511 35.72622504 37.17847497 38.6307249 39.67024917 40.53289102 41.39553286 42.25817471 43.12081656 43.98345841 45.53650256 48.59909814 51.68725347 54.77540881 57.86356414 60.95171948 63.87874014 65.35554873 66.83235732 68.30916591 69.78597451 71.2627831 72.75471405 74.64937299 76.10053948 77.55170597 79.56454476 81.87982247 84.19510018 90.4800504 91.09329163 91.70653285 93.19483274 96.39675988 99.59868702 103.1923875 107.3457163 111.5543762 115.7630361 119.971696 124.1803559 128.3890158 132.5637795 136.7347771 140.9057746 145.0767722 149.2477697 153.4080057 156.9946684 160.324322 163.6539756 166.9836292 170.3132828 173.6429365 176.9372803 180.1492348 183.3611892 186.5731437 189.7850981 192.9970526 196.2708026 
29.81242666 31.14863603 32.60088596 34.05313589 35.50538582 36.95763575 38.40988568 39.44940995 40.3120518 41.17469365 42.0373355 42.89997734 43.99245612 45.67895397 48.11533561 51.20349094 54.29164627 57.37980161 60.46795694 63.3949776 64.8717862 66.34859479 67.82540338 69.30221197 70.77902057 72.30463314 74.6946779 76.1458444 77.59701089 79.60984967 81.92512739 84.2404051 90.45718981 91.07043104 91.68367226 93.13582719 96.33775433 99.53968146 103.414231 107.4443225 111.6529824 115.8616423 120.0703022 124.278962 128.4876219 132.6623857 136.8333833 141.0043808 145.1753784 149.3463759 153.2429534 156.8877745 160.3175897 163.6472434 166.976897 170.3065506 173.6362042 176.930548 180.1425025 183.354457 186.5664114 189.7783659 192.9903203 196.3361651 
29.65407083 30.97880366 32.38004675 33.83229668 35.28454661 36.73679654 38.18904647 39.22857074 40.09121259 40.95385443 41.81649628 42.67913813 44.13490753 45.82140538 47.63157307 50.71972841 53.80788374 56.89603908 59.98419441 62.91121507 64.38802366 65.86483225 67.34164085 68.81844944 70.30900563 71.85455223 74.73998282 76.19114931 77.6423158 79.65515459 81.9704323 84.05588895 90.43432922 91.04757045 91.66081168 93.07682163 96.27874877 99.48067591 103.6360744 107.5932296 111.7515885 115.9602484 120.1689083 124.3775682 128.5862281 132.7609919 136.9319894 141.102987 145.2739845 149.4449821 153.077901 156.7227221 160.3108575 163.6405111 166.9701647 170.2998183 173.6294719 176.9238158 180.1357702 183.3477247 186.5596791 189.7716336 193.0424409 196.4015276 
29.49571499 30.82044782 32.15920753 33.61145746 35.06370739 36.51595732 37.96820725 39.00773152 39.87037337 40.73301522 41.59565706 42.67330765 44.27735894 45.96385679 47.77402448 50.23596587 53.32412121 56.41227654 59.50043188 62.42745254 63.90426113 65.38106972 66.85787831 68.33468691 69.85892472 71.40447132 74.4921002 76.23645423 77.68762072 79.7004595 82.01573722 83.81966305 90.41146864 91.02470986 91.60508457 93.01781608 96.21974321 99.58788712 103.8579179 107.8150731 111.8501947 116.0588546 120.2675145 124.4761744 128.6848342 132.859598 137.0305956 141.2015931 145.3725907 149.2799297 152.9128487 156.5576698 160.2104256 163.6337788 166.9634324 170.293086 173.6227396 176.9170835 180.129038 183.3409924 186.5529469 189.7649013 193.1078034 196.4668901 
29.33735915 30.66209198 31.98682481 33.39061824 34.84286817 36.2951181 37.74736803 38.78689231 39.64953415 40.512176 41.37481785 42.81575906 44.41981035 46.1063082 47.9164759 49.75220334 52.84035867 55.92851401 59.01666934 61.94369 63.42049859 64.89730719 66.37411578 67.86329721 69.40884381 70.95439041 74.04201929 76.28175914 77.73292563 79.74576442 82.06104213 83.58343716 90.38860805 91.00184927 91.54607902 92.95881052 96.16073766 99.80973058 104.0797614 108.0369165 111.9940717 116.1574607 120.3661206 124.5747805 128.7834404 132.9582042 137.1292017 141.3001993 145.4711968 149.1148774 152.7477964 156.3926174 160.0453732 163.6270465 166.9567002 170.2863538 173.6160074 176.9103512 180.1223057 183.3342601 186.5462146 189.8140793 193.1731659 196.5322525 
29.17900332 30.50373615 31.82846898 33.16977903 34.62202896 36.07427889 37.52652882 38.56605309 39.42869494 40.29133678 41.35415918 42.95821047 44.56226177 46.24875962 48.05892731 49.869095 52.35659614 55.44475147 58.53290681 61.45992747 62.93673606 64.41354465 65.89035325 67.4132163 68.9587629 70.5043095 73.59193838 76.32706406 77.77823055 79.79106933 82.10634705 83.34721127 90.36574746 90.97898869 91.48707346 92.89980496 96.1017321 100.031574 104.3016048 108.25876 112.2159152 116.2560669 120.4647268 124.6733867 128.8820465 133.0568103 137.2278079 141.3988054 145.3169061 148.949825 152.582744 156.2275651 159.8803209 163.5330767 166.9499679 170.2796215 173.6092751 176.903619 180.1155734 183.3275279 186.5394823 189.8794418 193.2385284 196.597615 
29.02064748 30.34538031 31.67011314 32.99484597 34.40118974 35.85343967 37.3056896 38.34521387 39.20785572 40.07049757 41.49661059 43.10066189 44.70471318 46.39121103 48.20137872 50.01154641 51.87283361 54.96098894 58.04914427 60.97616494 62.45297353 63.92978212 65.41758879 66.96313539 68.50868199 70.05422859 73.14185747 76.37236897 77.82353546 79.83637425 81.944813 83.11098538 90.34288687 90.9561281 91.4280679 92.84079941 96.04272654 100.2534175 104.5234483 108.4806035 112.4377586 116.3949138 120.5633329 124.7719928 128.9806527 133.1554165 137.326414 141.4974116 145.1518537 148.7847727 152.4176917 156.0625127 159.7152685 163.3680243 166.9432356 170.2728892 173.6025428 176.8968867 180.1088412 183.3207956 186.5857176 189.9448043 193.3038909 196.6629775 
28.86229164 30.18702447 31.5117573 32.83649013 34.18035053 35.63260046 37.08485039 38.12437466 38.98701651 40.03501071 41.63906201 43.2431133 44.84716459 46.53366244 48.34383013 50.15399782 51.96416551 54.47722641 57.56538174 60.4924024 61.96921099 63.44601959 64.96750788 66.51305448 68.05860108 69.60414768 72.69177656 76.16492602 77.86884038 79.88167916 81.70858711 82.87475948 90.32002628 90.91974388 91.36906235 92.78179385 96.1270113 100.475261 104.7452918 108.7024469 112.6596021 116.6167573 120.6619391 124.870599 129.0792589 133.2540226 137.4250202 141.3538824 144.9868014 148.6197204 152.2526393 155.8974604 159.5502162 163.202972 166.8557278 170.266157 173.5958106 176.8901544 180.1021089 183.3140633 186.6510801 190.0101668 193.3692534 196.72834 
28.7039358 30.02866863 31.35340146 32.67813429 34.00286712 35.41176124 36.86401117 37.90353544 38.76617729 40.17746213 41.78151342 43.38556471 44.989616 46.67611385 48.48628154 50.29644923 52.10661692 53.99346387 57.08161921 60.00863987 61.48544846 62.97188037 64.51742697 66.06297357 67.60852017 69.15406676 72.24169565 75.71484511 77.91414529 79.92698408 81.47236122 82.63853359 90.2971657 90.86073833 91.31005679 92.72278829 96.34885477 100.6971044 104.9671352 108.9242904 112.8814456 116.8386007 120.7957559 124.9692051 129.177865 133.3526288 137.5236264 141.18883 144.821749 148.454668 152.087587 155.7324081 159.3851639 163.0379197 166.6906755 170.2594247 173.5890783 176.8834222 180.0953766 183.357356 186.7164426 190.0755293 193.4346159 196.7937025 
28.54557997 29.8703128 31.19504563 32.51977846 33.84451129 35.19092202 36.64317195 37.68269623 38.71586225 40.31991354 41.92396483 43.52801612 45.13206741 46.81856526 48.62873295 50.43890064 52.24906834 54.05923603 56.59785667 59.52487733 61.00168593 62.52179946 64.06734606 65.61289266 67.15843926 68.70398585 71.79161474 75.26476419 77.95945021 79.97228899 81.23613532 82.4023077 90.27430511 90.80173277 91.25105124 92.66378274 96.57069824 100.9189479 105.1889787 109.1461339 113.103289 117.0604442 121.0175994 125.0678113 129.2764712 133.451235 137.3908587 141.0237777 144.6566967 148.2896157 151.9225347 155.5673557 159.2201115 162.8728673 166.5256231 170.1783789 173.582346 176.8766899 180.0886443 183.4227185 186.7818051 190.1408918 193.4999784 196.859065 
28.38722413 29.71195696 31.03668979 32.36142262 33.68615545 35.01088828 36.42233274 37.46185701 38.85831366 40.46236495 42.06641624 43.67046753 45.27451882 46.96101668 48.77118437 50.58135206 52.39151975 54.20168744 56.11409414 59.0411148 60.52617195 62.07171855 63.61726515 65.16281175 66.70835834 68.25390494 71.34153383 74.81468328 78.00475512 79.83373706 80.99990943 82.16608181 90.25144452 90.74272721 91.19204568 92.60477718 96.7925417 101.1407914 105.4108222 109.3679773 113.3251325 117.2822877 121.2394428 125.196598 129.3750773 133.5498411 137.2258064 140.8587254 144.4916443 148.1245633 151.7574823 155.4023034 159.0550592 162.707815 166.3605708 170.0133266 173.5756138 176.8699576 180.1289944 183.488081 186.8471676 190.2062543 193.5653409 196.9244275 
28.22886829 29.55360112 30.87833395 32.20306678 33.52779961 34.85253244 36.20149352 37.39671378 39.00076507 40.60481636 42.20886765 43.81291894 45.41697024 47.10346809 48.91363578 50.72380347 52.53397116 54.34413885 56.15430654 58.55735227 60.07609104 61.62163764 63.16718424 64.71273084 66.25827743 67.80382403 70.89145292 74.36460237 77.83775183 79.59751116 80.76368354 81.92985591 90.22858393 90.68372166 91.13304012 92.66613549 97.01438517 101.3626348 105.6326656 109.5898208 113.546976 117.5041311 121.4612863 125.4184415 129.4736835 133.4278351 137.060754 140.693673 144.326592 147.959511 151.59243 155.237251 158.8900068 162.5427626 166.1955184 169.8482742 173.50103 176.8632253 180.1943569 183.5534435 186.9125301 190.2716168 193.6307034 196.98979 
28.07051246 29.39524529 30.71997812 32.04471095 33.36944378 34.69417661 36.01890944 37.53916519 39.14321648 40.74726777 42.35131906 43.95537036 45.55942165 47.2459195 49.05608719 50.86625488 52.67642257 54.48659026 56.29675795 58.08046353 59.62601013 61.17155673 62.71710333 64.26264992 65.80819652 67.35374312 70.441372 73.91452146 77.38767092 79.36128527 80.52745765 81.69363002 90.17539763 90.6247161 91.07403457 92.88797896 97.23622863 101.5844783 105.8545091 109.8116643 113.7688194 117.7259746 121.6831298 125.6402849 129.5974401 133.2627827 136.8957017 140.5286207 144.1615397 147.7944586 151.4273776 155.0721987 158.7249545 162.3777103 166.0304661 169.6832219 173.3359777 176.9006327 180.2597194 183.618806 186.9778926 190.3369793 193.6960659 197.0551525 
