4.086943797 4.186441074 4.285938351 4.385435628 4.484932905 4.584430182 4.683927458 4.783424735 4.882922012 4.982419289 5.073915624 5.021394999 4.968874374 4.916353749 4.863833124 4.811312499 4.758791875 4.70627125 4.653750625 4.60123 4.548709375 4.49618875 4.443668125 4.391147501 4.300115263 4.198813263 4.097511262 3.996209261 3.894907261 3.79360526 3.69230326 3.591001259 3.489699258 3.388397258 3.287095257 3.185793257 3.084491256 2.989171699 2.899236342 2.809300985 2.719365628 2.629430271 2.539494914 2.449559557 2.3596242 2.269688843 2.179753486 2.089818129 1.999882772 1.909947415 1.826939589 1.763328851 1.699718114 1.636107376 1.572496639 1.508885901 1.445275163 1.381664426 1.318053688 1.25444295 1.190832213 1.127221475 1.063610738 1 
1.255857731 1.281311 1.306764269 1.336057626 1.385831455 1.435605284 1.485379113 1.535152942 1.58492677 1.634700599 1.682439173 1.69354316 1.704647147 1.715751134 1.726855122 1.737959109 1.749063096 1.760167083 1.77127107 1.782375057 1.795556133 1.81024782 1.824939507 1.839631194 1.846159683 1.850511319 1.854862955 1.859214591 1.839804602 1.820394613 1.800984624 1.781574634 1.762164645 1.742754656 1.723344667 1.703934677 1.684524688 1.658825368 1.627465652 1.596105935 1.564746218 1.533386501 1.502026784 1.470667067 1.43930735 1.407947634 1.378034577 1.37416141 1.370288242 1.366415075 1.360900136 1.350788238 1.340676341 1.330564443 1.308980271 1.27464913 1.240317989 1.205986848 1.171655706 1.137324565 1.102993424 1.068662283 1.034331141 1 
0.6639941721 0.689447441 0.7149007099 0.7403539787 0.7658072476 0.7912605165 0.8167137854 0.8421670542 0.8676203231 0.8913313538 0.9127337472 0.9274254339 0.9421171206 0.9568088074 0.9715004941 0.9861921808 1.000883868 1.015575554 1.030267241 1.044958928 1.059650614 1.074342301 1.088555334 1.10254745 1.110715365 1.117330161 1.121920025 1.126271661 1.130623297 1.134974934 1.13932657 1.143678206 1.148029842 1.152381479 1.156733115 1.161084751 1.165436387 1.16545918 1.161586012 1.157712845 1.153839678 1.14996651 1.146093343 1.142220175 1.138347008 1.134473841 1.130600673 1.126727506 1.123541328 1.124019092 1.123063515 1.118094585 1.111230878 1.10111898 1.091007082 1.080895184 1.070783286 1.060671388 1.05055949 1.040447592 1.030335694 1.020223796 1.010111898 1 
0.5245236243 0.5439935605 0.5634634968 0.5829334331 0.6024033694 0.6218733057 0.6413432419 0.6608131782 0.6823457282 0.7041209387 0.7254865126 0.7394786283 0.7534707441 0.7674628598 0.7813066474 0.7947351158 0.8081635843 0.8215920528 0.8350205213 0.8484489898 0.8618774583 0.8753059268 0.8887343952 0.9021628637 0.9102121169 0.9168269126 0.9234417083 0.9300565041 0.9378142478 0.9455719915 0.9533297352 0.9610874788 0.9688452225 0.9766029662 0.9843607099 0.9921184536 0.9998761973 1.00513457 1.008143508 1.011152447 1.014161385 1.017170324 1.020179262 1.023188201 1.026197139 1.029206077 1.032081796 1.03255956 1.033037324 1.033515089 1.033449417 1.031862126 1.030274835 1.028687544 1.027100252 1.025512961 1.02392567 1.022338379 1.020751088 1.019163796 1.01490679 1.00993786 1.00496893 1 
0.4633003226 0.4804896377 0.4976789528 0.5148682679 0.532057583 0.549246898 0.5664362131 0.5850059042 0.6044758405 0.6239457768 0.6430977411 0.6565262095 0.669954678 0.6833831465 0.696811615 0.7100214885 0.7227577394 0.7354939904 0.7482302413 0.7609664923 0.7737027432 0.7864389942 0.7991752452 0.8119114961 0.8207173466 0.8284750903 0.836232834 0.8439905777 0.8518024948 0.8605895338 0.8693765727 0.8781636117 0.8869506507 0.8957376897 0.9045247286 0.9133117676 0.9220988066 0.9291957463 0.9347715968 0.9403474473 0.9459232977 0.9514991482 0.9570749987 0.9626508491 0.9682266996 0.9738025501 0.9768114885 0.979820427 0.9828293654 0.9858383039 0.9886561365 0.9909388729 0.9932216093 0.9955043457 0.997787082 1.000069818 1.002352555 1.004635291 1.006918028 1.006349165 1.004761874 1.003174582 1.001587291 1 
0.4251552514 0.4412808462 0.4574064409 0.4735320357 0.4896576305 0.5065670192 0.5237563343 0.5409456493 0.5581349644 0.5753242795 0.5922792228 0.6050154738 0.6177517247 0.6304879757 0.6432242266 0.6559604776 0.6686967285 0.6814329795 0.6939899718 0.7063477877 0.7187056037 0.7310634197 0.7434212356 0.7557790516 0.7653178331 0.7741048721 0.782891911 0.79167895 0.800465989 0.8092530279 0.8180400669 0.8269220843 0.836160271 0.8453984577 0.8546366443 0.863874831 0.8731130176 0.881060324 0.8878458382 0.8946313524 0.9014168666 0.9082023808 0.914987895 0.920754745 0.9263305955 0.931906446 0.9374822964 0.9430581469 0.9486339974 0.9542098478 0.9594471142 0.9637363452 0.9680255762 0.9723148072 0.9766040382 0.9808932691 0.9840208454 0.9863035817 0.9885863181 0.9908690545 0.9931517909 0.9954345272 0.9977172636 1 
0.4030049527 0.4179733767 0.4340228418 0.4501484365 0.4662740313 0.4823996261 0.4985252208 0.5146508156 0.5307764104 0.5469020051 0.5628292958 0.5751871117 0.5875449277 0.5999027437 0.6122605596 0.6246183756 0.6369761916 0.6493340075 0.6616918235 0.6740496395 0.6864074554 0.6987652714 0.7110436446 0.7230241077 0.733169809 0.7426721503 0.751910337 0.7611485236 0.7703867103 0.7796248969 0.7888630836 0.7981012702 0.8073394569 0.8165776435 0.8258158302 0.8350540168 0.8442922035 0.8528533296 0.8606823374 0.8674678516 0.8742533658 0.88103888 0.8878243942 0.8946099084 0.9013954226 0.9081809368 0.914966451 0.9217519652 0.9285374794 0.9353229936 0.9414515911 0.9457408221 0.9500300531 0.9543192841 0.9586085151 0.962897746 0.967186977 0.971476208 0.975765439 0.98005467 0.9843439009 0.9886331319 0.9937485573 1 
0.3910130146 0.4059814386 0.4209498626 0.4359182866 0.4508867106 0.4658855865 0.4820111813 0.498136776 0.5142623708 0.5303879656 0.5463152562 0.5586730722 0.5710308881 0.5833887041 0.59574652 0.608104336 0.620462152 0.6326610825 0.6446415456 0.6566220086 0.6686024717 0.6805829347 0.6925633978 0.7045438608 0.7146895621 0.7243459937 0.7340024252 0.7436588567 0.7533152882 0.7629717197 0.7725621126 0.7818002992 0.7910384859 0.8002766725 0.8095148592 0.8187530458 0.8279912325 0.8365523586 0.8445041303 0.852455902 0.8604076737 0.8683594453 0.876311217 0.8842629887 0.8911712668 0.897956781 0.9047422952 0.9115278094 0.9183133236 0.9250988378 0.9312274354 0.9355166664 0.9398058974 0.9440951283 0.9483843593 0.9526735903 0.9569628213 0.9624913439 0.9687427866 0.9749942292 0.9812456719 0.9874971146 0.9937485573 1 
0.3790210766 0.3939895006 0.4089579246 0.4239263486 0.4388947726 0.4538631966 0.4688316206 0.4838000446 0.4987684686 0.513873926 0.5298012166 0.5421590326 0.5542785204 0.5662589834 0.5782394465 0.5902199095 0.6022003726 0.6141808357 0.6261612987 0.6381417618 0.6501222248 0.6621026879 0.6740831509 0.686063614 0.6962093153 0.7058657468 0.7155221783 0.7251786098 0.7348350413 0.7444914728 0.7541479044 0.7638043359 0.7734607674 0.7831171989 0.7927736304 0.8024300619 0.8116902615 0.8202513876 0.8282031593 0.836154931 0.8441067026 0.8520584743 0.860010246 0.8679620177 0.8759137893 0.883865561 0.8918173327 0.8997691044 0.9077208761 0.9148746821 0.9210032797 0.9252925106 0.9312341304 0.9374855731 0.9437370158 0.9499884585 0.9562399012 0.9624913439 0.9687427866 0.9749942292 0.9812456719 0.9874971146 0.9937485573 1 
0.3728298619 0.3873236718 0.4018674411 0.4168358651 0.4318042891 0.4467727131 0.4617411371 0.4767095611 0.4916779851 0.5066464091 0.521457572 0.5334380351 0.5454184981 0.5573989612 0.5693794242 0.5813598873 0.5933403503 0.6053208134 0.6173012765 0.6292817395 0.6412622026 0.6531845243 0.6649808732 0.6767772221 0.6870301386 0.6968714731 0.7066641489 0.7163205804 0.7259770119 0.7356334435 0.745289875 0.7549463065 0.764602738 0.7742591695 0.783915601 0.7935720325 0.803228464 0.8119877062 0.8199394778 0.8278912495 0.8358430212 0.8437947929 0.8517465645 0.8596983362 0.8676501079 0.8756018796 0.8835536513 0.8915054229 0.8998781736 0.9083631854 0.9162604158 0.9225118585 0.9287633012 0.9350147439 0.9412661866 0.9475176292 0.9537690719 0.9600205146 0.9662719573 0.9725234 0.9787748427 0.9855410415 0.9927705207 1 
0.3688139184 0.3833077284 0.3978015383 0.4122953482 0.4267891581 0.4415202751 0.4564886991 0.4714571231 0.4864255471 0.5013939711 0.516205134 0.528185597 0.5401660601 0.5521465231 0.5641269862 0.5761074492 0.5880879123 0.6000683754 0.6119034851 0.623699834 0.6354961829 0.6472925318 0.6590888807 0.6708852296 0.6811381461 0.6909794806 0.7008208151 0.7106621496 0.7205034841 0.7303448186 0.7400401771 0.7496966086 0.7593530401 0.7690094716 0.7786659032 0.7883223347 0.7979787662 0.8067380083 0.81468978 0.8226415517 0.8305933233 0.838545095 0.8464968667 0.8544486384 0.8625407364 0.8710257481 0.8795107599 0.8879957717 0.8964807834 0.9049657952 0.9128630256 0.9191144683 0.925365911 0.9316173537 0.9378687963 0.944120239 0.9503716817 0.9566231244 0.9638526037 0.9710820829 0.9783115622 0.9855410415 0.9927705207 1 
0.364797975 0.3792917849 0.3937855948 0.4082794047 0.4227732147 0.4372670246 0.4517608345 0.4662546444 0.481173109 0.496141533 0.5109526959 0.522933159 0.534913622 0.5468940851 0.5588260971 0.570622446 0.5824187948 0.5942151437 0.6060114926 0.6178078415 0.6296041904 0.6414005393 0.6531968882 0.6649932371 0.6752461536 0.6850874881 0.6949288226 0.7047701571 0.7146114916 0.7244528262 0.7342941607 0.7441354952 0.7539768297 0.7637597738 0.7734162053 0.7830726368 0.7927290683 0.8014883104 0.8094400821 0.8173918538 0.8253436255 0.8336883109 0.8421733227 0.8506583344 0.8591433462 0.8676283579 0.8761133697 0.8845983814 0.8930833932 0.9015684049 0.9094656354 0.9157170781 0.9219685207 0.9282199634 0.9349346866 0.9421641659 0.9493936451 0.9566231244 0.9638526037 0.9710820829 0.9783115622 0.9855410415 0.9927705207 1 
0.3607820315 0.3752758415 0.3897696514 0.4042634613 0.4187572712 0.4332510811 0.447744891 0.462238701 0.4767325109 0.4912263208 0.5057002579 0.5175450579 0.5293414068 0.5411377557 0.5529341046 0.5647304535 0.5765268024 0.5883231512 0.6001195001 0.611915849 0.6237121979 0.6355085468 0.6473048957 0.6591012446 0.6693541611 0.6791954956 0.6890368301 0.6988781646 0.7087194991 0.7185608337 0.7284021682 0.7382435027 0.7480848372 0.7579261717 0.7677675062 0.7776088407 0.7874501753 0.7963508737 0.8048358854 0.8133208972 0.8218059089 0.8302909207 0.8387759324 0.8472609442 0.8557459559 0.8642309677 0.8727159795 0.8812009912 0.889686003 0.8981710147 0.9060682452 0.9132462488 0.9204757281 0.9277052073 0.9349346866 0.9421641659 0.9493936451 0.9566231244 0.9638526037 0.9710820829 0.9783115622 0.9855410415 0.9927705207 1 
0.3579721818 0.3724659917 0.3869598016 0.4014536116 0.4159474215 0.4304412314 0.4449350413 0.4594288512 0.4739226612 0.4881115336 0.5018534969 0.5136498458 0.5254461947 0.5372425435 0.5490388924 0.5608352413 0.5726315902 0.5844279391 0.596224288 0.6080206369 0.6198169858 0.6316133347 0.6432865506 0.6549029358 0.665317372 0.6754112884 0.6852792105 0.695120545 0.7049618795 0.714803214 0.7246445485 0.734485883 0.7443272176 0.7541685521 0.7640098866 0.7738512211 0.7836925556 0.7931775492 0.8023418359 0.8110771069 0.8195621187 0.8280471304 0.8365321422 0.8450171539 0.8535021657 0.8619871774 0.8704721892 0.878957201 0.8874422127 0.8959272245 0.9040818329 0.9113113122 0.9185407915 0.9257702707 0.93299975 0.9402292293 0.9474587085 0.9546881878 0.9619176671 0.9691471463 0.9763766256 0.9836061049 0.9917493042 1 
0.3552829415 0.3697767514 0.3842705613 0.3987643712 0.4132581811 0.4277519911 0.442245801 0.4567158935 0.4705659465 0.4844159995 0.4981579628 0.5099543117 0.5217506606 0.5335470095 0.5453433584 0.5571397072 0.5689360561 0.580732405 0.5925287539 0.6043251028 0.6159831639 0.6275995491 0.6392159344 0.6508323197 0.6612467558 0.6713406722 0.6814345886 0.691528505 0.7014176971 0.7112590317 0.7211003662 0.7309417007 0.7407830352 0.7506243697 0.7604657042 0.7703070387 0.7801483732 0.7896333668 0.7987976536 0.8079619403 0.8171262271 0.8259187002 0.8344037119 0.8428887237 0.8513737354 0.8598587472 0.8683437589 0.8768287707 0.8853137825 0.8937987942 0.9019534027 0.9091828819 0.9164123612 0.9236418405 0.9308713197 0.938100799 0.9453302783 0.9525597575 0.9597892368 0.9670187161 0.9752479126 0.9834986084 0.9917493042 1 
0.3525937011 0.367087511 0.381581321 0.3960751309 0.4105689408 0.4250627507 0.4391703065 0.4530203594 0.4668704124 0.4807204654 0.4944624287 0.5062587776 0.5180551265 0.5298514754 0.5416478243 0.5534441732 0.5652405221 0.5770368709 0.5886797772 0.6002961624 0.6119125477 0.623528933 0.6351453182 0.6467617035 0.6571761397 0.6672700561 0.6773639724 0.6874578888 0.6975518052 0.7076457216 0.7175561838 0.7273975183 0.7372388528 0.7470801873 0.7569215219 0.7667628564 0.7766041909 0.7860891845 0.7952534712 0.804417758 0.8135820447 0.8227463315 0.8319106182 0.8407602934 0.8492453052 0.8577303169 0.8662153287 0.8747003404 0.8831853522 0.8916703639 0.8998249724 0.9070544517 0.9142839309 0.9215134102 0.9287428895 0.9359723687 0.943201848 0.9504958252 0.958746521 0.9669972168 0.9752479126 0.9834986084 0.9917493042 1 
0.3499044608 0.3643982707 0.3788920806 0.3933858905 0.4077746664 0.4216247194 0.4354747724 0.4493248254 0.4631748783 0.4770249313 0.4907668946 0.5025632435 0.5143595924 0.5261559413 0.5379522902 0.5497486391 0.5613763905 0.5729927757 0.584609161 0.5962255463 0.6078419315 0.6194583168 0.6310747021 0.6426910873 0.6531055235 0.6631994399 0.6732933563 0.6833872727 0.6934811891 0.7035751054 0.7136690218 0.7237629382 0.7336946705 0.743536005 0.7533773395 0.763218674 0.7730600085 0.7825450021 0.7917092889 0.8008735756 0.8100378624 0.8192021491 0.8283664359 0.8375307226 0.8466950094 0.8556018867 0.8640868984 0.8725719102 0.8810569219 0.8895419337 0.8976965422 0.9049260214 0.9121555007 0.91938498 0.9266144592 0.9339944336 0.9422451294 0.9504958252 0.958746521 0.9669972168 0.9752479126 0.9834986084 0.9917493042 1 
0.3472152204 0.3617090303 0.3762028403 0.3902290793 0.4040791323 0.4179291853 0.4317792383 0.4456292913 0.4594793443 0.4733293972 0.4870713605 0.4988677094 0.5106640583 0.5224566185 0.5340730038 0.545689389 0.5573057743 0.5689221596 0.5805385448 0.5921549301 0.6037713154 0.6153877006 0.6270040859 0.6386204712 0.6490349073 0.6591288237 0.6692227401 0.6793166565 0.6894105729 0.6995044893 0.7095984057 0.7196923221 0.7297862385 0.7398801548 0.7498331571 0.7596744916 0.7695158262 0.7790008197 0.7881651065 0.7973293933 0.80649368 0.8156579668 0.8248222535 0.8339865403 0.843150827 0.8523151138 0.8614794005 0.8704434799 0.8789284917 0.8874135034 0.8955681119 0.9027975912 0.9100270704 0.9174930419 0.9257437377 0.9339944336 0.9422451294 0.9504958252 0.958746521 0.9669972168 0.9752479126 0.9834986084 0.9917493042 1 
0.3445259801 0.3588334393 0.3726834923 0.3865335453 0.4003835982 0.4142336512 0.4280837042 0.4419337572 0.4557838102 0.4696338631 0.4833758264 0.4951532318 0.5067696171 0.5183860023 0.5300023876 0.5416187729 0.5532351581 0.5648515434 0.5764679287 0.5880843139 0.5997006992 0.6113170845 0.6229334697 0.634549855 0.6449642912 0.6550582076 0.6651521239 0.6752460403 0.6853399567 0.6954338731 0.7055277895 0.7156217059 0.7257156223 0.7358095387 0.7459034551 0.7559973715 0.7659716438 0.7754566374 0.7846209241 0.7937852109 0.8029494976 0.8121137844 0.8212780712 0.8304423579 0.8396066447 0.8487709314 0.8579352182 0.8670995049 0.8762637917 0.8852850732 0.8934396816 0.9009916503 0.9092423461 0.9174930419 0.9257437377 0.9339944336 0.9422451294 0.9504958252 0.958746521 0.9669972168 0.9752479126 0.9834986084 0.9917493042 1 
0.3427761556 0.356498577 0.37034863 0.384198683 0.398048736 0.4118987889 0.4257488419 0.4395988949 0.4534489479 0.4672990009 0.4810314924 0.4926478777 0.5042642629 0.5158806482 0.5274970335 0.5391134187 0.550729804 0.5623461893 0.5739625745 0.5855789598 0.5971953451 0.6088117303 0.6204281156 0.6319756726 0.6424257843 0.6525422808 0.6626361972 0.6727301136 0.6828240299 0.6929179463 0.7030118627 0.7131057791 0.7231996955 0.7332936119 0.7433875283 0.7534814447 0.7635753611 0.7732683808 0.7825351908 0.7916994776 0.8008637643 0.8100280511 0.8191923378 0.8283566246 0.8375209114 0.8466851981 0.8558494849 0.8650137716 0.8741780584 0.8833423451 0.8922662132 0.900516909 0.9087676048 0.9170183006 0.9252689964 0.9335196922 0.941770388 0.9500210838 0.9582717796 0.9665224755 0.9747731713 0.9830238671 0.9913317077 1 
0.3418091776 0.3555095393 0.369209901 0.3829977139 0.3968477668 0.4106978198 0.4245478728 0.4383979258 0.4522479788 0.4660980318 0.4798305233 0.4914469085 0.5030632938 0.5146796791 0.5262960643 0.5379124496 0.5495288349 0.5611452202 0.5727616054 0.5843779907 0.5959935938 0.6075356758 0.6190777578 0.6306198398 0.6410699515 0.6512288712 0.6613877908 0.6715097613 0.6816036777 0.6916975941 0.7017915104 0.7118854268 0.7219793432 0.7320732596 0.742167176 0.7522610924 0.7623550088 0.7720480285 0.7813802413 0.7907124541 0.7999934053 0.809157692 0.8183219788 0.8274862655 0.8366505523 0.845814839 0.8549791258 0.8641434125 0.8733076993 0.882471986 0.8913958541 0.8996465499 0.9078972457 0.9161479415 0.9243986373 0.9326493331 0.9409000289 0.9491507248 0.9574014206 0.9656521164 0.973995123 0.9826634153 0.9913317077 1 
0.3408421997 0.3545425613 0.368242923 0.3819432847 0.3956467977 0.4094968507 0.4233469037 0.4371969567 0.4510470097 0.4648970626 0.4786295542 0.4902459394 0.5018623247 0.51347871 0.5250950952 0.5367114805 0.5483278658 0.559944251 0.571553597 0.583095679 0.594637761 0.606179843 0.617721925 0.629264007 0.6397141187 0.6498730384 0.660031958 0.6701908777 0.6803497974 0.6904772418 0.7005711582 0.7106650746 0.7207589909 0.7308529073 0.7409468237 0.7510407401 0.7611346565 0.7708276763 0.780159889 0.7894921018 0.7988243146 0.8081565274 0.8174516197 0.8266159064 0.8357801932 0.8449444799 0.8541087667 0.8632730534 0.8724373402 0.8816016269 0.890525495 0.8987761908 0.9070268866 0.9152775824 0.9235282782 0.9317789741 0.9400296699 0.9482803657 0.9566585383 0.9653268306 0.973995123 0.9826634153 0.9913317077 1 
0.3398752217 0.3535755834 0.3672759451 0.3809763067 0.3946766684 0.4083770301 0.4221459346 0.4359959876 0.4498460405 0.4636960935 0.4774285851 0.4890449703 0.5006613556 0.5122777409 0.5238941261 0.5355105114 0.5471136003 0.5586556823 0.5701977642 0.5817398462 0.5932819282 0.6048240102 0.6163660922 0.6279081741 0.6383582859 0.6485172056 0.6586761252 0.6688350449 0.6789939646 0.6891528842 0.6993118039 0.7094447223 0.7195386387 0.729632555 0.7397264714 0.7498203878 0.7599143042 0.769607324 0.7789395368 0.7882717495 0.7976039623 0.8069361751 0.8162683879 0.8256006007 0.8349098341 0.8440741208 0.8532384076 0.8624026943 0.8715669811 0.8807312678 0.8896551359 0.8979058317 0.9061565275 0.9144072234 0.9226579192 0.930908615 0.9393219536 0.947990246 0.9566585383 0.9653268306 0.973995123 0.9826634153 0.9913317077 1 
0.3389082438 0.3526086054 0.3663089671 0.3800093288 0.3937096904 0.4074100521 0.4211104138 0.4348107754 0.4486450714 0.4624951244 0.4762276159 0.4878440012 0.4994603865 0.5110767717 0.5226736035 0.5342156855 0.5457577675 0.5572998495 0.5688419314 0.5803840134 0.5919260954 0.6034681774 0.6150102594 0.6265523413 0.6370024531 0.6471613727 0.6573202924 0.6674792121 0.6776381318 0.6877970514 0.6979559711 0.7081148908 0.7182738104 0.7284122028 0.7385061192 0.7486000355 0.7586939519 0.7683869717 0.7777191845 0.7870513972 0.79638361 0.8057158228 0.8150480356 0.8243802484 0.8337124612 0.8430446739 0.8523680485 0.8615323353 0.870696622 0.8798609088 0.8887847768 0.8970354726 0.9052861685 0.9135368643 0.921985369 0.9306536613 0.9393219536 0.947990246 0.9566585383 0.9653268306 0.973995123 0.9826634153 0.9913317077 1 
0.3379412658 0.3516416275 0.3653419891 0.3790423508 0.3927427125 0.4064430741 0.4201434358 0.4338437975 0.4475441592 0.4612941553 0.4750266468 0.4866430321 0.4982336067 0.5097756887 0.5213177707 0.5328598527 0.5444019347 0.5559440167 0.5674860986 0.5790281806 0.5905702626 0.6021123446 0.6136544266 0.6251965085 0.6356466203 0.6458055399 0.6559644596 0.6661233793 0.676282299 0.6864412186 0.6966001383 0.706759058 0.7169179776 0.7270768973 0.737235817 0.7473796833 0.7574735997 0.7671666194 0.7764988322 0.785831045 0.7951632577 0.8044954705 0.8138276833 0.8231598961 0.8324921089 0.8418243216 0.8511565344 0.8604887472 0.86982096 0.8789905497 0.8879144178 0.8961651136 0.9046487843 0.9133170766 0.921985369 0.9306536613 0.9393219536 0.947990246 0.9566585383 0.9653268306 0.973995123 0.9826634153 0.9913317077 1 
0.3372158125 0.3509100759 0.3646104375 0.3783107992 0.3920111609 0.4057115225 0.4194118842 0.4331122459 0.4468126075 0.4605129692 0.4740997372 0.4856418192 0.4971839012 0.5087259832 0.5202680651 0.5318101471 0.5433522291 0.5548943111 0.5664363931 0.577978475 0.589520557 0.601062639 0.612604721 0.6241440765 0.6345685 0.6447274196 0.6548863393 0.665045259 0.6752041787 0.6853630983 0.695522018 0.7056809377 0.7158398573 0.725998777 0.7361576967 0.7463166164 0.756475536 0.7661993468 0.7755315596 0.7848637724 0.7941959851 0.8035281979 0.8128604107 0.8221926235 0.8315248363 0.8408570491 0.8501892618 0.8595214746 0.8688536874 0.8781859002 0.8873220383 0.8959903307 0.904658623 0.9133269154 0.9219952077 0.9306635 0.9393317924 0.9480000847 0.9566683771 0.9653366694 0.9740049617 0.9826732541 0.9913415464 1 
0.3375772202 0.3512561248 0.3649383045 0.3786386662 0.3923390279 0.4060393895 0.4197397512 0.4334401129 0.4471404745 0.4608408362 0.4744276042 0.4859696862 0.4975117682 0.5090538501 0.5205959321 0.5321380141 0.5436800961 0.5552221781 0.56676426 0.578306342 0.589848424 0.6013864163 0.61291231 0.6244382037 0.6348384903 0.6449386149 0.6550579253 0.665216845 0.6753757647 0.6855346843 0.695693604 0.7058525237 0.7160114433 0.726170363 0.7363292827 0.7464882024 0.756647122 0.7663709328 0.7757031456 0.7850353584 0.7943675711 0.8036997839 0.8130319967 0.8223642095 0.8316964223 0.841028635 0.8503608478 0.8596930606 0.8689843359 0.8782601854 0.8873761514 0.8960444438 0.9047127361 0.9133810285 0.9220493208 0.9307176131 0.9393859055 0.9480541978 0.9567224901 0.9653907825 0.9740590748 0.982715342 0.991357671 1 
0.3379386278 0.3516175325 0.3652964371 0.3789753418 0.3926668948 0.4063672565 0.4200676182 0.4337679798 0.4474683415 0.4611687032 0.4747554712 0.4862975532 0.4978396351 0.5093817171 0.5209237991 0.5324658811 0.5440079631 0.555550045 0.567092127 0.5786287561 0.5901546498 0.6016805435 0.6132064373 0.624732331 0.6351326175 0.6452327422 0.6553328668 0.6654329914 0.6755473507 0.6857062703 0.69586519 0.7060241097 0.7161830293 0.726341949 0.7365008687 0.7466597884 0.756818708 0.7665425188 0.7758747316 0.7852069444 0.7945391571 0.8038713699 0.8132035827 0.8225357955 0.8318680083 0.841200221 0.8504867499 0.8597625994 0.869038449 0.8783142985 0.8874302645 0.8960985569 0.9047668492 0.9134351416 0.9221034339 0.9307717262 0.9394400186 0.9481083109 0.9567766032 0.9654306841 0.974073013 0.982715342 0.991357671 1 
0.3383000354 0.3519789401 0.3656578448 0.3793367495 0.3930156541 0.4066951235 0.4203954851 0.4340958468 0.4477962085 0.4614965701 0.4750833381 0.4866254201 0.4981675021 0.5097095841 0.5212516661 0.5327937481 0.54433583 0.5558710959 0.5673969896 0.5789228833 0.590448777 0.6019746708 0.6135005645 0.6250264582 0.6354267447 0.6455268694 0.655626994 0.6657271187 0.6758272433 0.6859273679 0.696036776 0.7061956957 0.7163546153 0.726513535 0.7366724547 0.7468313743 0.756990294 0.7667141048 0.7760463176 0.7853785304 0.7947107431 0.8040429559 0.8133751687 0.8227073815 0.831989164 0.8412650135 0.850540863 0.8598167125 0.8690925621 0.8783684116 0.8874843776 0.89615267 0.9048209623 0.9134892547 0.922157547 0.9308258393 0.9394941317 0.9481460261 0.9567883551 0.9654306841 0.974073013 0.982715342 0.991357671 1 
0.3386614431 0.3523403478 0.3660192524 0.3796981571 0.3933770618 0.4070559665 0.4207348711 0.4344237138 0.4481240755 0.4618244371 0.4754112051 0.4869532871 0.4984953691 0.5100374511 0.521579533 0.5331134357 0.5446393294 0.5561652231 0.5676911168 0.5792170106 0.5907429043 0.602268798 0.6137946917 0.6253205854 0.635720872 0.6458209966 0.6559211212 0.6660212459 0.6761213705 0.6862214952 0.6963216198 0.7064217444 0.7165262013 0.726685121 0.7368440407 0.7470029603 0.75716188 0.7668856908 0.7762179036 0.7855501164 0.7948823291 0.8042145419 0.813491578 0.8227674276 0.8320432771 0.8413191266 0.8505949761 0.8598708256 0.8691466752 0.8784225247 0.8875384907 0.8962067831 0.9048750754 0.9135433677 0.9222116601 0.9308613681 0.9395036971 0.9481460261 0.9567883551 0.9654306841 0.974073013 0.982715342 0.991357671 1 
0.3390228507 0.3527017554 0.3663806601 0.3800595647 0.3937384694 0.4074173741 0.4210962788 0.4347751835 0.4484540881 0.4621523041 0.4757390721 0.4872811541 0.4988232361 0.5103557755 0.5218816692 0.5334075629 0.5449334566 0.5564593503 0.5679852441 0.5795111378 0.5910370315 0.6025629252 0.6140888189 0.6256147126 0.6360149992 0.6461151238 0.6562152485 0.6663153731 0.6764154977 0.6865156224 0.696615747 0.7067158717 0.7168159963 0.7269161209 0.7370162456 0.7471745463 0.757333466 0.7670572768 0.7763894896 0.7857181426 0.7949939921 0.8042698416 0.8135456911 0.8228215407 0.8320973902 0.8413732397 0.8506490892 0.8599249387 0.8692007883 0.8784766378 0.8875926038 0.8962608962 0.9049291885 0.9135767102 0.9222190391 0.9308613681 0.9395036971 0.9481460261 0.9567883551 0.9654306841 0.974073013 0.982715342 0.991357671 1 
0.3393842584 0.353063163 0.3667420677 0.3804209724 0.3940998771 0.4077787817 0.4214576864 0.4351365911 0.4488154958 0.4624944005 0.4760669391 0.4875981153 0.499124009 0.5106499027 0.5221757964 0.5337016901 0.5452275839 0.5567534776 0.5682793713 0.579805265 0.5913311587 0.6028570524 0.6143829461 0.6259088399 0.6363091264 0.646409251 0.6565093757 0.6666095003 0.676709625 0.6868097496 0.6969098742 0.7070099989 0.7171101235 0.7272102482 0.7373103728 0.7474104974 0.7575106221 0.7672205566 0.7764964062 0.7857722557 0.7950481052 0.8043239547 0.8135998042 0.8228756538 0.8321515033 0.8414273528 0.8507032023 0.8599790518 0.8692549014 0.8785307509 0.8876467169 0.8962920522 0.9049343812 0.9135767102 0.9222190391 0.9308613681 0.9395036971 0.9481460261 0.9567883551 0.9654306841 0.974073013 0.982715342 0.991357671 1 
0.3398828458 0.3537497305 0.3674810717 0.3811599764 0.394838881 0.4085177857 0.4221966904 0.4358755951 0.4495544997 0.4632334044 0.4768028181 0.4884013948 0.4999747238 0.5115006175 0.5230265112 0.5345524049 0.5460782986 0.5576041923 0.5691300861 0.5806559798 0.5921818735 0.6037077672 0.6152336609 0.6267595546 0.6371598412 0.6472599658 0.6573600905 0.6674602151 0.6775603397 0.6876604644 0.697760589 0.7078607136 0.7179608383 0.7280609629 0.7381610876 0.7482567142 0.7583374156 0.7679291104 0.7770806991 0.7863343125 0.795610162 0.8048860115 0.814161861 0.8234377106 0.8327135601 0.8419894096 0.8512652591 0.8605411086 0.8698169582 0.8790928077 0.8882019413 0.8968442703 0.9054865992 0.9141289282 0.9227712572 0.9314135862 0.9400559152 0.9486982442 0.9573405732 0.9659829021 0.9746252311 0.9832675601 0.9916815026 1 
0.3404119176 0.3542788023 0.368145687 0.3819828906 0.3956617953 0.4093407 0.4230196046 0.4366985093 0.450377414 0.4640563187 0.4776257324 0.4892243091 0.5008228858 0.5124214625 0.5240009121 0.5355268058 0.5470526995 0.5585785932 0.5701044869 0.5816303807 0.5931562744 0.6046821681 0.6162080618 0.6277339555 0.6381342421 0.6482343667 0.6583344913 0.668434616 0.6785347406 0.6886348653 0.6987349899 0.7088351145 0.7189352392 0.7290292302 0.7391099316 0.749190633 0.7592713345 0.7688630292 0.778014618 0.7871662067 0.7963177954 0.8055609447 0.8148367942 0.8241126438 0.8333884933 0.8426643428 0.8519401923 0.8612160418 0.8704918914 0.8797677409 0.8888768745 0.8975192035 0.9061615324 0.9148038614 0.9234461904 0.9320885194 0.9407308484 0.9493731774 0.9580155063 0.9666578353 0.9750445078 0.9833630052 0.9916815026 1 
0.3409409894 0.3548078741 0.3686747588 0.3825416435 0.3964085282 0.4101636142 0.4238425189 0.4375214236 0.4512003283 0.4648792329 0.4784486467 0.4900472234 0.5016458001 0.5132443767 0.5248429534 0.5364415301 0.5480271004 0.5595529941 0.5710788878 0.5826047815 0.5941306753 0.605656569 0.6171824627 0.6287083564 0.639108643 0.6492087676 0.6593088922 0.6694090169 0.6795091415 0.6896092661 0.6997093908 0.7098017461 0.7198824476 0.729963149 0.7400438505 0.7501245519 0.7602052533 0.7697969481 0.7789485368 0.7881001255 0.7972517143 0.806403303 0.8155548917 0.824787577 0.8340634265 0.843339276 0.8526151255 0.861890975 0.8711668246 0.8804426741 0.8895518077 0.8981941367 0.9068364656 0.9154787946 0.9241211236 0.9327634526 0.9414057816 0.9500481106 0.958407513 0.9667260104 0.9750445078 0.9833630052 0.9916815026 1 
0.3414700612 0.3553369459 0.3692038306 0.3830707153 0.3969376 0.4108044847 0.4246654332 0.4383443378 0.4520232425 0.4657021472 0.4792715609 0.4908701376 0.5024687143 0.514067291 0.5256658677 0.5372644444 0.5488630211 0.5604615978 0.5720532887 0.5835791824 0.5951050761 0.6066309699 0.6181568636 0.6296827573 0.6400830438 0.6501831685 0.6602832931 0.6703834178 0.6804835424 0.6905742621 0.7006549636 0.710735665 0.7208163664 0.7308970679 0.7409777693 0.7510584708 0.7611391722 0.770730867 0.7798824557 0.7890340444 0.7981856331 0.8073372218 0.8164888106 0.8256403993 0.834791988 0.8440142092 0.8532900587 0.8625659082 0.8718417578 0.8811176073 0.8902267409 0.8988690699 0.9075113988 0.9161537278 0.9247960568 0.9334383858 0.9417705182 0.9500890156 0.958407513 0.9667260104 0.9750445078 0.9833630052 0.9916815026 1 
0.341999133 0.3558660177 0.3697329024 0.3835997871 0.3974666718 0.4113335565 0.4252004412 0.4390673259 0.4528461568 0.4665250615 0.4800944752 0.4916930519 0.5032916286 0.5148902053 0.526488782 0.5380873587 0.5496859353 0.561284512 0.5728830887 0.5844816654 0.596079477 0.6076053707 0.6191312645 0.6306571582 0.6410574447 0.6511575694 0.661257694 0.6713467781 0.6814274795 0.691508181 0.7015888824 0.7116695839 0.7217502853 0.7318309867 0.7419116882 0.7519923896 0.7620730911 0.7716647858 0.7808163745 0.7899679633 0.799119552 0.8082711407 0.8174227294 0.8265743181 0.8357259069 0.8448774956 0.8540290843 0.8632408414 0.872516691 0.8817925405 0.8909016741 0.899544003 0.908186332 0.916815026 0.9251335234 0.9334520208 0.9417705182 0.9500890156 0.958407513 0.9667260104 0.9750445078 0.9833630052 0.9916815026 1 
0.3425282048 0.3563950895 0.3702619742 0.3841288589 0.3979957436 0.4118626283 0.425729513 0.4395963977 0.4534632824 0.4673301671 0.4809173894 0.4925159661 0.5041145428 0.5157131195 0.5273116962 0.5389102729 0.5505088496 0.5621074263 0.573706003 0.5853045797 0.5969031564 0.6085017331 0.6201003098 0.6316315591 0.6420318456 0.6521192941 0.6621999955 0.6722806969 0.6823613984 0.6924420998 0.7025228013 0.7126035027 0.7226842041 0.7327649056 0.742845607 0.7529263085 0.7630070099 0.7725987047 0.7817502934 0.7909018821 0.8000534708 0.8092050596 0.8183566483 0.827508237 0.8366598257 0.8458114145 0.8549630032 0.8641145919 0.8732661806 0.8824674737 0.8915766073 0.9001780312 0.9084965286 0.916815026 0.9251335234 0.9334520208 0.9417705182 0.9500890156 0.958407513 0.9667260104 0.9750445078 0.9833630052 0.9916815026 1 
0.3427148365 0.3565518013 0.370418686 0.3842855707 0.3981524554 0.4120193401 0.4258862248 0.4397531095 0.4536199942 0.4674868789 0.481234379 0.4928329557 0.5044315323 0.516030109 0.5276286857 0.5392272624 0.5508258391 0.5624244158 0.5740229925 0.5856215692 0.5972201459 0.6088187226 0.6204172993 0.6320086991 0.6424156605 0.6524981135 0.6625788149 0.6726595164 0.6827402178 0.6928209193 0.7029016207 0.7129823221 0.7230630236 0.733143725 0.7432244265 0.7533051279 0.7633858293 0.7729912289 0.7821537815 0.7913053702 0.8004569589 0.8096085476 0.8187601364 0.8279117251 0.8370633138 0.8462149025 0.8553664913 0.86451808 0.8736696687 0.8828212574 0.8917536116 0.900072109 0.9083906064 0.9167091038 0.9250276012 0.9333460986 0.941664596 0.9499830934 0.9583015908 0.9666200882 0.9749385856 0.983257083 0.9915755804 1 
0.3424905401 0.3563153153 0.3701400905 0.3839954505 0.3978623352 0.4117292199 0.4255961046 0.4394629893 0.453329874 0.4671967587 0.4809442588 0.4925428355 0.5041414122 0.5157399889 0.5273385656 0.5389371423 0.5505357189 0.5621342956 0.5737328723 0.585331449 0.5969300257 0.6085206053 0.620109442 0.6316982786 0.64210524 0.6521970347 0.6622888293 0.6723722165 0.6824529179 0.6925336194 0.7026143208 0.7126950223 0.7227757237 0.7328564252 0.7429371266 0.753017828 0.7630985295 0.772703929 0.7818815569 0.7910591848 0.8002239301 0.8093755188 0.8185271075 0.8276786963 0.836830285 0.8459818737 0.8551334624 0.8642850512 0.8734366399 0.8825882286 0.8915205828 0.8998390802 0.9081575776 0.916476075 0.9247945724 0.9331130698 0.9414315672 0.9497500646 0.958068562 0.9663870594 0.9747090875 0.9831393917 0.9915696958 1 
0.3422662437 0.3560910189 0.3699157941 0.3837405693 0.397572215 0.4114390997 0.4253059844 0.4391728691 0.4530397538 0.4669066385 0.4806541386 0.4922527153 0.503851292 0.5154498687 0.5270484454 0.5386470221 0.5502455988 0.5618441755 0.5734427522 0.5850325115 0.5966213482 0.6082101848 0.6197990215 0.6313878581 0.6417948195 0.6518866142 0.6619784089 0.6720702035 0.6821619982 0.6922463195 0.702327021 0.7124077224 0.7224884238 0.7325691253 0.7426498267 0.7527305282 0.7628112296 0.7724166292 0.781594257 0.7907718849 0.7999495128 0.8091271406 0.8182940787 0.8274456674 0.8365972562 0.8457488449 0.8549004336 0.8640520223 0.8732036111 0.8823551998 0.891287554 0.8996060514 0.9079245488 0.9162430462 0.9245615436 0.932880041 0.9411985384 0.9495170358 0.9578484792 0.9662787834 0.9747090875 0.9831393917 0.9915696958 1 
0.3420419473 0.3558667225 0.3696914977 0.3835162729 0.3973410481 0.4111658233 0.4250158643 0.438882749 0.4527496337 0.4666165184 0.4803640184 0.4919625951 0.5035611718 0.5151597485 0.5267583252 0.5383569019 0.5499554786 0.5615444178 0.5731332544 0.5847220911 0.5963109277 0.6078997644 0.619488601 0.6310774377 0.6414843991 0.6515761937 0.6616679884 0.671759783 0.6818515777 0.6919433724 0.702035167 0.7121204225 0.722201124 0.7322818254 0.7423625269 0.7524432283 0.7625239297 0.7721293293 0.7813069572 0.790484585 0.7996622129 0.8088398407 0.8180174686 0.8271950965 0.8363642273 0.8455158161 0.8546674048 0.8638189935 0.8729705822 0.882122171 0.8910545251 0.8993730225 0.9076915199 0.9160100173 0.9243285147 0.9326470121 0.9409878709 0.949418175 0.9578484792 0.9662787834 0.9747090875 0.9831393917 0.9915696958 1 
0.3418176509 0.3556424261 0.3694672013 0.3832919765 0.3971167517 0.4109415269 0.4247663022 0.4385926288 0.4524595135 0.4663263982 0.4800738983 0.491672475 0.5032710517 0.5148696283 0.5264674874 0.538056324 0.5496451606 0.5612339973 0.5728228339 0.5844116706 0.5960005072 0.6075893439 0.6191781805 0.6307670172 0.6411739786 0.6512657732 0.6613575679 0.6714493626 0.6815411572 0.6916329519 0.7017247465 0.7118165412 0.7219083359 0.7319945255 0.742075227 0.7521559284 0.7622366299 0.7718420294 0.7810196573 0.7901972851 0.799374913 0.8085525409 0.8177301687 0.8269077966 0.8360854245 0.8452630523 0.854434376 0.8635859647 0.8727375534 0.8818891421 0.8908214963 0.8991399937 0.9074584911 0.9157769885 0.9241272626 0.9325575667 0.9409878709 0.949418175 0.9578484792 0.9662787834 0.9747090875 0.9831393917 0.9915696958 1 
0.3415933545 0.3554181297 0.3692429049 0.3830676801 0.3968924553 0.4107172305 0.4245420058 0.438366781 0.4521915562 0.466036278 0.4797837781 0.4913823548 0.5029793936 0.5145682302 0.5261570669 0.5377459035 0.5493347402 0.5609235768 0.5725124135 0.5841012501 0.5956900868 0.6072789234 0.6188677601 0.6304565967 0.6408635581 0.6509553528 0.6610471474 0.6711389421 0.6812307367 0.6913225314 0.7014143261 0.7115061207 0.7215979154 0.7316897101 0.7417815047 0.7518686286 0.76194933 0.7715547296 0.7807323574 0.7899099853 0.7990876131 0.808265241 0.8174428689 0.8266204967 0.8357981246 0.8449757524 0.8541533803 0.8633310082 0.8725045246 0.8816561133 0.8905884675 0.8989069649 0.9072666542 0.9156969584 0.9241272626 0.9325575667 0.9409878709 0.949418175 0.9578484792 0.9662787834 0.9747090875 0.9831393917 0.9915696958 1 
0.3413278826 0.3551265655 0.3689513407 0.382776116 0.3966008912 0.4104256664 0.4242504416 0.4380752168 0.451899992 0.4657247673 0.4794318615 0.4910206982 0.5026095348 0.5141983715 0.5257872081 0.5373760447 0.5489648814 0.560553718 0.5721425547 0.5837313913 0.595320228 0.6069090646 0.6184979013 0.6300867379 0.6404886555 0.6505804501 0.6606722448 0.6707640395 0.6808558341 0.6909476288 0.7010394234 0.7111312181 0.7212230128 0.7313148074 0.7414066021 0.7514983968 0.7615901914 0.7712008457 0.7803784735 0.7895561014 0.7987337292 0.8079113571 0.817088985 0.8262666128 0.8354442407 0.8446218686 0.8537994964 0.8629771243 0.8721547521 0.88133238 0.8903471433 0.8987774475 0.9072077516 0.9156380558 0.92406836 0.9324986641 0.9409289683 0.9493592724 0.9577895766 0.9662198808 0.9746501849 0.9830804891 0.9915107932 1 
0.3406506558 0.3542918188 0.367987099 0.3818118742 0.3956366495 0.4094614247 0.4232861999 0.4371109751 0.4509357503 0.4647605256 0.4784676198 0.4900564564 0.5016452931 0.5132341297 0.5248229664 0.536411803 0.5480006397 0.5595894763 0.571178313 0.5827671496 0.5943559863 0.6059413298 0.6174748594 0.629008389 0.6394263543 0.6495468357 0.6596525207 0.6697443154 0.6798361101 0.6899279047 0.7000196994 0.7101114941 0.7202032887 0.7302950834 0.740386878 0.7504786727 0.7605704674 0.7701811216 0.7793587495 0.7885363773 0.7977140052 0.8068916331 0.8160692609 0.8252468888 0.8344245166 0.8436021445 0.8527797724 0.8619574002 0.8712307936 0.8805868082 0.8896992147 0.8981295189 0.9065598231 0.9149901272 0.9234204314 0.9318507355 0.9402810397 0.9487113439 0.957141648 0.9655719522 0.9740022563 0.982517642 0.991258821 1 
0.339973429 0.353614592 0.3672557549 0.3808969179 0.3946724077 0.408497183 0.4223219582 0.4361467334 0.4499715086 0.4637962838 0.4775033781 0.4890922147 0.5006810514 0.512269888 0.5238587247 0.5354475613 0.547036398 0.5586252346 0.5702140713 0.5817947574 0.593328287 0.6048618166 0.6163953462 0.6279288758 0.638346841 0.6484673224 0.6585878038 0.6687082852 0.678816386 0.6889081807 0.6989999753 0.70909177 0.7191835647 0.7292753593 0.739367154 0.7494589487 0.7595507433 0.7691613976 0.7783390254 0.7875166533 0.7966942811 0.805871909 0.8150495369 0.8242271647 0.8334047926 0.8425824205 0.8518708359 0.8612268504 0.870582865 0.8799388796 0.8890512862 0.8974815903 0.9059118945 0.9143421987 0.9227725028 0.931202807 0.9396331111 0.9480634153 0.9564937194 0.9650352841 0.9737764631 0.982517642 0.991258821 1 
0.3392962022 0.3529373652 0.3665785281 0.3802196911 0.3938608541 0.4075329412 0.4213577165 0.4351824917 0.4490072669 0.4628320421 0.4765391364 0.488127973 0.4997168097 0.5113056463 0.522894483 0.5344833196 0.5460721562 0.5576481849 0.5691817145 0.5807152441 0.5922487737 0.6037823034 0.615315833 0.6268493626 0.6372673278 0.6473878092 0.6575082906 0.667628772 0.6777492534 0.6878697348 0.6979802513 0.708072046 0.7181638406 0.7282556353 0.7383474299 0.7484392246 0.7585310193 0.7681416735 0.7773193014 0.7864969292 0.7956745571 0.804852185 0.8140298128 0.8232074407 0.8325108781 0.8418668927 0.8512229073 0.8605789219 0.8699349364 0.879290951 0.8884033576 0.8968336618 0.9052639659 0.9136942701 0.9221245742 0.9305548784 0.9389851826 0.9475529261 0.9562941051 0.9650352841 0.9737764631 0.982517642 0.991258821 1 
0.3386189754 0.3522601384 0.3659013014 0.3795424643 0.3931836273 0.4068247903 0.4204659533 0.43421825 0.4480430252 0.4618678004 0.4755748946 0.4871637313 0.4987525679 0.5103414046 0.5219302412 0.5335016125 0.5450351421 0.5565686717 0.5681022013 0.5796357309 0.5911692605 0.6027027901 0.6142363197 0.6257698493 0.6361878145 0.6463082959 0.6564287773 0.6665492587 0.6766697401 0.6867902215 0.6969107029 0.7070311843 0.7171441166 0.7272359112 0.7373277059 0.7474195006 0.7575112952 0.7671219495 0.7762995773 0.7854772052 0.794654833 0.8038324609 0.8131509204 0.822506935 0.8318629495 0.8412189641 0.8505749787 0.8599309933 0.8692870079 0.8786430224 0.887755429 0.8961857332 0.9046160373 0.9130463415 0.9214766457 0.9300705681 0.9388117471 0.9475529261 0.9562941051 0.9650352841 0.9737764631 0.982517642 0.991258821 1 
0.3379417486 0.3515829116 0.3652240746 0.3788652375 0.3925064005 0.4061475635 0.4197887265 0.4334298894 0.4470787835 0.4609035587 0.4746106529 0.4861994896 0.4977883262 0.5093550401 0.5208885697 0.5324220993 0.5439556289 0.5554891585 0.5670226881 0.5785562177 0.5900897473 0.6016232769 0.6131568065 0.6246903361 0.6351083013 0.6452287827 0.6553492641 0.6654697455 0.6755902269 0.6857107083 0.6958311897 0.7059516711 0.7160721525 0.7261926339 0.7363079818 0.7463997765 0.7564915712 0.7661022254 0.7752798533 0.7844574811 0.7937909627 0.8031469772 0.8125029918 0.8218590064 0.831215021 0.8405710355 0.8499270501 0.8592830647 0.8686390793 0.8779950939 0.8871075004 0.8955378046 0.9039681088 0.9125882102 0.9213293892 0.9300705681 0.9388117471 0.9475529261 0.9562941051 0.9650352841 0.9737764631 0.982517642 0.991258821 1 
0.3372645218 0.3509056848 0.3645468478 0.3781880107 0.3918291737 0.4054703367 0.4191114997 0.4327526627 0.4463938256 0.4600349886 0.4736464112 0.4852084676 0.4967419972 0.5082755268 0.5198090564 0.531342586 0.5428761156 0.5544096452 0.5659431748 0.5774767044 0.589010234 0.6005437636 0.6120772932 0.6236108228 0.6340287881 0.6441492694 0.6542697508 0.6643902322 0.6745107136 0.684631195 0.6947516764 0.7048721578 0.7149926392 0.7251131206 0.735233602 0.7453540834 0.7554718471 0.7650825014 0.7744310049 0.7837870195 0.7931430341 0.8024990487 0.8118550632 0.8212110778 0.8305670924 0.839923107 0.8492791216 0.8586351361 0.8679911507 0.8773471653 0.8864595719 0.8951058522 0.9038470312 0.9125882102 0.9213293892 0.9300705681 0.9388117471 0.9475529261 0.9562941051 0.9650352841 0.9737764631 0.982517642 0.991258821 1 
0.3370227357 0.3506216064 0.3642627693 0.3779039323 0.3915450953 0.4051862583 0.4188274213 0.4324685842 0.4461097472 0.4597509102 0.4732774493 0.484761455 0.4962949846 0.5078285142 0.5193620438 0.5308955734 0.542429103 0.5539626326 0.5654961622 0.5770296918 0.5885632214 0.600096751 0.6116302807 0.6231638103 0.6335817755 0.6437022569 0.6538227383 0.6639432197 0.6740637011 0.6841841825 0.6943046639 0.7044251453 0.7145456267 0.724666108 0.7347865894 0.7449070708 0.7550367905 0.7647703179 0.7741263325 0.7834823471 0.7928383617 0.8021943763 0.8115503908 0.8209064054 0.83026242 0.8396184346 0.8489744492 0.8583304637 0.8676864783 0.8770439606 0.886315632 0.8951058522 0.9038470312 0.9125882102 0.9213293892 0.9300705681 0.9388117471 0.9475529261 0.9562941051 0.9650352841 0.9737764631 0.982517642 0.991258821 1 
0.3369442399 0.3505109997 0.3641261216 0.3777672846 0.3914084475 0.4050496105 0.4186907735 0.4323319365 0.4459730994 0.4596142624 0.4731408015 0.4846041107 0.4960851598 0.5076186894 0.519152219 0.5306857486 0.5422192782 0.5537528078 0.5652863374 0.576819867 0.5883533966 0.5998869262 0.6114204558 0.6229539854 0.6333719507 0.6434924321 0.6536129135 0.6637333949 0.6738538762 0.6839743576 0.694094839 0.7042153204 0.7143358018 0.7244562832 0.7345767646 0.7447078529 0.7548608391 0.7645943666 0.7739503812 0.7833063958 0.7926624104 0.8020184249 0.8113744395 0.8207304541 0.8300864687 0.8394424833 0.8487984978 0.8581545124 0.8675149301 0.8769406609 0.8862123322 0.8950526372 0.9038470312 0.9125882102 0.9213293892 0.9300705681 0.9388117471 0.9475529261 0.9562941051 0.9650352841 0.9737764631 0.982517642 0.991258821 1 
0.3368657441 0.3504325039 0.3639992637 0.3776306368 0.3912717998 0.4049129627 0.4185541257 0.4321952887 0.4458364517 0.4594776146 0.4730041537 0.484467463 0.4959307722 0.5074088646 0.5189423942 0.5304759238 0.5420094534 0.553542983 0.5650765126 0.5766100422 0.5881435718 0.5996771014 0.611210631 0.6227441606 0.6331621258 0.6432826072 0.6534030886 0.66352357 0.6736440514 0.6837645328 0.6938850142 0.7040054956 0.714125977 0.7242464584 0.7343789153 0.7445319016 0.7546848878 0.7644184153 0.7737744299 0.7831304445 0.792486459 0.8018424736 0.8111984882 0.8205545028 0.8299105174 0.8392665319 0.8486225465 0.8579858996 0.8674116304 0.8768373612 0.8861090325 0.8949493375 0.9037896425 0.9125882102 0.9213293892 0.9300705681 0.9388117471 0.9475529261 0.9562941051 0.9650352841 0.9737764631 0.982517642 0.991258821 1 
0.3367872483 0.3503540081 0.3639207679 0.377493989 0.391135152 0.404776315 0.4184174779 0.4320586409 0.4456998039 0.4593409669 0.472867506 0.4843308152 0.4957941244 0.5072574336 0.5187325694 0.530266099 0.5417996286 0.5533331582 0.5648666878 0.5764002174 0.587933747 0.5994672766 0.6110008062 0.6225343358 0.632952301 0.6430727824 0.6531932638 0.6633137452 0.6734342266 0.683554708 0.6936751894 0.7037956708 0.7139161522 0.7240499777 0.734202964 0.7443559502 0.7545089365 0.764242464 0.7735984786 0.7829544932 0.7923105077 0.8016665223 0.8110225369 0.8203785515 0.829734566 0.8390905806 0.8484568692 0.8578825999 0.8673083307 0.8767340614 0.8860057328 0.8948460378 0.9036863427 0.9125266477 0.9213293892 0.9300705681 0.9388117471 0.9475529261 0.9562941051 0.9650352841 0.9737764631 0.982517642 0.991258821 1 
0.3367087525 0.3502755123 0.3638422721 0.3774090319 0.3909985042 0.4046396672 0.4182808302 0.4319219931 0.4455631561 0.4592043191 0.4727308582 0.4841941674 0.4956574766 0.5071207858 0.518584095 0.5300562742 0.5415898038 0.5531233334 0.564656863 0.5761903926 0.5877239222 0.5992574518 0.6107909814 0.622324511 0.6327424762 0.6428629576 0.652983439 0.6631039204 0.6732244018 0.6833448832 0.6934653646 0.703585846 0.7137210401 0.7238740264 0.7340270126 0.7441799989 0.7543329852 0.7640665127 0.7734225273 0.7827785418 0.7921345564 0.801490571 0.8108465856 0.8202026001 0.8295586147 0.8389278387 0.8483535694 0.8577793002 0.867205031 0.8766307617 0.8859024331 0.894742738 0.903583043 0.912423348 0.921263653 0.9300705681 0.9388117471 0.9475529261 0.9562941051 0.9650352841 0.9737764631 0.982517642 0.991258821 1 
0.3366302567 0.3501970165 0.3637637763 0.3773305361 0.3908972959 0.4045030194 0.4181441824 0.4317853454 0.4454265083 0.4590676713 0.4725942104 0.4840575196 0.4955208288 0.506984138 0.5184474472 0.5299107564 0.541379979 0.5529135086 0.5644470382 0.5759805678 0.5875140974 0.599047627 0.6105811566 0.6221146862 0.6325326514 0.6426531328 0.6527736142 0.6628940956 0.673014577 0.6831350584 0.6932555398 0.7033921025 0.7135450888 0.7236980751 0.7338510613 0.7440040476 0.7541570339 0.7638905614 0.7732465759 0.7826025905 0.7919586051 0.8013146197 0.8106706342 0.8200266488 0.8293988082 0.838824539 0.8482502697 0.8576760005 0.8671017312 0.876527462 0.8857991333 0.8946394383 0.9034797433 0.9123200483 0.9211603533 0.9300006582 0.9388117471 0.9475529261 0.9562941051 0.9650352841 0.9737764631 0.982517642 0.991258821 1 
0.3365517609 0.3501185207 0.3636852805 0.3772520403 0.3908188 0.4043855598 0.4180075346 0.4316486976 0.4452898606 0.4589310236 0.4724575626 0.4839208719 0.4953841811 0.5068474903 0.5183107995 0.5297741087 0.5412374179 0.5527036837 0.5642372133 0.5757707429 0.5873042725 0.5988378021 0.6103713317 0.6219048613 0.6323228266 0.642443308 0.6525637894 0.6626842708 0.6728047522 0.6829252336 0.6930631649 0.7032161512 0.7133691375 0.7235221237 0.73367511 0.7438280963 0.7539810825 0.76371461 0.7730706246 0.7824266392 0.7917826538 0.8011386684 0.8104946829 0.8198697777 0.8292955085 0.8387212392 0.84814697 0.8575727008 0.8669984315 0.8764241623 0.8856958336 0.8945361386 0.9033764436 0.9122167486 0.9210570535 0.9298973585 0.9387376635 0.9475529261 0.9562941051 0.9650352841 0.9737764631 0.982517642 0.991258821 1 
0.3364732651 0.3500400249 0.3636067847 0.3771735445 0.3907403042 0.404307064 0.4178738238 0.4315120498 0.4451532128 0.4587943758 0.4723209149 0.4837842241 0.4952475333 0.5067108425 0.5181741517 0.5296374609 0.5411007701 0.5525640793 0.5640273885 0.5755609181 0.5870944477 0.5986279773 0.6101615069 0.6216950365 0.6321130018 0.6422334831 0.6523539645 0.6624744459 0.6725949273 0.6827342273 0.6928872136 0.7030401999 0.7131931862 0.7233461724 0.7334991587 0.743652145 0.7538051312 0.7635386587 0.7728946733 0.7822506879 0.7916067025 0.800962717 0.8103407472 0.819766478 0.8291922088 0.8386179395 0.8480436703 0.857469401 0.8668951318 0.8763208626 0.8855925339 0.8944328389 0.9032731439 0.9121134488 0.9209537538 0.9297940588 0.9386343638 0.9474746687 0.9562941051 0.9650352841 0.9737764631 0.982517642 0.991258821 1 
0.3363947693 0.3499615291 0.3635282889 0.3770950487 0.3906618084 0.4042285682 0.417795328 0.431375402 0.445016565 0.458657728 0.4721842671 0.4836475763 0.4951108855 0.5065741947 0.5180375039 0.5295008131 0.5409641223 0.5524274315 0.5638907407 0.5753540499 0.5868846229 0.5984181525 0.6099516821 0.6214852117 0.6319031769 0.6420236583 0.6521441397 0.6622646211 0.6724052898 0.682558276 0.6927112623 0.7028642486 0.7130172348 0.7231702211 0.7333232074 0.7434761936 0.7536291799 0.7633627074 0.772718722 0.7820747366 0.7914307511 0.8008117168 0.8102374475 0.8196631783 0.829088909 0.8385146398 0.8479403706 0.8573661013 0.8667918321 0.8762175628 0.8854892342 0.8943295392 0.9031698441 0.9120101491 0.9208504541 0.9296907591 0.938531064 0.947371369 0.956211674 0.9650352841 0.9737764631 0.982517642 0.991258821 1 
0.3363162735 0.3498830333 0.3634497931 0.3770165529 0.3905833126 0.4041500724 0.4177168322 0.431283592 0.4448799172 0.4585210802 0.4720476193 0.4835109285 0.4949742377 0.5064375469 0.5179008561 0.5293641654 0.5408274746 0.5522907838 0.563754093 0.5752174022 0.5866807114 0.5982083277 0.6097418573 0.6212753869 0.6316933521 0.6418138335 0.6519343149 0.6620763522 0.6722293384 0.6823823247 0.692535311 0.7026882972 0.7128412835 0.7229942698 0.7331472561 0.7433002423 0.7534532286 0.7631867561 0.7725427707 0.7818987852 0.7912826863 0.800708417 0.8101341478 0.8195598786 0.8289856093 0.8384113401 0.8478370708 0.8572628016 0.8666885324 0.8761142631 0.8853859345 0.8942262394 0.9030665444 0.9119068494 0.9207471544 0.9295874593 0.9384277643 0.9472680693 0.9561083743 0.9649486793 0.9737764631 0.982517642 0.991258821 1 
0.3362377777 0.3498045375 0.3633712973 0.3769380571 0.3905048168 0.4040715766 0.4176383364 0.4312050962 0.444771856 0.4583844325 0.4719109715 0.4833742808 0.49483759 0.5063008992 0.5177642084 0.5292275176 0.5406908268 0.552154136 0.5636174452 0.5750807544 0.5865440636 0.5980073728 0.6095320325 0.6210655621 0.6314835273 0.6416040087 0.6517474146 0.6619004008 0.6720533871 0.6822063734 0.6923593597 0.7025123459 0.7126653322 0.7228183185 0.7329713047 0.743124291 0.7532772773 0.7630108048 0.7723668193 0.7817536558 0.7911793866 0.8006051173 0.8100308481 0.8194565788 0.8288823096 0.8383080404 0.8477337711 0.8571595019 0.8665852326 0.8760109634 0.8852826347 0.8941229397 0.9029632447 0.9118035497 0.9206438546 0.9294841596 0.9383244646 0.9471647696 0.9560050746 0.9648453795 0.9736856845 0.982517642 0.991258821 1 
0.3361592819 0.3497260417 0.3632928015 0.3768595613 0.390426321 0.4039930808 0.4175598406 0.4311266004 0.4446933602 0.4582601199 0.4717743238 0.483237633 0.4947009422 0.5061642514 0.5176275606 0.5290908698 0.540554179 0.5520174882 0.5634807974 0.5749441066 0.5864074158 0.597870725 0.6093340342 0.6208557372 0.6312737025 0.641418477 0.6515714633 0.6617244495 0.6718774358 0.6820304221 0.6921834083 0.7023363946 0.7124893809 0.7226423671 0.7327953534 0.7429483397 0.753101326 0.7628348534 0.7722246253 0.7816503561 0.7910760868 0.8005018176 0.8099275484 0.8193532791 0.8287790099 0.8382047406 0.8476304714 0.8570562022 0.8664819329 0.8759076637 0.885179335 0.89401964 0.902859945 0.91170025 0.9205405549 0.9293808599 0.9382211649 0.9470614699 0.9559017748 0.9647420798 0.9735823848 0.9824226898 0.991258821 1 
0.3360807861 0.3496475459 0.3632143057 0.3767810655 0.3903478252 0.403914585 0.4174813448 0.4310481046 0.4446148644 0.4581816241 0.471637676 0.4831009852 0.4945642944 0.5060276036 0.5174909128 0.528954222 0.5404175312 0.5518808404 0.5633441496 0.5748074589 0.5862707681 0.5977340773 0.6091973865 0.6206606957 0.6310895394 0.6412425257 0.6513955119 0.6615484982 0.6717014845 0.6818544707 0.692007457 0.7021604433 0.7123134296 0.7224664158 0.7326194021 0.7427723884 0.7529253746 0.7626955948 0.7721213256 0.7815470564 0.7909727871 0.8003985179 0.8098242486 0.8192499794 0.8286757102 0.8381014409 0.8475271717 0.8569529024 0.8663786332 0.875804364 0.8850760353 0.8939163403 0.9027566453 0.9115969502 0.9204372552 0.9292775602 0.9381178652 0.9469581701 0.9557984751 0.9646387801 0.9734790851 0.98231939 0.991159695 1 
