0.9729695128 0.9652239372 0.9574783616 0.949732786 0.9419872105 0.9342416349 0.9264960593 0.9187504837 0.9110049082 0.9032593326 0.8948075723 0.8736444862 0.8524814002 0.8313183141 0.8101552281 0.788992142 0.767829056 0.7466659699 0.7255028839 0.7043397978 0.6831767118 0.6620136257 0.6408505397 0.6196874536 0.6065974111 0.5956601802 0.5847229493 0.5737857184 0.5628484875 0.5519112566 0.5409740257 0.5300367948 0.5190995639 0.508162333 0.4972251021 0.4862878711 0.4753506402 0.4570650032 0.4321658008 0.4072665983 0.3823673958 0.3574681933 0.3325689909 0.3076697884 0.2827705859 0.2578713835 0.232972181 0.2080729785 0.183173776 0.1582745736 0.1371514477 0.1266013363 0.116051225 0.1055011136 0.09495100224 0.08440089088 0.07385077952 0.06330066816 0.0527505568 0.04220044544 0.03165033408 0.02110022272 0.01055011136 0 
5.501248458 5.493502882 5.485757307 5.478011731 5.470266155 5.46252058 5.454775004 5.447029429 5.439283853 4.966827247 4.512252896 4.49108981 4.469926724 4.448763638 4.427600552 4.406437466 4.38527438 4.364111294 4.342948208 4.321785122 4.300622036 4.064668926 3.460504347 2.856339768 2.40128374 1.985989993 1.655823933 1.644886702 1.633949471 1.62301224 1.612075009 1.601137778 1.590200547 1.579263317 1.568326086 1.557388855 1.546451624 1.528165987 1.503266784 1.478367582 1.453468379 1.428569177 1.403669974 1.378770772 1.353871569 1.328972367 1.304073165 1.279173962 1.018562786 0.7137556145 0.4507484846 0.3047814709 0.1588144573 0.1055011136 0.09495100224 0.08440089088 0.07385077952 0.06330066816 0.0527505568 0.04220044544 0.03165033408 0.02110022272 0.01055011136 0 
10.0295274 10.02178183 10.01403625 10.00629068 9.9985451 9.990799525 9.983053949 9.541578078 9.062925324 8.584272571 8.129698221 8.108535135 8.087372049 8.066208963 8.045045876 8.02388279 8.002719704 7.981556618 7.960393532 7.386913242 6.782748663 6.178584084 5.574419505 4.970254925 4.515198898 4.09990515 3.684611403 3.269317655 2.854023908 2.694113224 2.683175993 2.672238762 2.661301531 2.6503643 2.639427069 2.628489838 2.617552607 2.59926697 2.574367768 2.549468565 2.524569363 2.49967016 2.474770958 2.449871756 2.424972553 2.282217364 1.977410192 1.672603021 1.36779585 1.062988678 0.7999815484 0.6540145348 0.5080475211 0.3620805074 0.2161134938 0.08440089088 0.07385077952 0.06330066816 0.0527505568 0.04220044544 0.03165033408 0.02110022272 0.01055011136 0 
14.55780635 14.55006077 14.5423152 14.53456962 14.52682405 14.11632891 13.63767616 13.1590234 12.68037065 12.20171789 11.74714354 11.72598046 11.70481737 11.68365429 11.6624912 11.64132811 11.31332214 10.70915756 10.10499298 9.5008284 8.896663821 8.292499242 7.688334662 7.084170083 6.629114055 6.213820308 5.798526561 5.383232813 4.967939066 4.552645318 4.137351571 3.743339745 3.732402515 3.721465284 3.710528053 3.699590822 3.688653591 3.670367954 3.645468751 3.620569549 3.595670347 3.570771144 3.545871942 3.24106477 2.936257599 2.631450428 2.326643256 2.021836085 1.717028913 1.412221742 1.149214612 1.003247599 0.8572805849 0.7113135713 0.5653465576 0.419379544 0.2734125303 0.1274455166 0.0527505568 0.04220044544 0.03165033408 0.02110022272 0.01055011136 0 
19.08608529 19.07833972 19.07059414 18.69107974 18.21242699 17.73377423 17.25512148 16.77646873 16.29781597 15.81916322 15.36458887 15.34342578 15.3222627 15.23973103 14.63556645 14.03140187 13.4272373 12.82307272 12.21890814 11.61474356 11.01057898 10.4064144 9.80224982 9.198085241 8.743029213 8.327735466 7.912441718 7.497147971 7.081854223 6.666560476 6.251266729 5.835972981 5.420679234 5.005385486 4.781629036 4.770691805 4.759754574 4.741468937 4.716569735 4.691670533 4.504719348 4.199912177 3.895105005 3.590297834 3.285490663 2.980683491 2.67587632 2.371069149 2.066261977 1.761454806 1.498447676 1.352480662 1.206513649 1.060546635 0.9145796215 0.7686126078 0.6226455941 0.4766785805 0.3307115668 0.1847445531 0.03877753947 0.02110022272 0.01055011136 0 
23.61436424 23.26583057 22.78717782 22.30852507 21.82987231 21.35121956 20.8725668 20.39391405 19.9152613 19.43660854 18.98203419 18.56197535 17.95781077 17.35364619 16.74948161 16.14531703 15.54115245 14.93698787 14.33282329 13.72865872 13.12449414 12.52032956 11.91616498 11.3120004 10.85694437 10.44165062 10.02635688 9.611063129 9.195769381 8.780475634 8.365181886 7.949888139 7.534594392 7.119300644 6.704006897 6.288713149 5.873419402 5.768373926 5.463566755 5.158759583 4.853952412 4.549145241 4.244338069 3.939530898 3.634723727 3.329916555 3.025109384 2.720302212 2.415495041 2.11068787 1.84768074 1.701713726 1.555746713 1.409779699 1.263812685 1.117845672 0.971878658 0.8259116443 0.6799446306 0.533977617 0.3880106033 0.2420435896 0.09607657597 0 
28.00602714 27.41034985 26.89351014 26.41485739 25.93620463 25.45755188 24.97889913 24.50024637 24.02159362 23.54294087 23.05768223 22.45351765 21.84935307 21.24518849 20.64102391 20.03685933 19.43269475 18.82853017 18.22436559 17.62020101 17.01603643 16.41187186 15.46906286 14.25789415 13.21467843 12.22852669 11.81323294 11.39793919 10.98264544 10.5673517 10.15205795 9.736764202 9.321470455 8.906176707 8.49088296 8.075589212 7.660295465 7.303152547 6.998345376 6.693538204 6.388731033 6.083923862 5.77911669 5.474309519 5.169502348 4.864695176 4.559888005 4.255080834 3.937245526 3.219880705 2.540486027 1.96740775 1.60563715 1.459670137 1.313703123 1.167736109 1.021769096 0.875802082 0.7298350683 0.5838680547 0.437901041 0.2919340273 0.1459670137 0 
32.3749207 31.77924341 31.18356612 30.60267088 30.12401812 29.64536537 29.16671261 28.68805986 28.20940711 27.73075435 27.24549571 26.64133114 26.03716656 25.43300198 24.8288374 24.22467282 23.62050824 23.01634366 22.41217908 21.8080145 20.82686841 19.61569969 18.40453097 17.19336226 16.15014653 15.15171828 14.15329003 13.15486177 12.71501499 12.29972124 11.8844275 11.46913375 11.05384 10.63854625 10.22325251 9.80795876 9.392665012 9.035522094 8.730714923 8.425907751 8.12110058 7.816293409 7.511486237 7.206679066 6.901871895 6.597064723 6.253173143 5.535808322 4.818443501 4.10107868 3.421684002 2.848605725 2.275527448 1.702449171 1.313703123 1.167736109 1.021769096 0.875802082 0.7298350683 0.5838680547 0.437901041 0.2919340273 0.1459670137 0 
36.74381426 36.14813697 35.55245968 34.95678239 34.3611051 33.83317886 33.3545261 32.87587335 32.3972206 31.91856784 31.4333092 30.82914462 30.22498004 29.62081547 29.01665089 28.41248631 27.80832173 27.20415715 26.18467395 24.97350523 23.76233652 22.5511678 21.33999908 20.12883036 19.08561464 18.08718639 17.08875813 16.09032988 15.09190163 14.09347337 13.61679704 13.2015033 12.78620955 12.3709158 11.95562205 11.54032831 11.12503456 10.76789164 10.46308447 10.1582773 9.853470127 9.548662956 9.243855785 8.939048613 8.56910076 7.851735939 7.134371118 6.417006297 5.699641476 4.982276655 4.302881977 3.7298037 3.156725423 2.583647146 2.010568869 1.437490591 1.021769096 0.875802082 0.7298350683 0.5838680547 0.437901041 0.2919340273 0.1459670137 0 
41.11270781 40.51703053 39.92135324 39.32567595 38.72999866 38.13432137 37.54233959 37.06368684 36.58503408 36.10638133 35.62112269 35.01695811 34.41279353 33.80862895 33.20446437 32.6002998 31.54247949 30.33131078 29.12014206 27.90897334 26.69780462 25.48663591 24.27546719 23.06429847 22.02108275 21.0226545 20.02422624 19.02579799 18.02736974 17.02894148 16.03051323 15.03208497 14.5185791 14.10328535 13.6879916 13.27269785 12.85740411 12.50026119 12.19545402 11.89064685 11.58583967 11.2810325 10.88502838 10.16766356 9.450298735 8.732933914 8.015569093 7.298204272 6.580839451 5.86347463 5.184079952 4.611001675 4.037923398 3.464845121 2.891766844 2.318688566 1.745610289 1.172532012 0.7298350683 0.5838680547 0.437901041 0.2919340273 0.1459670137 0 
45.48160137 44.88592408 44.29024679 43.69456951 43.09889222 42.50321493 41.90753764 41.31186035 40.77284757 40.29419482 39.80893618 39.2047716 38.60060702 37.99644244 36.90028504 35.68911632 34.4779476 33.26677888 32.05561017 30.84444145 29.63327273 28.42210402 27.2109353 25.99976658 24.95655086 23.95812261 22.95969435 21.9612661 20.96283784 19.96440959 18.96598134 17.96755308 16.96912483 15.97069657 15.42036115 15.0050674 14.58977365 14.23263074 13.92782356 13.62301639 13.20095599 12.48359117 11.76622635 11.04886153 10.33149671 9.614131889 8.896767068 8.179402247 7.462037426 6.744672605 6.065277927 5.49219965 4.919121373 4.346043096 3.772964819 3.199886542 2.626808264 2.053729987 1.48065171 0.9075734332 0.437901041 0.2919340273 0.1459670137 0 
49.85049493 49.25481764 48.65914035 48.06346306 47.46778578 46.87210849 46.2764312 45.68075391 45.08507662 44.48939933 43.99674967 43.39258509 42.25809058 41.04692186 39.83575314 38.62458443 37.41341571 36.20224699 34.99107828 33.77990956 32.56874084 31.35757213 30.14640341 28.93523469 27.89201897 26.89359072 25.89516246 24.89673421 23.89830595 22.8998777 21.90144945 20.90302119 19.90459294 18.90616468 17.90773643 16.90930817 16.3221432 15.96500028 15.51688361 14.79951879 14.08215397 13.36478915 12.64742433 11.93005951 11.21269469 10.49532986 9.777965043 9.060600222 8.343235401 7.62587058 6.946475902 6.373397625 5.800319348 5.227241071 4.654162794 4.081084517 3.508006239 2.934927962 2.361849685 1.788771408 1.215693131 0.6426148541 0.1459670137 0 
53.02061163 52.42493434 51.82925705 51.23357976 50.63790247 50.04222519 49.4465479 48.85087061 48.25519332 47.65951603 47.19769933 45.98653061 44.77536189 43.56419318 42.35302446 41.14185574 39.93068703 38.71951831 37.50834959 36.29718088 35.08601216 33.87484344 32.66367473 31.40980714 30.08275285 29.0843246 28.08589634 27.08746809 26.08903983 25.09061158 24.09218332 23.09375507 22.09532682 21.09689856 20.09847031 19.10004205 18.1016138 17.25111366 16.53374884 15.81638402 15.0990192 14.38165438 13.66428956 12.94692474 12.22955992 11.5121951 10.79483027 10.07746545 9.360100632 8.642735811 7.551619061 6.876939325 6.303861048 5.730782771 5.157704494 4.584626217 4.011547939 3.438469662 2.865391385 2.292313108 1.719234831 1.146156554 0.5730782771 0 
54.59235918 53.99668189 53.4010046 52.80532731 52.20965003 51.61397274 51.01829545 50.42261816 49.82694087 49.31043257 49.15737491 47.9462062 46.73503748 45.52386876 44.31270005 43.10153133 41.89036261 40.6791939 39.46802518 38.25685646 37.04568775 35.83451903 34.57482887 33.17927868 31.65970756 30.2820795 29.28365125 28.28522299 27.28679474 26.28836649 25.28993823 24.29150998 23.29308172 22.29465347 21.29622521 20.29779696 19.2993687 18.44886857 17.73150375 17.01413893 16.29677411 15.57940929 14.86204446 14.14467964 13.42731482 12.70995 11.99258518 11.27522036 10.55785554 9.403310446 8.137321587 6.996470453 6.303861048 5.730782771 5.157704494 4.584626217 4.011547939 3.438469662 2.865391385 2.292313108 1.719234831 1.146156554 0.5730782771 0 
56.16410673 55.56842944 54.97275216 54.37707487 53.78139758 53.18572029 52.590043 51.99436571 51.39868842 51.27010815 51.1170505 49.90588179 48.69471307 47.48354435 46.27237563 45.06120692 43.8500382 42.63886948 41.42770077 40.21653205 39.00536333 37.7398506 36.34430041 34.94875021 33.4291791 31.87653575 30.48140616 29.4829779 28.48454965 27.48612139 26.48769314 25.48926488 24.49083663 23.49240837 22.49398012 21.49555186 20.49712361 19.64662348 18.92925866 18.21189383 17.49452901 16.77716419 16.05979937 15.34243455 14.62506973 13.90770491 13.19034009 12.47297527 11.29969388 9.989012972 8.723024113 7.582172979 6.441321845 5.730782771 5.157704494 4.584626217 4.011547939 3.438469662 2.865391385 2.292313108 1.719234831 1.146156554 0.5730782771 0 
57.73585428 57.140177 56.54449971 55.94882242 55.35314513 54.75746784 54.16179055 53.56611326 53.32405745 53.22978374 53.07672609 51.86555737 50.65438866 49.44321994 48.23205122 47.02088251 45.80971379 44.59854507 43.38737636 42.17620764 40.90487233 39.50932214 38.11377194 36.71822175 35.19865064 33.64600728 32.09336393 30.68073281 29.68230455 28.6838763 27.68544804 26.68701979 25.68859153 24.69016328 23.69173502 22.69330677 21.69487851 20.84437838 20.12701356 19.40964874 18.69228392 17.9749191 17.25755428 16.54018946 15.82282463 15.10545981 14.38809499 13.19607731 11.8853964 10.5747155 9.308726639 8.167875505 7.027024371 5.886173237 5.157704494 4.584626217 4.011547939 3.438469662 2.865391385 2.292313108 1.719234831 1.146156554 0.5730782771 0 
59.30760184 58.71192455 58.11624726 57.52056997 56.92489268 56.32921539 55.7335381 55.37800674 55.28373303 55.18945933 55.03640168 53.82523296 52.61406424 51.40289553 50.19172681 48.98055809 47.76938938 46.55822066 45.34705194 44.06989407 42.67434387 41.27879367 39.88324348 38.48769328 36.96812217 35.41547882 33.86283546 32.31019211 30.88005946 29.8816312 28.88320295 27.88477469 26.88634644 25.88791818 24.88948993 23.89106168 22.89263342 22.04213329 21.32476847 20.60740365 19.89003883 19.172674 18.45530918 17.73794436 17.02057954 16.30321472 15.09246074 13.78177983 12.47109893 11.16041802 9.894429165 8.753578031 7.612726897 6.471875763 5.331024629 4.584626217 4.011547939 3.438469662 2.865391385 2.292313108 1.719234831 1.146156554 0.5730782771 0 
60.87934939 60.2836721 59.68799481 59.09231752 58.49664023 57.90096294 57.43195603 57.33768233 57.24340862 57.14913492 56.99607727 55.78490855 54.57373983 53.36257112 52.1514024 50.94023368 49.72906496 48.51789625 47.2349158 45.8393656 44.44381541 43.04826521 41.65271501 40.25716482 38.73759371 37.18495035 35.632307 34.07966364 32.52702029 31.07938611 30.08095785 29.0825296 28.08410135 27.08567309 26.08724484 25.08881658 24.09038833 23.23988819 22.52252337 21.80515855 21.08779373 20.37042891 19.65306409 18.93569927 18.21833445 16.98884417 15.67816326 14.36748236 13.05680145 11.74612055 10.48013169 9.339280557 8.198429423 7.057578289 5.916727155 4.775876021 4.011547939 3.438469662 2.865391385 2.292313108 1.719234831 1.146156554 0.5730782771 0 
62.45109694 61.85541965 61.25974236 60.66406507 60.06838778 59.48590532 59.39163162 59.29735791 59.20308421 59.10881051 58.95575285 57.74458414 56.53341542 55.3222467 54.11107799 52.89990927 51.68874055 50.39993753 49.00438733 47.60883714 46.21328694 44.81773675 43.42218655 42.02663635 40.50706524 38.95442189 37.40177853 35.84913518 34.29649182 32.74384847 31.27871276 30.28028451 29.28185625 28.283428 27.28499974 26.28657149 25.28814323 24.4376431 23.72027828 23.00291346 22.28554864 21.56818382 20.850819 20.13345417 18.88522759 17.57454669 16.26386579 14.95318488 13.64250398 12.33182308 11.06583422 9.924983084 8.784131949 7.643280815 6.502429681 5.361578547 4.220727413 3.438469662 2.865391385 2.292313108 1.719234831 1.146156554 0.5730782771 0 
64.02284449 63.4271672 62.83148991 62.23581262 61.64013533 61.44558091 61.35130721 61.2570335 61.1627598 61.06848609 60.91542844 59.70425972 58.49309101 57.28192229 56.07075357 54.85958486 53.56495926 52.16940906 50.77385887 49.37830867 47.98275848 46.58720828 45.19165808 43.79610789 42.27653678 40.72389342 39.17125007 37.61860671 36.06596336 34.51332 32.96067665 31.47803941 30.47961116 29.4811829 28.48275465 27.48432639 26.48589814 25.63539801 24.91803319 24.20066836 23.48330354 22.76593872 22.0485739 20.78161102 19.47093012 18.16024922 16.84956831 15.53888741 14.22820651 12.9175256 11.65153674 10.51068561 9.369834476 8.228983342 7.088132207 5.947281073 4.806429939 3.665578805 2.865391385 2.292313108 1.719234831 1.146156554 0.5730782771 0 
65.59459204 64.99891475 64.40323746 63.80756017 63.4995302 63.4052565 63.31098279 63.21670909 63.12243539 63.02816168 62.87510403 61.66393531 60.4527666 59.24159788 58.03042916 56.72998099 55.3344308 53.9388806 52.5433304 51.14778021 49.75223001 48.35667982 46.96112962 45.56557942 44.04600831 42.49336496 40.9407216 39.38807825 37.83543489 36.28279154 34.73014818 33.17750483 31.67736606 30.67893781 29.68050955 28.6820813 27.68365304 26.83315291 26.11578809 25.39842327 24.68105845 23.96369363 22.67799445 21.36731355 20.05663265 18.74595174 17.43527084 16.12458994 14.81390903 13.50322813 12.23723927 11.09638814 9.955537002 8.814685868 7.673834734 6.5329836 5.392132465 4.251281331 3.110430197 2.292313108 1.719234831 1.146156554 0.5730782771 0 
67.16633959 66.5706623 65.97498501 65.5534795 65.45920579 65.36493209 65.27065838 65.17638468 65.08211097 64.98783727 64.83477962 63.6236109 62.41244218 61.20127347 59.89500272 58.49945253 57.10390233 55.70835214 54.31280194 52.91725174 51.52170155 50.12615135 48.73060116 47.33505096 45.81547985 44.26283649 42.71019314 41.15754978 39.60490643 38.05226308 36.49961972 34.94697637 33.39433301 31.87669271 30.87826446 29.87983621 28.88140795 28.03090782 27.313543 26.59617818 25.87881336 24.57437788 23.26369698 21.95301608 20.64233517 19.33165427 18.02097337 16.71029246 15.39961156 14.08893066 12.8229418 11.68209066 10.54123953 9.400388394 8.25953726 7.118686126 5.977834992 4.836983858 3.696132723 2.555281589 1.719234831 1.146156554 0.5730782771 0 
68.73808714 68.14240985 67.60742879 67.51315508 67.41888138 67.32460768 67.23033397 67.13606027 67.04178656 66.94751286 66.7944552 65.58328649 64.37211777 63.06002445 61.66447426 60.26892406 58.87337387 57.47782367 56.08227348 54.68672328 53.29117308 51.89562289 50.50007269 49.1045225 47.58495139 46.03230803 44.47966468 42.92702132 41.37437797 39.82173461 38.26909126 36.7164479 35.16380455 33.61116119 32.07601937 31.07759111 30.07916286 29.22866273 28.5112979 27.78144222 26.47076131 25.16008041 23.84939951 22.5387186 21.2280377 19.9173568 18.60667589 17.29599499 15.98531409 14.67463318 13.40864432 12.26779319 11.12694205 9.98609092 8.845239786 7.704388652 6.563537518 5.422686384 4.28183525 3.140984116 2.000132982 1.146156554 0.5730782771 0 
70.30983469 69.71415741 69.56710438 69.47283067 69.37855697 69.28428326 69.19000956 69.09573585 69.00146215 68.90718844 68.75413079 67.54296208 66.22504619 64.82949599 63.43394579 62.0383956 60.6428454 59.24729521 57.85174501 56.45619482 55.06064462 53.66509442 52.26954423 50.87399403 49.35442292 47.80177957 46.24913621 44.69649286 43.1438495 41.59120615 40.03856279 38.48591944 36.93327608 35.38063273 33.82798937 32.27534602 31.27691776 30.42641763 29.67782565 28.36714474 27.05646384 25.74578294 24.43510203 23.12442113 21.81374023 20.50305932 19.19237842 17.88169751 16.57101661 15.26033571 13.99434685 12.85349571 11.71264458 10.57179345 9.430942312 8.290091178 7.149240044 6.00838891 4.867537776 3.726686642 2.585835508 1.444984374 0.5730782771 0 
71.88158225 71.62105367 71.52677996 71.43250626 71.33823256 71.24395885 71.14968515 71.05541144 70.96113774 70.86686403 70.71380638 69.39006792 67.99451772 66.59896753 65.20341733 63.80786713 62.41231694 61.01676674 59.62121655 58.22566635 56.83011615 55.43456596 54.03901576 52.64346557 51.12389446 49.5712511 48.01860775 46.46596439 44.91332104 43.36067768 41.80803433 40.25539097 38.70274762 37.15010426 35.59746091 34.04481755 32.4921742 31.57420908 30.26352817 28.95284727 27.64216637 26.33148546 25.02080456 23.71012366 22.39944275 21.08876185 19.77808094 18.46740004 17.15671914 15.84603823 14.58004937 13.43919824 12.29834711 11.15749597 10.01664484 8.875793704 7.73494257 6.594091436 5.453240302 4.312389168 3.171538034 2.0306869 0.8898357657 0 
73.44834369 73.48285955 73.38858585 73.29431214 73.20003844 73.10576473 73.01149103 72.91721733 72.82294362 72.72866992 72.56590798 71.17035778 69.77480758 68.37925739 66.98370719 65.588157 64.1926068 62.7970566 61.40150641 60.00595621 58.61040602 57.21485582 55.81930562 54.98364897 53.58579385 52.03315049 50.48050714 48.92786378 47.37522043 45.82257707 44.26993372 42.71729036 41.16464701 39.61200365 38.0593603 36.50671694 34.5484557 32.59838464 30.97479414 29.66411324 28.35343234 27.04275143 25.73207053 24.42138963 23.11070872 21.80002782 20.48934692 19.17866601 17.86798511 16.5573042 15.18858084 13.69021361 12.54936247 11.40851134 10.26766021 9.126809073 7.985957939 6.845106805 5.70425567 4.563404536 3.422553402 2.281702268 1.140851134 0 
75.01136555 75.06274672 75.11412788 75.08271575 74.98844205 74.89416834 74.79989464 74.70562093 74.61134723 74.51707352 74.35431158 72.95876139 71.56321119 70.16766099 68.7721108 67.3765606 65.98101041 64.58546021 63.18991001 61.79435982 60.41706702 59.59966777 58.78226851 57.96486925 56.56701413 55.01437077 53.46172742 51.90908407 50.35644071 48.80379736 47.251154 45.69851065 44.14586729 42.59322394 40.5986387 38.4708655 36.3430923 34.39302124 32.6028821 30.81274296 29.15887089 27.84818999 26.53750908 25.22682818 23.91614728 22.60546637 21.29478547 19.98410457 18.67342366 17.36274276 15.99401939 14.46277712 12.93153485 11.40851134 10.26766021 9.126809073 7.985957939 6.845106805 5.70425567 4.563404536 3.422553402 2.281702268 1.140851134 0 
76.57438741 76.62576858 76.67714974 76.72853091 76.77684565 76.68257195 76.58829824 76.49402454 76.39975083 76.30547713 76.14271519 74.74716499 73.3516148 71.9560646 70.5605144 69.16496421 67.76941401 66.37386382 65.03308582 64.21568656 63.3982873 62.58088805 61.76348879 60.94608954 59.54823441 57.99559106 56.4429477 54.89030435 53.33766099 51.78501764 50.23237428 48.67973093 46.6488217 44.5210485 42.39327531 40.26550211 38.13772891 36.18765785 34.3975187 32.60737956 30.81724042 29.02710128 27.34294764 26.03226674 24.72158583 23.41090493 22.10022402 20.78954312 19.47886222 18.16818131 16.79945794 15.26821567 13.7369734 12.20573113 10.67448886 9.143246594 7.985957939 6.845106805 5.70425567 4.563404536 3.422553402 2.281702268 1.140851134 0 
78.13740928 78.18879044 78.2401716 78.29155277 78.34293393 78.3943151 78.37670185 78.28242814 78.18815444 78.09388074 77.93111879 76.5355686 75.1400184 73.74446821 72.34891801 70.95336782 69.64910461 68.83170535 68.0143061 67.19690684 66.37950759 65.56210833 64.74470907 63.92730982 62.52945469 60.97681134 59.42416798 57.87152463 56.31888127 54.76623792 52.69900471 50.57123151 48.44345831 46.31568511 44.18791191 42.06013871 39.93236551 37.98229445 36.19215531 34.40201617 32.61187702 30.82173788 29.03159874 27.2414596 25.52702439 24.21634348 22.90566258 21.59498167 20.28430077 18.97361987 17.6048965 16.07365423 14.54241196 13.01116969 11.47992742 9.948685148 8.417442878 6.886200608 5.70425567 4.563404536 3.422553402 2.281702268 1.140851134 0 
79.70043114 79.7518123 79.80319347 79.85457463 79.90595579 79.95733696 80.00871812 80.06009929 79.97655805 79.88228434 79.7195224 78.32397221 76.92842201 75.53287181 74.2651234 73.44772415 72.63032489 71.81292564 70.99552638 70.17812712 69.36072787 68.54332861 67.72592936 66.9085301 65.51067498 63.95803162 62.40538827 60.85274491 58.74918771 56.62141451 54.49364131 52.36586811 50.23809491 48.11032171 45.98254852 43.85477532 41.72700212 39.77693106 37.98679191 36.19665277 34.40651363 32.61637449 30.82623534 29.0360962 27.24595706 25.45581792 23.71110113 22.40042023 21.08973933 19.77905842 18.41033505 16.87909278 15.34785051 13.81660824 12.28536597 10.7541237 9.222881433 7.691639163 6.160396892 4.629154622 3.422553402 2.281702268 1.140851134 0 
81.263453 81.31483416 81.36621533 81.41759649 81.46897766 81.52035882 81.57173999 81.62312115 81.67450231 81.67068795 81.50792601 80.11237581 78.8811422 78.06374294 77.24634369 76.42894443 75.61154517 74.79414592 73.97674666 73.15934741 72.34194815 71.52454889 70.70714964 69.88975038 68.49189526 66.92714391 64.79937071 62.67159751 60.54382431 58.41605111 56.28827791 54.16050472 52.03273152 49.90495832 47.77718512 45.64941192 43.52163872 41.57156766 39.78142852 37.99128938 36.20115023 34.41101109 32.62087195 30.83073281 29.04059366 27.25045452 25.46031538 23.67017624 21.89517788 20.58449698 19.21577361 17.68453134 16.15328907 14.6220468 13.09080453 11.55956226 10.02831999 8.497077717 6.965835447 5.434593177 3.903350907 2.372108637 1.140851134 0 
82.54817676 82.57303769 82.62441885 82.67580002 82.72718118 82.77856235 82.82994351 82.88132467 82.93270584 82.984087 82.98974288 82.17234363 81.35494437 80.53754511 79.72014586 78.9027466 78.08534735 77.26794809 76.45054883 75.63314958 74.81575032 73.99835107 73.18095181 72.39972463 70.63824983 68.51047664 66.38270344 64.25493024 62.12715704 59.99938384 57.87161064 55.74383744 53.61606425 51.48829105 49.36051785 47.23274465 45.10497145 43.16088336 41.37074422 39.58060508 37.79046593 36.00032679 34.21018765 32.42004851 30.62990936 28.83977022 27.04963108 25.25949194 23.46935279 21.67921365 19.91161977 18.37490724 16.84366497 15.3124227 13.78118043 12.24993816 10.71869589 9.18745362 7.65621135 6.12496908 4.59372681 3.06248454 1.53124227 0 
82.16311193 82.09452059 82.05371236 82.10509352 82.15647468 82.20785585 82.25923701 82.31061818 82.36199934 82.41338051 82.41903638 81.60163713 80.78423787 79.96683862 79.14943936 78.3320401 77.51464085 76.69724159 75.87984234 75.06244308 74.24504382 73.49094571 73.10308991 72.7152341 70.9537593 68.82598611 66.69821291 64.57043971 62.44266651 60.31489331 58.18712011 56.05934692 53.93157372 51.80380052 49.67602732 47.6427516 45.62185055 43.67683852 41.8001266 39.93799535 38.14785621 36.35771707 34.56757792 32.77743878 30.98729964 29.1971605 27.40702135 25.61688221 23.82674307 22.03660393 20.26901005 18.5645429 16.86007575 15.3124227 13.78118043 12.24993816 10.71869589 9.18745362 7.65621135 6.12496908 4.59372681 3.06248454 1.53124227 0 
81.77804709 81.70945575 81.64086441 81.57227308 81.58576819 81.63714935 81.68853052 81.73991168 81.79129284 81.84267401 81.84832989 81.03093063 80.21353138 79.39613212 78.57873286 77.76133361 76.94393435 76.1265351 75.30913584 74.58216678 74.19431098 73.80645518 73.41859938 73.03074357 71.26926878 69.14149558 67.01372238 64.88594918 62.75817598 60.63040278 58.50262958 56.37485639 54.24708319 52.22055729 50.19965624 48.17875519 46.15785414 44.21284211 42.33613019 40.45941826 38.58270634 36.71510734 34.9249682 33.13482906 31.34468992 29.55455077 27.76441163 25.97427249 24.18413335 22.3939942 20.62640032 18.92193317 17.21746603 15.51299888 13.80853173 12.24993816 10.71869589 9.18745362 7.65621135 6.12496908 4.59372681 3.06248454 1.53124227 0 
81.39298225 81.32439091 81.25579958 81.18720824 81.1186169 81.06644285 81.11782402 81.16920518 81.22058635 81.27196751 81.27762339 80.46022413 79.64282488 78.82542562 78.00802637 77.19062711 76.37322785 75.67338786 75.28553206 74.89767625 74.50982045 74.12196465 73.73410885 73.34625305 71.58477825 69.45700505 67.32923185 65.20145865 63.07368545 60.94591225 58.81926402 56.79836298 54.77746193 52.75656088 50.73565983 48.71475878 46.69385773 44.7488457 42.87213377 40.99542185 39.11870993 37.24199801 35.36528609 33.49221933 31.70208019 29.91194105 28.12180191 26.33166277 24.54152362 22.75138448 20.9837906 19.27932345 17.5748563 15.87038915 14.165922 12.46145485 10.75698771 9.18745362 7.65621135 6.12496908 4.59372681 3.06248454 1.53124227 0 
81.00791741 80.93932608 80.87073474 80.8021434 80.73355207 80.66496073 80.59636939 80.59849869 80.64987985 80.70126101 80.70691689 79.88951764 79.07211838 78.25471912 77.43731987 76.76460893 76.37675313 75.98889733 75.60104153 75.21318572 74.82532992 74.43747412 74.04961832 73.66176252 71.90028772 69.77251452 67.64474132 65.51696812 63.39706971 61.37616866 59.35526761 57.33436657 55.31346552 53.29256447 51.27166342 49.25076237 47.22986132 45.28484929 43.40813736 41.53142544 39.65471352 37.7780016 35.90128968 34.02457775 32.14786583 30.27115391 28.47919218 26.68905304 24.8989139 23.10877476 21.34118088 19.63671373 17.93224658 16.22777943 14.52331228 12.81884513 11.11437798 9.409910833 7.705443684 6.12496908 4.59372681 3.06248454 1.53124227 0 
80.62285258 80.55426124 80.4856699 80.41707857 80.34848723 80.27989589 80.21130455 80.14271322 80.07917335 80.13055452 80.1362104 79.31881114 78.50141188 77.85583001 77.46797421 77.0801184 76.6922626 76.3044068 75.916551 75.5286952 75.14083939 74.75298359 74.36512779 73.97727199 72.21579719 70.08802399 67.9748754 65.95397435 63.9330733 61.91217225 59.8912712 57.87037016 55.84946911 53.82856806 51.80766701 49.78676596 47.76586491 45.82085288 43.94414095 42.06742903 40.19071711 38.31400519 36.43729327 34.56058134 32.68386942 30.8071575 28.93044558 27.05373366 25.25630418 23.46616503 21.69857115 19.994104 18.28963685 16.58516971 14.88070256 13.17623541 11.47176826 9.76730111 8.062833961 6.358366812 4.653899663 3.06248454 1.53124227 0 
80.23778774 80.1691964 80.10060507 80.03201373 79.96342239 79.89483105 79.82623972 79.75764838 79.68905704 79.6204657 79.5655039 78.94705108 78.55919528 78.17133948 77.78348368 77.39562788 77.00777207 76.61991627 76.23206047 75.84420467 75.45634886 75.06849306 74.68063726 74.29278146 72.55268109 70.53178004 68.51087899 66.48997794 64.46907689 62.44817584 60.42727479 58.40637375 56.3854727 54.36457165 52.3436706 50.32276955 48.3018685 46.35685647 44.48014454 42.60343262 40.7267207 38.85000878 36.97329686 35.09658493 33.21987301 31.34316109 29.46644917 27.58973725 25.71302532 23.8363134 22.05596143 20.35149428 18.64702713 16.94255998 15.23809283 13.53362568 11.82915853 10.12469139 8.420224237 6.715757088 5.011289939 3.30682279 1.602355641 0 
80.1386373 80.09756008 80.02896874 79.9603774 79.89178607 79.82319473 79.75460339 79.68601205 79.61742072 79.54882938 79.46343465 79.07557885 78.68772305 78.29986724 77.91201144 77.52415564 77.13629984 76.74844403 76.36058823 75.97273243 75.58487663 75.19702082 74.80916502 74.39619148 72.70904233 70.68814128 68.66724024 66.64633919 64.62543814 62.60453709 60.58363604 58.56273499 56.54183394 54.52093289 52.50003184 50.4791308 48.4524734 46.49336568 44.61516005 42.73844813 40.86173621 38.98502428 37.10831236 35.23160044 33.35488852 31.4781766 29.60146467 27.72475275 25.84804083 23.97132891 22.14641898 20.45360579 18.74913864 17.04467149 15.34020434 13.63573719 11.93127004 10.22680289 8.522335744 6.817868596 5.113401447 3.408934298 1.704467149 0 
80.15385261 80.13504873 80.08270382 80.01411248 79.94552115 79.87692981 79.80833847 79.73974714 79.6711558 79.60256446 79.51716973 79.12931393 78.74145813 78.35360232 77.96574652 77.57789072 77.19003492 76.80217911 76.41432331 76.02646751 75.63861171 75.25075591 74.8362753 74.40069579 72.71354664 70.69264559 68.67174454 66.6508435 64.62994245 62.6090414 60.58814035 58.5672393 56.54633825 54.5254372 52.50453615 50.477188 48.43441284 46.47530512 44.59149808 42.7130684 40.83635648 38.95964456 37.08293263 35.20622071 33.32950879 31.45279687 29.57608495 27.69937302 25.8226611 23.94594918 22.12103925 20.4411749 18.74913864 17.04467149 15.34020434 13.63573719 11.93127004 10.22680289 8.522335744 6.817868596 5.113401447 3.408934298 1.704467149 0 
80.16906792 80.15026404 80.13146016 80.06784756 79.99925623 79.93066489 79.86207355 79.79348222 79.72489088 79.65629954 79.57090481 79.18304901 78.79519321 78.4073374 78.0194816 77.6316258 77.24377 76.85591419 76.46805839 76.08020259 75.69234679 75.27635912 74.84077961 74.4052001 72.71805095 70.6971499 68.67624885 66.6553478 64.63444676 62.61354571 60.59264466 58.57174361 56.55084256 54.52994151 52.5019026 50.45912744 48.41635228 46.45724456 44.57343752 42.68963049 40.81097675 38.93426483 37.05755291 35.18084098 33.30412906 31.42741714 29.55070522 27.6739933 25.79728137 23.92056945 22.09565952 20.41579517 18.73593082 17.04467149 15.34020434 13.63573719 11.93127004 10.22680289 8.522335744 6.817868596 5.113401447 3.408934298 1.704467149 0 
80.18428323 80.16547935 80.14667547 80.12158265 80.05299131 79.98439997 79.91580863 79.8472173 79.77862596 79.71003462 79.62463989 79.23678409 78.84892829 78.46107248 78.07321668 77.68536088 77.29750508 76.90964928 76.52179347 76.13393767 75.71644293 75.28086342 74.84528392 74.40970441 72.72255526 70.70165421 68.68075316 66.65985211 64.63895106 62.61805002 60.59714897 58.57624792 56.55534687 54.52661719 52.48384203 50.44106688 48.39829172 46.439184 44.55537696 42.67156993 40.7877629 38.9088851 37.03217318 35.15546126 33.27874933 31.40203741 29.52532549 27.64861357 25.77190165 23.89518972 22.07027979 20.39041544 18.71055109 17.03068674 15.34020434 13.63573719 11.93127004 10.22680289 8.522335744 6.817868596 5.113401447 3.408934298 1.704467149 0 
80.19949854 80.18069466 80.16189078 80.1430869 80.10672639 80.03813505 79.96954371 79.90095238 79.83236104 79.7637697 79.67837497 79.29051917 78.90266337 78.51480756 78.12695176 77.73909596 77.35124016 76.96338436 76.57552855 76.15652675 75.72094724 75.28536773 74.84978822 74.41420871 72.72705957 70.70615852 68.68525747 66.66435642 64.64345537 62.62255432 60.60165328 58.58075223 56.55133179 54.50855663 52.46578147 50.42300632 48.38023116 46.42112343 44.5373164 42.65350937 40.76970234 38.8858953 37.00679345 35.13008153 33.25336961 31.37665768 29.49994576 27.62323384 25.74652192 23.86981 22.04490007 20.36503572 18.68517136 17.00530701 15.32544266 13.63573719 11.93127004 10.22680289 8.522335744 6.817868596 5.113401447 3.408934298 1.704467149 0 
80.21471385 80.19590997 80.17710609 80.15830221 80.13949833 80.09187013 80.02327879 79.95468746 79.88609612 79.81750478 79.73211005 79.34425425 78.95639845 78.56854265 78.18068684 77.79283104 77.40497524 77.01711944 76.59661057 76.16103106 75.72545155 75.28987204 74.85429253 74.41871302 72.73156388 70.71066283 68.68976178 66.66886073 64.64795968 62.62705863 60.60615758 58.57604638 56.53327123 54.49049607 52.44772091 50.40494575 48.3621706 46.40306287 44.51925584 42.63544881 40.75164177 38.86783474 36.98402771 35.1047018 33.22798988 31.35127796 29.47456603 27.59785411 25.72114219 23.84443027 22.01952034 20.33965599 18.65979164 16.97992728 15.30006293 13.62019858 11.93127004 10.22680289 8.522335744 6.817868596 5.113401447 3.408934298 1.704467149 0 
80.22992917 80.21112528 80.1923214 80.17351752 80.15471364 80.13590976 80.07701387 80.00842254 79.9398312 79.87123986 79.78584513 79.39798933 79.01013353 78.62227773 78.23442192 77.84656612 77.45871032 77.03669439 76.60111488 76.16553537 75.72995586 75.29437635 74.85879684 74.42321733 72.73606819 70.71516714 68.69426609 66.67336504 64.65246399 62.63156294 60.60076098 58.55798582 56.51521067 54.47243551 52.42966035 50.38688519 48.34411004 46.38500231 44.50119528 42.61738825 40.73358121 38.84977418 36.96596715 35.08216012 33.20261015 31.32589823 29.44918631 27.57247438 25.69576246 23.81905054 21.99414061 20.31427626 18.63441191 16.95454756 15.27468321 13.59481885 11.9149545 10.22680289 8.522335744 6.817868596 5.113401447 3.408934298 1.704467149 0 
80.24514448 80.2263406 80.20753671 80.18873283 80.16992895 80.15112507 80.13074896 80.06215762 79.99356628 79.92497494 79.83958021 79.45172441 79.06386861 78.67601281 78.288157 77.9003012 77.47677821 77.0411987 76.60561919 76.17003968 75.73446017 75.29888066 74.86330115 74.42772164 72.7405725 70.71967145 68.6987704 66.67786935 64.6569683 62.62547558 60.58270042 58.53992526 56.4971501 54.45437495 52.41159979 50.36882463 48.32604947 46.36694175 44.48313472 42.59932769 40.71552065 38.83171362 36.94790659 35.06409955 33.18029252 31.3005185 29.42380658 27.54709466 25.67038273 23.79367081 21.96876088 20.28889653 18.60903218 16.92916783 15.24930348 13.56943913 11.88957477 10.20971042 8.522335744 6.817868596 5.113401447 3.408934298 1.704467149 0 
80.26035979 80.24155591 80.22275203 80.20394815 80.18514426 80.16634038 80.1475365 80.1158927 80.04730136 79.97871002 79.89331529 79.50545949 79.11760369 78.72974789 78.34189208 77.91686203 77.48128252 77.04570301 76.6101235 76.17454399 75.73896448 75.30338497 74.86780546 74.43222595 72.7450768 70.72417576 68.70327471 66.68237366 64.65019017 62.60741502 60.56463986 58.5218647 56.47908954 54.43631439 52.39353923 50.35076407 48.30798891 46.34888119 44.46507416 42.58126712 40.69746009 38.81365306 36.92984603 35.04603899 33.16223196 31.27842493 29.39842685 27.52171493 25.64500301 23.76829108 21.94338115 20.2635168 18.58365245 16.9037881 15.22392375 13.5440594 11.86419505 10.1843307 8.504466344 6.817868596 5.113401447 3.408934298 1.704467149 0 
80.2755751 80.25677122 80.23796734 80.21916346 80.20035958 80.1815557 80.16275181 80.14394793 80.10103644 80.0324451 79.94705037 79.55919457 79.17133877 78.78348297 78.35694584 77.92136633 77.48578683 77.05020732 76.61462781 76.1790483 75.74346879 75.30788928 74.87230977 74.43673026 72.74958111 70.72868006 68.70777902 66.67490477 64.63212961 62.58935446 60.5465793 58.50380414 56.46102898 54.41825382 52.37547867 50.33270351 48.28992835 46.33082063 44.4470136 42.56320656 40.67939953 38.7955925 36.91178546 35.02797843 33.1441714 31.26036437 29.37655733 27.4963352 25.61962328 23.74291136 21.91800143 20.23813707 18.55827272 16.87840837 15.19854402 13.51867967 11.83881532 10.15895097 8.479086616 6.799222265 5.113401447 3.408934298 1.704467149 0 
80.29079041 80.27198653 80.25318265 80.23437877 80.21557489 80.19677101 80.17796713 80.15916324 80.14035936 80.08618018 80.00078545 79.61292965 79.22507385 78.79702966 78.36145015 77.92587064 77.49029113 77.05471162 76.61913212 76.18355261 75.7479731 75.31239359 74.87681408 74.44123457 72.75408542 70.73318437 68.69961937 66.65684421 64.61406905 62.57129389 60.52851874 58.48574358 56.44296842 54.40019326 52.35741811 50.31464295 48.27186779 46.31276007 44.42895303 42.545146 40.66133897 38.77753194 36.8937249 35.00991787 33.12611084 31.24230381 29.35849677 27.47468974 25.59424355 23.71753163 21.8926217 20.21275735 18.532893 16.85302864 15.17316429 13.49329994 11.81343559 10.13357124 8.453706888 6.773842537 5.093978185 3.408934298 1.704467149 0 
80.30600572 80.28720184 80.26839796 80.24959408 80.2307902 80.21198632 80.19318244 80.17437856 80.15557468 80.13677079 80.05452053 79.66666473 79.23711348 78.80153397 78.36595446 77.93037495 77.49479544 77.05921593 76.62363642 76.18805691 75.75247741 75.3168979 74.88131839 74.44573888 72.75858973 70.72433396 68.68155881 66.63878365 64.59600849 62.55323333 60.51045818 58.46768302 56.42490786 54.3821327 52.33935755 50.29658239 48.25380723 46.29469951 44.41089247 42.52708544 40.64327841 38.75947138 36.87566434 34.99185731 33.10805028 31.22424324 29.34043621 27.45662918 25.57282215 23.6921519 21.86724197 20.18737762 18.50751327 16.82764892 15.14778456 13.46792021 11.78805586 10.10819151 8.42832716 6.748462808 5.068598457 3.388734106 1.704467149 0 
80.32122104 80.30241715 80.28361327 80.26480939 80.24600551 80.22720163 80.20839775 80.18959387 80.17078999 80.15198611 80.10825562 79.6771973 79.24161779 78.80603828 78.37045877 77.93487926 77.49929975 77.06372024 76.62814073 76.19256122 75.75698171 75.3214022 74.8858227 74.45024319 72.74904856 70.7062734 68.66349824 66.62072309 64.57794793 62.53517277 60.49239761 58.44962246 56.4068473 54.36407214 52.32129698 50.27852183 48.23574667 46.27663895 44.39283191 42.50902488 40.62521785 38.74141081 36.85760378 34.97379675 33.08998972 31.20618268 29.32237565 27.43856862 25.55476158 23.67095455 21.84186224 20.16199789 18.48213354 16.80226919 15.12240484 13.44254049 11.76267613 10.08281178 8.402947431 6.72308308 5.043218729 3.363354378 1.683490027 0 
80.16431495 80.19792713 80.17912325 80.16031937 80.14151549 80.12271161 80.10390773 80.08510385 80.06629997 80.04749609 80.00675664 79.57117714 79.13559763 78.70001812 78.26443861 77.8288591 77.39327959 76.95770008 76.52212057 76.08654106 75.65096155 75.21538204 74.77980253 74.28831747 72.57452847 70.53272527 68.48995011 66.44717496 64.4043998 62.36162464 60.31884948 58.27607433 56.23329917 54.19052401 52.14774885 50.1049737 48.06219854 46.16637836 44.32560685 42.44179982 40.55799279 38.67418575 36.79037872 34.90657169 33.02276465 31.13895762 29.25515059 27.37134356 25.48753652 23.60372949 21.77359158 20.09372723 18.41386288 16.73399853 15.05413418 13.37426983 11.69440548 10.01454113 8.334676774 6.654812423 4.974948072 3.295083721 1.615219369 0 
79.97872197 80.03895818 80.05468234 80.03587846 80.01707458 79.9982707 79.97946682 79.96066294 79.94185906 79.92305518 79.88231574 79.44673623 79.01115672 78.57557721 78.1399977 77.70441819 77.26883868 76.83325917 76.39767966 75.96210015 75.52652064 75.09094113 74.5968355 74.07827119 72.36448218 70.3319666 68.29048739 66.24771223 64.20493707 62.16216192 60.11938676 58.0766116 56.03383644 53.99106129 51.94828613 49.90551097 47.86273581 45.96691563 44.20335493 42.36638067 40.48257364 38.59876661 36.71495957 34.83115254 32.94734551 31.06353848 29.17973144 27.29592441 25.41211738 23.52831034 21.69817244 20.01830809 18.33844374 16.65857938 14.97871503 13.29885068 11.61898633 9.93912198 8.259257629 6.579393278 4.899528926 3.219664575 1.606753955 0 
79.79312899 79.8533652 79.91360141 79.91143755 79.89263367 79.87382979 79.85502591 79.83622203 79.81741815 79.79861427 79.75787483 79.32229532 78.88671581 78.4511363 78.01555679 77.57997728 77.14439777 76.70881826 76.27323875 75.83765924 75.40207973 74.90535353 74.38678921 73.8682249 72.1544359 70.12192032 68.08940473 66.04824951 64.00547435 61.96269919 59.91992403 57.87714888 55.83437372 53.79159856 51.7488234 49.70604825 47.66327309 45.7674529 44.0038922 42.24033149 40.40715449 38.52334746 36.63954043 34.7557334 32.87192636 30.98811933 29.1043123 27.22050526 25.33669823 23.4528912 21.62275329 19.94288894 18.26302459 16.58316024 14.90329589 13.22343154 11.54356719 9.863702834 8.183838483 6.503974132 4.824109781 3.21350791 1.606753955 0 
79.60753601 79.66777222 79.72800843 79.78699664 79.76819276 79.74938888 79.730585 79.71178112 79.69297724 79.67417336 79.63343392 79.19785441 78.7622749 78.32669539 77.89111588 77.45553637 77.01995686 76.58437735 76.14879784 75.71321833 75.21387155 74.69530724 74.17674293 73.65817862 71.94438962 69.91187403 67.87935845 65.84684286 63.80601162 61.76323647 59.72046131 57.67768615 55.63491099 53.59213583 51.54936068 49.50658552 47.46381036 45.56799018 43.80442947 42.04086877 40.27730806 38.44792832 36.56412128 34.68031425 32.79650722 30.91270018 29.02889315 27.14508612 25.26127909 23.37747205 21.54733415 19.8674698 18.18760545 16.50774109 14.82787674 13.14801239 11.46814804 9.788283689 8.108419338 6.428554987 4.820261865 3.21350791 1.606753955 0 
79.42194302 79.48217924 79.54241545 79.60265166 79.64375185 79.62494797 79.60614409 79.58734021 79.56853633 79.54973245 79.50899301 79.0734135 78.63783399 78.20225448 77.76667497 77.33109546 76.89551595 76.45993644 76.02435693 75.52238958 75.00382527 74.48526096 73.96669664 73.44813233 71.73434333 69.70182775 67.66931216 65.63679658 63.60428099 61.56377374 59.52099858 57.47822342 55.43544827 53.39267311 51.34989795 49.30712279 47.26434764 45.36852745 43.60496675 41.84140604 40.07784534 38.31428463 36.48870214 34.6048951 32.72108807 30.83728104 28.95347401 27.06966697 25.18585994 23.30205291 21.471915 19.79205065 18.1121863 16.43232195 14.7524576 13.07259325 11.39272889 9.712864544 8.033769775 6.42701582 4.820261865 3.21350791 1.606753955 0 
79.23635004 79.29658626 79.35682247 79.41705868 79.47729489 79.50050706 79.48170318 79.4628993 79.44409542 79.42529154 79.3845521 78.94897259 78.51339308 78.07781357 77.64223406 77.20665455 76.77107504 76.33549553 75.83090761 75.3123433 74.79377898 74.27521467 73.75665036 73.23808605 71.52429705 69.49178146 67.45926588 65.42675029 63.39423471 61.36171912 59.32153586 57.2787607 55.23598554 53.19321038 51.15043523 49.10766007 47.06488491 45.16906473 43.40550402 41.64194332 39.87838261 38.11482191 36.3512612 34.52947596 32.64566893 30.76186189 28.87805486 26.99424783 25.1104408 23.22663376 21.39649586 19.71663151 18.03676715 16.3569028 14.67703845 12.9971741 11.31730975 9.640523731 8.033769775 6.42701582 4.820261865 3.21350791 1.606753955 0 
79.05075706 79.11099327 79.17122949 79.2314657 79.29170191 79.35193812 79.35726227 79.33845839 79.31965451 79.30085063 79.26011119 78.82453168 78.38895217 77.95337266 77.51779315 77.08221364 76.64663413 76.13942563 75.62086132 75.10229701 74.5837327 74.06516839 73.54660408 73.02803976 71.31425076 69.28173518 67.24921959 65.21670401 63.18418842 61.15167284 59.11915725 57.07929797 55.03652282 52.99374766 50.9509725 48.90819734 46.86542219 44.969602 43.2060413 41.44248059 39.67891989 37.91535918 36.15179848 34.38823777 32.57024978 30.68644275 28.80263572 26.91882868 25.03502165 23.15121462 21.32107671 19.64121236 17.96134801 16.28148366 14.60161931 12.92175496 11.24727769 9.640523731 8.033769775 6.42701582 4.820261865 3.21350791 1.606753955 0 
78.86516408 78.92540029 78.9856365 79.04587272 79.10610893 79.16634514 79.22658136 79.21401748 79.1952136 79.17640972 79.13567028 78.70009077 78.26451126 77.82893175 77.39335224 76.95777273 76.44794366 75.92937935 75.41081504 74.89225073 74.37368641 73.8551221 73.33655779 72.81799348 71.10420448 69.07168889 67.03917331 65.00665772 62.97414214 60.94162655 58.90911097 56.87659538 54.83706009 52.79428493 50.75150978 48.70873462 46.66595946 44.77013928 43.00657857 41.24301787 39.47945716 37.71589646 35.95233575 34.18877505 32.42521434 30.6110236 28.72721657 26.84340954 24.9596025 23.07579547 21.24565757 19.56579321 17.88592886 16.20606451 14.52620016 12.85403164 11.24727769 9.640523731 8.033769775 6.42701582 4.820261865 3.21350791 1.606753955 0 
78.6795711 78.73980731 78.80004352 78.86027973 78.92051595 78.98075216 79.04098837 79.08957657 79.07077269 79.05196881 79.01122937 78.57564986 78.14007035 77.70449084 77.26891133 76.75646169 76.23789738 75.71933307 75.20076875 74.68220444 74.16364013 73.64507582 73.12651151 72.60794719 70.89415819 68.86164261 66.82912702 64.79661144 62.76409585 60.73158027 58.69906468 56.6665491 54.63403351 52.59482221 50.55204705 48.50927189 46.46649674 44.57067655 42.80711585 41.04355514 39.27999444 37.51643373 35.75287303 33.98931232 32.22575162 30.46219091 28.65179742 26.76799039 24.88418336 23.00037633 21.17023842 19.49037407 17.81050972 16.13064537 14.4607856 12.85403164 11.24727769 9.640523731 8.033769775 6.42701582 4.820261865 3.21350791 1.606753955 0 
78.49397811 78.55421433 78.61445054 78.67468675 78.73492297 78.79515918 78.85539539 78.9156316 78.94633178 78.9275279 78.88678846 78.45120895 78.01562944 77.58004993 77.06497972 76.54641541 76.02785109 75.50928678 74.99072247 74.47215816 73.95359385 73.43502953 72.91646522 72.39790091 70.68411191 68.65159632 66.61908074 64.58656515 62.55404957 60.52153398 58.4890184 56.45650281 54.42398723 52.39147164 50.35258433 48.30980917 46.26703401 44.37121383 42.60765312 40.84409242 39.08053171 37.31697101 35.5534103 33.7898496 32.02628889 30.26272818 28.49916748 26.69257125 24.80876421 22.92495718 21.09481927 19.41495492 17.73509057 16.06753955 14.4607856 12.85403164 11.24727769 9.640523731 8.033769775 6.42701582 4.820261865 3.21350791 1.606753955 0 
78.30838513 78.36862134 78.42885756 78.48909377 78.54932998 78.6095662 78.66980241 78.73003862 78.79027483 78.80308699 78.76234755 78.32676804 77.89118853 77.37349774 76.85493343 76.33636912 75.81780481 75.2992405 74.78067618 74.26211187 73.74354756 73.22498325 72.70641894 72.18785463 70.47406562 68.44155004 66.40903445 64.37651887 62.34400328 60.3114877 58.27897211 56.24645653 54.21394095 52.18142536 50.14890978 48.11034644 46.06757128 44.1717511 42.4081904 40.64462969 38.88106899 37.11750828 35.35394758 33.59038687 31.82682616 30.06326546 28.29970475 26.53614405 24.73334507 22.84953804 21.01940013 19.33953578 17.67429351 16.06753955 14.4607856 12.85403164 11.24727769 9.640523731 8.033769775 6.42701582 4.820261865 3.21350791 1.606753955 0 
78.12279215 78.18302836 78.24326458 78.30350079 78.363737 78.42397321 78.48420943 78.54444564 78.60468185 78.66491807 78.63790664 78.20058008 77.68201577 77.16345146 76.64488715 76.12632284 75.60775852 75.08919421 74.5706299 74.05206559 73.53350128 73.01493696 72.49637265 71.97780834 70.26401934 68.23150375 66.19898817 64.16647259 62.133957 60.10144142 58.06892583 56.03641025 54.00389466 51.97137908 49.93886349 47.90634791 45.86810856 43.97228838 42.20872767 40.44516697 38.68160626 36.91804556 35.15448485 33.39092414 31.62736344 29.86380273 28.10024203 26.33668132 24.57312062 22.77411889 20.94398098 19.28104746 17.67429351 16.06753955 14.4607856 12.85403164 11.24727769 9.640523731 8.033769775 6.42701582 4.820261865 3.21350791 1.606753955 0 
77.93719917 77.99743538 78.05767159 78.11790781 78.17814402 78.23838023 78.29861645 78.35885266 78.41908887 78.47932508 78.50909811 77.9905338 77.47196949 76.95340518 76.43484086 75.91627655 75.39771224 74.87914793 74.36058362 73.8420193 73.32345499 72.80489068 72.28632637 71.76776206 70.05397306 68.02145747 65.98894189 63.9564263 61.92391072 59.89139513 57.85887955 55.82636396 53.79384838 51.76133279 49.72881721 47.69630162 45.66378604 43.77282565 42.00926495 40.24570424 38.48214354 36.71858283 34.95502212 33.19146142 31.42790071 29.66434001 27.9007793 26.1372186 24.37365789 22.61009719 20.88780142 19.28104746 17.67429351 16.06753955 14.4607856 12.85403164 11.24727769 9.640523731 8.033769775 6.42701582 4.820261865 3.21350791 1.606753955 0 
