3.964134507 4.054466981 4.144799455 4.235131929 4.325464403 4.415796877 4.506129351 4.596461826 4.6867943 4.777126774 4.860338533 4.815377423 4.770416312 4.725455202 4.680494092 4.635532981 4.590571871 4.545610761 4.50064965 4.45568854 4.41072743 4.36576632 4.320805209 4.275844099 4.189683308 4.092535937 3.995388565 3.898241193 3.801093821 3.703946449 3.606799078 3.509651706 3.412504334 3.315356962 3.21820959 3.121062219 3.023914847 2.932845381 2.84724603 2.761646678 2.676047327 2.590447976 2.504848625 2.419249274 2.333649923 2.248050571 2.16245122 2.076851869 1.991252518 1.905653167 1.825862104 1.76233425 1.698806396 1.635278542 1.571750688 1.508222833 1.444694979 1.381167125 1.317639271 1.254111417 1.190583563 1.127055708 1.063527854 1 
3.195333664 3.285666138 3.375998612 3.466331086 3.55666356 3.646996034 3.737328509 3.825410955 3.8729929 3.920574845 3.963286103 3.918324992 3.873363882 3.828402772 3.783441661 3.738480551 3.693519441 3.64855833 3.60359722 3.55863611 3.559596641 3.572802944 3.586009246 3.599215549 3.588557902 3.571536535 3.554515168 3.537493802 3.457215063 3.360067691 3.262920319 3.165772947 3.068625575 2.971478204 2.874330832 2.77718346 2.680036088 2.588966622 2.503367271 2.41776792 2.332168569 2.246569217 2.160969866 2.075370515 1.989771164 1.904171813 1.833065721 1.802540754 1.772015786 1.741490819 1.710411226 1.677778677 1.645146128 1.61251358 1.571750688 1.508222833 1.444694979 1.381167125 1.317639271 1.254111417 1.190583563 1.127055708 1.063527854 1 
2.426532821 2.516865295 2.607197769 2.697530243 2.785612689 2.833194634 2.880776579 2.928358524 2.975940469 3.023522414 3.066233672 3.021272562 2.976311452 2.931350341 2.886389231 2.841428121 2.842388652 2.855594955 2.868801257 2.88200756 2.895213862 2.908420165 2.921626467 2.93483277 2.924175123 2.907153756 2.890132389 2.873111023 2.856089656 2.839068289 2.822046923 2.805025556 2.724746817 2.627599445 2.530452073 2.433304701 2.33615733 2.245087863 2.159488512 2.073889161 1.98828981 1.902690459 1.831584367 1.8010594 1.770534433 1.740009465 1.709484498 1.678959531 1.648434564 1.617909597 1.586830003 1.554197455 1.521564906 1.488932358 1.456299809 1.42366726 1.391034712 1.358402163 1.317639271 1.254111417 1.190583563 1.127055708 1.063527854 1 
1.657731978 1.745814424 1.793396369 1.840978314 1.888560259 1.936142204 1.983724149 2.031306094 2.078888039 2.126469984 2.169181242 2.124220132 2.125180663 2.138386965 2.151593268 2.16479957 2.178005873 2.191212175 2.204418478 2.21762478 2.230831083 2.244037385 2.257243688 2.27044999 2.259792344 2.242770977 2.22574961 2.208728244 2.191706877 2.17468551 2.157664144 2.140642777 2.12362141 2.106600044 2.089578677 2.07255731 1.992278571 1.901209105 1.830103013 1.799578046 1.769053079 1.738528112 1.708003144 1.677478177 1.64695321 1.616428243 1.585903276 1.555378309 1.524853342 1.494328375 1.463248781 1.430616233 1.397983684 1.365351135 1.332718587 1.300086038 1.267453489 1.234820941 1.202188392 1.169555844 1.136923295 1.104290746 1.063527854 1 
1.342450537 1.36234411 1.409197414 1.456779359 1.504361304 1.551943249 1.599525194 1.647107139 1.694689084 1.742271029 1.78804373 1.801250032 1.814456335 1.827662637 1.84086894 1.854075242 1.867281545 1.880487847 1.89369415 1.906900452 1.920106755 1.933313057 1.946726806 1.961246933 1.968093146 1.963705107 1.946683741 1.929662374 1.912641007 1.895619641 1.878598274 1.861576907 1.844555541 1.827534174 1.810512807 1.793491441 1.776470074 1.752341549 1.721816582 1.691291615 1.660766648 1.630241681 1.599716714 1.569191747 1.53866678 1.508141813 1.477616846 1.447091879 1.416566911 1.403350577 1.398571838 1.389147603 1.358958035 1.326325486 1.293692938 1.261060389 1.22842784 1.195795292 1.163162743 1.130530194 1.097897646 1.065265097 1.032632549 1 
1.236485744 1.256379317 1.27627289 1.309282008 1.356863953 1.404445898 1.452027843 1.499609788 1.547191733 1.594773678 1.640546379 1.653752681 1.666958984 1.680165286 1.693371589 1.706577891 1.719784194 1.732990496 1.746196799 1.759403101 1.77281685 1.787336977 1.801857105 1.816377232 1.823223445 1.828023281 1.832823117 1.828435078 1.811413711 1.794392345 1.777370978 1.760349611 1.743328245 1.726306878 1.709285511 1.692264145 1.675242778 1.651114253 1.620589286 1.590064319 1.559539352 1.529014385 1.498489418 1.467964451 1.437439484 1.406914517 1.37638955 1.363173215 1.360053582 1.356933949 1.35215521 1.342730976 1.333306741 1.323882506 1.293692938 1.261060389 1.22842784 1.195795292 1.163162743 1.130530194 1.097897646 1.065265097 1.032632549 1 
1.130520951 1.150414524 1.170308097 1.190201671 1.210095244 1.256948547 1.304530492 1.352112437 1.399694382 1.447276327 1.493049028 1.50625533 1.519461633 1.532667935 1.545874238 1.55908054 1.572286843 1.585493145 1.598906894 1.613427022 1.627947149 1.642467277 1.656987404 1.671507532 1.678353745 1.68315358 1.687953416 1.692753252 1.697553088 1.693165049 1.676143682 1.659122315 1.642100949 1.625079582 1.608058215 1.591036849 1.574015482 1.549886957 1.51936199 1.488837023 1.458312056 1.427787089 1.397262122 1.366737155 1.336212188 1.322995853 1.31987622 1.316756587 1.313636954 1.310517321 1.305738583 1.296314348 1.286890113 1.277465878 1.268041643 1.258617409 1.22842784 1.195795292 1.163162743 1.130530194 1.097897646 1.065265097 1.032632549 1 
1.024556158 1.044449731 1.064343304 1.084236877 1.104130451 1.124024024 1.157033141 1.204615086 1.252197031 1.299778976 1.345551677 1.35875798 1.371964282 1.385170585 1.398376887 1.41158319 1.424996938 1.439517066 1.454037193 1.468557321 1.483077448 1.497597576 1.512117703 1.526637831 1.533484044 1.538283879 1.543083715 1.547883551 1.552683387 1.557483223 1.562283058 1.557895019 1.540873653 1.523852286 1.506830919 1.489809553 1.472788186 1.448659661 1.418134694 1.387609727 1.35708476 1.326559793 1.296034826 1.282818491 1.279698858 1.276579225 1.273459592 1.27033996 1.267220327 1.264100694 1.259321955 1.24989772 1.240473486 1.231049251 1.221625016 1.212200781 1.202776546 1.193352311 1.163162743 1.130530194 1.097897646 1.065265097 1.032632549 1 
0.9185913651 0.9384849382 0.9583785113 0.9782720844 0.9981656575 1.018059231 1.037952804 1.057846377 1.104699681 1.152281626 1.198054326 1.211260629 1.224466931 1.237673234 1.251086982 1.26560711 1.280127237 1.294647365 1.309167492 1.32368762 1.338207747 1.352727875 1.367248002 1.38176813 1.388614343 1.393414179 1.398214014 1.40301385 1.407813686 1.412613522 1.417413357 1.422213193 1.427013029 1.42262499 1.405603623 1.388582257 1.37156089 1.347432365 1.316907398 1.286382431 1.255857464 1.242641129 1.239521496 1.236401863 1.233282231 1.230162598 1.227042965 1.223923332 1.220803699 1.217684066 1.212905328 1.203481093 1.194056858 1.184632623 1.175208388 1.165784153 1.156359919 1.146935684 1.137511449 1.128087214 1.097897646 1.065265097 1.032632549 1 
0.812626572 0.8325201451 0.8524137183 0.8723072914 0.8922008645 0.9120944376 0.9319880107 0.9518815838 0.9717751569 1.004784275 1.050556975 1.063763278 1.077177026 1.091697154 1.106217281 1.120737409 1.135257536 1.149777664 1.164297791 1.178817919 1.193338046 1.207858174 1.222378301 1.236898429 1.243744642 1.248544478 1.253344314 1.258144149 1.262943985 1.267743821 1.272543657 1.277343492 1.282143328 1.286943164 1.291743 1.287354961 1.270333594 1.246205069 1.215680102 1.202463767 1.199344134 1.196224502 1.193104869 1.189985236 1.186865603 1.18374597 1.180626337 1.177506704 1.174387072 1.171267439 1.1664887 1.157064465 1.14764023 1.138215996 1.128791761 1.119367526 1.109943291 1.100519056 1.091094821 1.081670587 1.072246352 1.062822117 1.032632549 1 
0.7098194208 0.7297129939 0.749606567 0.7695001401 0.7893937132 0.8092872863 0.8291808594 0.8490744325 0.8689680057 0.8888615788 0.9088420668 0.9233621944 0.9378823219 0.9524024494 0.9669225769 0.9814427044 0.9959628319 1.010482959 1.025003087 1.039523214 1.054043342 1.06856347 1.083083597 1.097603725 1.104552599 1.109352435 1.114152271 1.118952107 1.123751942 1.128551778 1.133351614 1.13815145 1.142951285 1.147751121 1.152550957 1.157350793 1.162150629 1.162782323 1.15966269 1.156543057 1.153423424 1.150303792 1.147184159 1.144064526 1.140944893 1.13782526 1.134705627 1.131585994 1.128466362 1.125346729 1.122515053 1.113090818 1.103666583 1.094242348 1.084818114 1.075393879 1.065969644 1.056545409 1.047121174 1.037696939 1.028272705 1.01884847 1.009424235 1 
0.663849822 0.6837433951 0.7036369682 0.7235305413 0.7434241144 0.7633176875 0.7832112607 0.8035978043 0.8258329873 0.8480681704 0.8698972979 0.8844174254 0.8989375529 0.9134576805 0.927977808 0.9424979355 0.957018063 0.9715381905 0.986058318 1.000578446 1.014029323 1.027480201 1.040931078 1.054381956 1.06223219 1.068588919 1.074945648 1.081302377 1.086757747 1.091557583 1.096357418 1.101157254 1.10595709 1.110756926 1.115556762 1.120356597 1.125156433 1.125788127 1.122668495 1.119548862 1.116429229 1.113309596 1.110189963 1.10707033 1.103950697 1.100831065 1.099641596 1.100596755 1.101551913 1.102507072 1.102092327 1.097841849 1.093591372 1.089340894 1.084818114 1.075393879 1.065969644 1.056545409 1.047121174 1.037696939 1.028272705 1.01884847 1.009424235 1 
0.6178802232 0.6377737963 0.6576673694 0.6775609425 0.6979474862 0.7201826692 0.7424178523 0.7646530353 0.7868882184 0.8091234015 0.830952529 0.8454726565 0.859992784 0.8745129115 0.889033039 0.9035531666 0.9170040441 0.9304549216 0.9439057992 0.9573566767 0.9708075543 0.9842584318 0.9977093094 1.011160187 1.019010421 1.02536715 1.031723879 1.038080608 1.044437337 1.050794066 1.057150796 1.063507525 1.068962894 1.07376273 1.078562566 1.083362402 1.088162238 1.088793932 1.085674299 1.082554666 1.079435033 1.076315401 1.075125932 1.076081091 1.077036249 1.077991408 1.078946567 1.079901725 1.080856884 1.081812043 1.081397297 1.07714682 1.072896342 1.068645865 1.064395387 1.06014491 1.055894432 1.051643955 1.047121174 1.037696939 1.028272705 1.01884847 1.009424235 1 
0.5719106244 0.592297168 0.6145323511 0.6367675342 0.6590027172 0.6812379003 0.7034730833 0.7257082664 0.7479434495 0.7701786325 0.79200776 0.8065278875 0.8199787651 0.8334296426 0.8468805202 0.8603313977 0.8737822753 0.8872331528 0.9006840304 0.9141349079 0.9275857855 0.941036663 0.9544875406 0.9679384181 0.9757886522 0.9821453813 0.9885021104 0.9948588395 1.001215569 1.007572298 1.013929027 1.020285756 1.026642485 1.032999214 1.039355943 1.045712672 1.051168042 1.051799736 1.050610268 1.051565427 1.052520585 1.053475744 1.054430903 1.055386061 1.05634122 1.057296379 1.058251537 1.059206696 1.060161855 1.061117013 1.060702268 1.05645179 1.052201313 1.047950835 1.043700358 1.03944988 1.035199403 1.030948925 1.026698448 1.02244797 1.018197493 1.013947015 1.009424235 1 
0.550186721 0.57024006 0.5902933989 0.6120692464 0.6343044295 0.6565396125 0.6787747956 0.7010099786 0.7232451617 0.7454803447 0.7672531959 0.7807040735 0.794154951 0.8076058286 0.8210567061 0.8345075837 0.8479584612 0.8614093388 0.8748602163 0.8883110939 0.9017619714 0.9149719552 0.9280959054 0.9412198557 0.9490012629 0.955357992 0.9617147211 0.9680714502 0.9744281793 0.9807849084 0.9871416375 0.9934983666 0.9998550957 1.006211825 1.012913795 1.019999366 1.027084937 1.031737055 1.034199067 1.036661079 1.038250702 1.03920586 1.040161019 1.041116178 1.042071336 1.043026495 1.043981654 1.044936812 1.045891971 1.04684713 1.047220225 1.045963545 1.044706865 1.042504775 1.038254297 1.03400382 1.029753342 1.025502865 1.021252387 1.01700191 1.012751432 1.008500955 1.004250477 1 
0.5371219944 0.5571753334 0.5772286724 0.5972820114 0.6173353504 0.6373886893 0.6591645368 0.6813997199 0.7036349029 0.725870086 0.7476429372 0.7610938147 0.7745446923 0.7879955698 0.8014464474 0.8148973249 0.8283482025 0.8415581862 0.8546821365 0.8678060867 0.880930037 0.8940539872 0.9071779375 0.9203018877 0.928083295 0.9344400241 0.9407967532 0.9471534823 0.9535102114 0.9598669405 0.9665689105 0.9736544814 0.9807400524 0.9878256233 0.9949111943 1.001996765 1.009082336 1.013734455 1.016196467 1.018658478 1.02112049 1.023582501 1.026044513 1.028506525 1.030096148 1.031051307 1.032006465 1.032961624 1.033916782 1.034871941 1.035245037 1.033988357 1.032731676 1.031474996 1.030218316 1.028961635 1.027704955 1.025502865 1.021252387 1.01700191 1.012751432 1.008500955 1.004250477 1 
0.5240572679 0.5441106069 0.5641639459 0.5842172848 0.6042706238 0.6243239628 0.6443773018 0.6644306407 0.6844839797 0.7062598272 0.7280326784 0.7414835559 0.7549344335 0.7681444172 0.7812683675 0.7943923177 0.807516268 0.8206402183 0.8337641685 0.8468881188 0.860012069 0.8731360193 0.8862599695 0.8993839198 0.907165327 0.9135220561 0.9202240261 0.9273095971 0.934395168 0.941480739 0.9485663099 0.9556518809 0.9627374518 0.9698230228 0.9769085938 0.9839941647 0.9910797357 0.9957318544 0.998193866 1.000655878 1.003117889 1.005579901 1.008041913 1.010503924 1.012965936 1.015427948 1.017889959 1.020351971 1.021941594 1.022896753 1.023269848 1.022013168 1.020756488 1.019499807 1.018243127 1.016986447 1.015729766 1.014473086 1.013216406 1.011959725 1.010703045 1.008500955 1.004250477 1 
0.5156618756 0.5340562763 0.5541096152 0.5741629542 0.5942162932 0.6142696322 0.6343229711 0.6543763101 0.6744296491 0.6944829881 0.7141716224 0.7272955726 0.7404195229 0.7535434732 0.7666674234 0.7797913737 0.7929153239 0.8060392742 0.8191632244 0.8322871747 0.8454111249 0.8585350752 0.8716590255 0.8845621657 0.892845371 0.899930942 0.907016513 0.9141020839 0.9211876549 0.9282732258 0.9353587968 0.9424443677 0.9495299387 0.9566155096 0.9637010806 0.9707866516 0.9779899805 0.9833817297 0.9861966776 0.9886586893 0.9911207009 0.9935827126 0.9960447242 0.9985067359 1.000968748 1.003430759 1.005892771 1.008354782 1.010816794 1.013278806 1.015254286 1.015080164 1.013823484 1.012566803 1.011310123 1.010053443 1.008796762 1.007540082 1.006283402 1.005026721 1.003770041 1.002513361 1.00125668 1 
0.513686818 0.5311135046 0.5485401911 0.568247918 0.5883012569 0.6083545959 0.6284079349 0.6484612739 0.6685146129 0.6885679518 0.7082565861 0.7213805364 0.7345044867 0.7476284369 0.7607523872 0.7738763374 0.7870002877 0.8001242379 0.8132481882 0.8263721384 0.8394960887 0.8523992289 0.8651735633 0.8779478977 0.886231103 0.893316674 0.9004022449 0.9074878159 0.9145733869 0.9216589578 0.9287445288 0.9358300997 0.9429156707 0.9500012416 0.9572045706 0.9646097705 0.9720149704 0.9774067195 0.9809863629 0.9845660063 0.9873809543 0.989842966 0.9923049776 0.9947669893 0.9972290009 0.9996910126 1.002153024 1.004615036 1.007077048 1.009539059 1.01151454 1.012127733 1.012740926 1.012566803 1.011310123 1.010053443 1.008796762 1.007540082 1.006283402 1.005026721 1.003770041 1.002513361 1.00125668 1 
0.5117117604 0.5291384469 0.5465651335 0.5639918201 0.5823862207 0.6024395597 0.6224928987 0.6425462376 0.6625995766 0.6826529156 0.7023415499 0.7154655002 0.7285894504 0.7417134007 0.7548373509 0.7679613012 0.7810852514 0.7942092017 0.8073331519 0.8202362922 0.8330106265 0.8457849609 0.8585592953 0.8713336297 0.879616835 0.886702406 0.8937879769 0.9008735479 0.9079591189 0.9150446898 0.9221302608 0.9292158317 0.9364191607 0.9438243606 0.9512295605 0.9586347604 0.9660399603 0.9714317094 0.9750113528 0.9785909962 0.9821706396 0.985750283 0.988565231 0.9910272427 0.9934892543 0.995951266 0.9984132776 1.000875289 1.003337301 1.005799313 1.007774793 1.008387986 1.009001179 1.009614372 1.010227565 1.010053443 1.008796762 1.007540082 1.006283402 1.005026721 1.003770041 1.002513361 1.00125668 1 
0.5097367027 0.5271633893 0.5445900759 0.5620167624 0.579443449 0.5968701356 0.6165778624 0.6366312014 0.6566845404 0.6767378793 0.6964265137 0.7095504639 0.7226744142 0.7357983644 0.7489223147 0.7620462649 0.7751702152 0.7880733554 0.8008476898 0.8136220242 0.8263963585 0.8391706929 0.8519450273 0.8647193617 0.873002567 0.880088138 0.8871737089 0.8942592799 0.9013448509 0.9084304218 0.9156337508 0.9230389507 0.9304441506 0.9378493505 0.9452545504 0.9526597503 0.9600649502 0.9654566993 0.9690363427 0.9726159861 0.9761956295 0.9797752729 0.9833549163 0.9869345597 0.9897495077 0.9922115194 0.994673531 0.9971355427 0.9995975543 1.002059566 1.004035046 1.004648239 1.005261432 1.005874625 1.006487818 1.007101011 1.007714204 1.007540082 1.006283402 1.005026721 1.003770041 1.002513361 1.00125668 1 
0.5077616451 0.5251883317 0.5426150182 0.5600417048 0.5774683914 0.594895078 0.6123217645 0.6307161651 0.6507695041 0.6708228431 0.6905114774 0.7036354277 0.7167593779 0.7298833282 0.7430072784 0.7559104187 0.768684753 0.7814590874 0.7942334218 0.8070077562 0.8197820905 0.8325564249 0.8453307593 0.8581050937 0.866388299 0.87347387 0.8805594409 0.8876450119 0.8948483409 0.9022535408 0.9096587407 0.9170639406 0.9244691405 0.9318743404 0.9392795403 0.9466847402 0.9540899401 0.9594816892 0.9630613326 0.966640976 0.9702206194 0.9738002628 0.9773799062 0.9809595496 0.984539193 0.9881188364 0.9909337844 0.9933957961 0.9958578077 0.9983198194 1.0002953 1.000908493 1.001521686 1.002134879 1.002748072 1.003361265 1.003974458 1.004587651 1.005200843 1.005026721 1.003770041 1.002513361 1.00125668 1 
0.5057865875 0.523213274 0.5406399606 0.5580666472 0.5754933337 0.5929200203 0.6103467069 0.6277733935 0.64520008 0.6649078069 0.6845964412 0.6977203914 0.7108443417 0.7237474819 0.7365218163 0.7492961507 0.762070485 0.7748448194 0.7876191538 0.8003934882 0.8131678225 0.8259421569 0.8387164913 0.8514908257 0.859774031 0.866859602 0.874062931 0.8814681309 0.8888733308 0.8962785307 0.9036837306 0.9110889305 0.9184941304 0.9258993303 0.9333045302 0.9407097301 0.94811493 0.9535066791 0.9570863225 0.9606659659 0.9642456093 0.9678252527 0.9714048961 0.9749845395 0.9785641829 0.9821438263 0.9857234697 0.9893031131 0.9921180611 0.9945800728 0.9965555532 0.9971687461 0.9977819391 0.9983951321 0.999008325 0.999621518 1.000234711 1.000847904 1.001461097 1.00207429 1.002687483 1.002513361 1.00125668 1 
0.5038115298 0.5212382164 0.538664903 0.5560915895 0.5735182761 0.5909449627 0.6083716493 0.6257983358 0.6432250224 0.660651709 0.6786814049 0.6915845451 0.7043588795 0.7171332139 0.7299075483 0.7426818826 0.755456217 0.7682305514 0.7810048858 0.7937792202 0.8065535545 0.8193278889 0.8321022233 0.8448765577 0.853277521 0.8606827209 0.8680879208 0.8754931207 0.8828983206 0.8903035205 0.8977087204 0.9051139203 0.9125191202 0.9199243201 0.92732952 0.9347347199 0.9421399198 0.947531669 0.9511113124 0.9546909558 0.9582705992 0.9618502426 0.965429886 0.9690095294 0.9725891728 0.9761688162 0.9797484596 0.983328103 0.9869077464 0.9904873898 0.9928158066 0.9934289995 0.9940421925 0.9946553855 0.9952685784 0.9958817714 0.9964949643 0.9971081573 0.9977213503 0.9983345432 0.9989477362 0.9995609292 1.000174122 1 
0.5059929262 0.5219365296 0.5390900167 0.5565167032 0.5739433898 0.5913700764 0.608796763 0.6262234495 0.6436501361 0.6610768227 0.6782586486 0.691032983 0.7038073174 0.7165816517 0.7293559861 0.7421303205 0.7549046549 0.7676789892 0.7804533236 0.793227658 0.8060019924 0.8187763267 0.8317137394 0.8449307148 0.8535594464 0.8609646463 0.8683698462 0.8757750461 0.883180246 0.8905854459 0.8979906458 0.9053958457 0.9128010456 0.9202062455 0.9276114454 0.9349457621 0.9416775715 0.9470859488 0.951303237 0.9549164407 0.9584960841 0.9620757275 0.9656553709 0.9692350143 0.9728146577 0.9763943011 0.9799739445 0.9835535879 0.9871332313 0.9907128747 0.993264643 0.9929383608 0.9932548774 0.9938680704 0.9944812634 0.9950944563 0.9957076493 0.9963208422 0.9969340352 0.9975472282 0.9981604211 0.9987736141 0.999386807 1 
0.5092827102 0.5252263137 0.5411699171 0.5575818626 0.5750085492 0.5924352358 0.6098619223 0.6272886089 0.6447152955 0.6621419821 0.679323808 0.6920981424 0.7048724767 0.7176468111 0.7304211455 0.7431954799 0.7559698143 0.7687441486 0.781518483 0.7942928174 0.80723023 0.8204472054 0.8336641808 0.8468811562 0.8555098878 0.8629150877 0.8703202876 0.8777254875 0.8851306874 0.8925358873 0.8999410872 0.9073462871 0.914751487 0.9220858037 0.9288176132 0.9355494227 0.9422812322 0.9476896094 0.9519068976 0.9561241858 0.960341474 0.9639546777 0.9675343211 0.9711139645 0.9746936079 0.9782732513 0.9818528947 0.9854325381 0.9890121815 0.9925918249 0.9951435932 0.994817311 0.9944910289 0.9941647467 0.9944812634 0.9950944563 0.9957076493 0.9963208422 0.9969340352 0.9975472282 0.9981604211 0.9987736141 0.999386807 1 
0.5125724943 0.5285160977 0.5444597012 0.5604033047 0.5763469081 0.5935003952 0.6109270817 0.6283537683 0.6457804549 0.6632071415 0.6803889674 0.6931633018 0.7059376361 0.7187119705 0.7314863049 0.7442606393 0.7570349736 0.769809308 0.7827467207 0.7959636961 0.8091806714 0.8223976468 0.8356146222 0.8488315976 0.8574603292 0.8648655291 0.872270729 0.8796759289 0.8870811288 0.8944863287 0.9018915286 0.9092258453 0.9159576548 0.9226894643 0.9294212738 0.9361530833 0.9428848928 0.94829327 0.9525105582 0.9567278464 0.9609451346 0.9651624229 0.9693797111 0.9729929147 0.9765725581 0.9801522015 0.9837318449 0.9873114883 0.9908911317 0.9944707752 0.9970225434 0.9966962613 0.9963699791 0.996043697 0.9957174148 0.9953911327 0.9957076493 0.9963208422 0.9969340352 0.9975472282 0.9981604211 0.9987736141 0.999386807 1 
0.5158622783 0.5318058818 0.5477494852 0.5636930887 0.5796366922 0.5955802956 0.6119922411 0.6294189277 0.6468456143 0.6642723008 0.6814541268 0.6942284612 0.7070027955 0.7197771299 0.7325514643 0.7453257987 0.7582632113 0.7714801867 0.7846971621 0.7979141375 0.8111311129 0.8243480883 0.8375650637 0.8507820391 0.8594107706 0.8668159705 0.8742211704 0.8816263703 0.8890315702 0.8963658869 0.9030976964 0.9098295059 0.9165613154 0.9232931249 0.9300249344 0.9367567439 0.9434885534 0.9488969306 0.9531142188 0.957331507 0.9615487953 0.9657660835 0.9699833717 0.9742006599 0.9784179481 0.9820311518 0.9856107952 0.9891904386 0.992770082 0.9963497254 0.9989014936 0.9985752115 0.9982489293 0.9979226472 0.997596365 0.9972700829 0.9969438007 0.9966175186 0.9969340352 0.9975472282 0.9981604211 0.9987736141 0.999386807 1 
0.5191520624 0.5350956658 0.5510392693 0.5669828728 0.5829264762 0.5988700797 0.6148136832 0.6307572866 0.6479107737 0.6653374602 0.6825192862 0.6952936205 0.7080679549 0.7208422893 0.7337797019 0.7469966773 0.7602136527 0.7734306281 0.7866476035 0.7998645789 0.8130815543 0.8262985297 0.8395155051 0.8527324805 0.8613612121 0.868766412 0.8761716119 0.8835059286 0.890237738 0.8969695475 0.903701357 0.9104331665 0.917164976 0.9238967855 0.930628595 0.9373604045 0.944092214 0.9495005912 0.9537178795 0.9579351677 0.9621524559 0.9663697441 0.9705870323 0.9748043205 0.9790216087 0.9832388969 0.9874561851 0.9910693888 0.9946490322 0.9982286756 1.000780444 1.000454162 1.00012788 0.9998015974 0.9994753153 0.9991490331 0.998822751 0.9984964688 0.9981701867 0.9978439045 0.9981604211 0.9987736141 0.999386807 1 
0.5224418464 0.5383854499 0.5543290533 0.5702726568 0.5862162603 0.6021598637 0.6181034672 0.6340470707 0.6499906741 0.6664026196 0.6835844456 0.6963587799 0.7092961926 0.722513168 0.7357301434 0.7489471188 0.7621640942 0.7753810695 0.7885980449 0.8018150203 0.8150319957 0.8282489711 0.8414659465 0.8546829219 0.8633116535 0.8706459702 0.8773777797 0.8841095892 0.8908413987 0.8975732082 0.9043050177 0.9110368271 0.9177686366 0.9245004461 0.9312322556 0.9379640651 0.9446958746 0.9501042519 0.9543215401 0.9585388283 0.9627561165 0.9669734047 0.9711906929 0.9754079811 0.9796252693 0.9838425575 0.9880598457 0.9922771339 0.9964944222 1.000107626 1.002659394 1.002333112 1.00200683 1.001680548 1.001354265 1.001027983 1.000701701 1.000375419 1.000049137 0.9997228547 0.9993965726 0.9990702904 0.999386807 1 
0.5246347719 0.5408831227 0.5568267262 0.5727703296 0.5887139331 0.6046575366 0.62060114 0.6365447435 0.652488347 0.6684319504 0.6842320471 0.6974490225 0.7106659979 0.7238829733 0.7370999487 0.7503169241 0.7635338995 0.7767508749 0.7899678503 0.8031848257 0.8164018011 0.8296187765 0.8428357518 0.8560527272 0.8642793887 0.8710111982 0.8777430077 0.8844748172 0.8912066267 0.8979384362 0.9046702457 0.9114020552 0.9181338647 0.9248656742 0.9315974836 0.9383292931 0.9450611026 0.9503790816 0.9545963698 0.958813658 0.9630309462 0.9672482344 0.9714655226 0.9756828108 0.9799000991 0.9841173873 0.9883346755 0.9925519637 0.9967692519 1.00098654 1.004008152 1.00368187 1.003355588 1.003029305 1.002703023 1.002376741 1.002050459 1.001724177 1.001397895 1.001071613 1.00074533 1.000419048 1.000092766 1 
0.5209777853 0.5391562023 0.5550998057 0.5710434092 0.5869870127 0.6029306161 0.6188742196 0.6348178231 0.6507614265 0.66670503 0.6825051267 0.6957221021 0.7089390775 0.7221560529 0.7353730283 0.7485900037 0.7618069791 0.7750239545 0.7882409299 0.8014579052 0.8146748806 0.827891856 0.8411088314 0.8541717466 0.8630107715 0.8701047857 0.8768365952 0.8835684047 0.8903002141 0.8970320236 0.9037638331 0.9104956426 0.9172274521 0.9239592616 0.9306910711 0.9374228806 0.9441546901 0.9492617397 0.9531174348 0.957334723 0.9615520112 0.9657692994 0.9699865877 0.9742038759 0.9784211641 0.9826384523 0.9868557405 0.9910730287 0.9952903169 0.9995076051 1.002529217 1.002202935 1.001876653 1.00155037 1.001224088 1.000897806 1.000571524 1.000245242 0.9999189597 0.9995926776 0.9992663954 0.9989401133 0.9988473472 1 
0.5173207986 0.5358378237 0.5533728853 0.5693164888 0.5852600922 0.6012036957 0.6171472992 0.6330909026 0.6490345061 0.6649781096 0.6807782063 0.6939951817 0.7072121571 0.7204291325 0.7336461079 0.7468630833 0.7600800586 0.773297034 0.7865140094 0.7997309848 0.8129479602 0.8261649356 0.8392278507 0.852282207 0.8611212319 0.8688361684 0.8759301826 0.8826619921 0.8893938016 0.8961256111 0.9028574206 0.9095892301 0.9163210396 0.9230528491 0.9297846586 0.9365164681 0.9432482776 0.9483553272 0.952000093 0.9558557881 0.9600730763 0.9642903645 0.9685076527 0.9727249409 0.9769422291 0.9811595173 0.9853768055 0.9895940937 0.9938113819 0.9980286701 1.001050282 1.000724 1.000397718 1.000071435 0.9997451533 0.9994188712 0.999092589 0.9987663069 0.9984400247 0.9981137426 0.9977874604 0.9976946943 0.9988473472 1 
0.5136638119 0.5321808371 0.5506978622 0.5675895684 0.5835331718 0.5994767753 0.6154203787 0.6313639822 0.6473075857 0.6632511891 0.6790512859 0.6922682613 0.7054852367 0.718702212 0.7319191874 0.7451361628 0.7583531382 0.7715701136 0.784787089 0.7980040644 0.8112210398 0.8242839549 0.8373383112 0.8503926674 0.8592316923 0.8669466288 0.8746615654 0.8817555796 0.8884873891 0.8952191986 0.9019510081 0.9086828176 0.9154146271 0.9221464366 0.9288782461 0.9356100556 0.942341865 0.9474489147 0.9510936804 0.9547384462 0.9585941413 0.9628114295 0.9670287177 0.9712460059 0.9754632941 0.9796805823 0.9838978705 0.9881151587 0.9923324469 0.9965497352 0.999571347 0.9992450648 0.9989187827 0.9985925005 0.9982662184 0.9979399362 0.9976136541 0.9972873719 0.9969610898 0.9966348076 0.9965420415 0.9976946943 0.9988473472 1 
0.5100068253 0.5285238504 0.5470408755 0.5655579006 0.5818062514 0.5977498549 0.6136934583 0.6296370618 0.6455806653 0.6615242687 0.6773243654 0.6905413408 0.7037583162 0.7169752916 0.730192267 0.7434092424 0.7566262178 0.7698431932 0.7830601686 0.796277144 0.8093400591 0.8223944153 0.8354487716 0.8485031278 0.8573421527 0.8650570893 0.8727720258 0.8804869624 0.8875809766 0.8943127861 0.9010445955 0.907776405 0.9145082145 0.921240024 0.9279718335 0.934703643 0.9414354525 0.9465425022 0.9501872679 0.9538320337 0.9574767994 0.9613324945 0.9655497827 0.9697670709 0.9739843591 0.9782016473 0.9824189356 0.9866362238 0.990853512 0.9950708002 0.998092412 0.9977661298 0.9974398477 0.9971135655 0.9967872834 0.9964610012 0.9961347191 0.9958084369 0.9954821548 0.9953893887 0.9965420415 0.9976946943 0.9988473472 1 
0.5063498386 0.5248668637 0.5433838888 0.561900914 0.580079331 0.5960229344 0.6119665379 0.6279101414 0.6438537448 0.6597973483 0.675597445 0.6888144204 0.7020313958 0.7152483712 0.7284653466 0.741682322 0.7548992974 0.7681162728 0.7813332482 0.7943961633 0.8074505195 0.8205048758 0.833559232 0.8466135882 0.8554526131 0.8631675497 0.8708824862 0.8785974228 0.8863123593 0.8934063735 0.900138183 0.9068699925 0.913601802 0.9203336115 0.927065421 0.9337972305 0.94052904 0.9456360896 0.9492808554 0.9529256211 0.9565703869 0.9602151527 0.9640708477 0.9682881359 0.9725054242 0.9767227124 0.9809400006 0.9851572888 0.989374577 0.9935918652 0.996613477 0.9962871948 0.9959609127 0.9956346305 0.9953083484 0.9949820662 0.9946557841 0.9943295019 0.9942367358 0.9953893887 0.9965420415 0.9976946943 0.9988473472 1 
0.5026928519 0.5212098771 0.5397269022 0.5582439273 0.5767609524 0.594296014 0.6102396175 0.6261832209 0.6421268244 0.6580704279 0.6738705246 0.6870875 0.7003044754 0.7135214508 0.7267384262 0.7399554016 0.7531723769 0.7663893523 0.7794522675 0.7925066237 0.8055609799 0.8186153362 0.8316696924 0.8447240486 0.8535630735 0.8612780101 0.8689929466 0.8767078832 0.8844228197 0.8921377563 0.8992317705 0.90596358 0.9126953895 0.919427199 0.9261590085 0.932890818 0.9396226275 0.9447296771 0.9483744429 0.9520192086 0.9556639744 0.9593087401 0.9629535059 0.966809201 0.9710264892 0.9752437774 0.9794610656 0.9836783538 0.987895642 0.9921129302 0.995134542 0.9948082599 0.9944819777 0.9941556956 0.9938294134 0.9935031313 0.9931768491 0.993084083 0.9942367358 0.9953893887 0.9965420415 0.9976946943 0.9988473472 1 
0.4990358653 0.5175528904 0.5360699155 0.5545869406 0.5731039657 0.5916209909 0.608512697 0.6244563005 0.640399904 0.6563435074 0.6721436042 0.6853605796 0.698577555 0.7117945303 0.7250115057 0.7382284811 0.7514454565 0.7645083717 0.7775627279 0.7906170841 0.8036714404 0.8167257966 0.8297801528 0.8428345091 0.851673534 0.8593884705 0.8671034071 0.8748183436 0.8825332802 0.8902482167 0.8979631533 0.9050571675 0.9117889769 0.9185207864 0.9252525959 0.9319844054 0.9387162149 0.9438232646 0.9474680303 0.9511127961 0.9547575618 0.9584023276 0.9620470934 0.9656918591 0.9695475542 0.9737648424 0.9779821306 0.9821994188 0.986416707 0.9906339952 0.993655607 0.9933293249 0.9930030427 0.9926767606 0.9923504784 0.9920241963 0.9919314302 0.993084083 0.9942367358 0.9953893887 0.9965420415 0.9976946943 0.9988473472 1 
0.4953788786 0.5138959037 0.5324129288 0.550929954 0.5694469791 0.5879640042 0.6064810293 0.6227293801 0.6386729836 0.654616587 0.6704166837 0.6836336591 0.6968506345 0.7100676099 0.7232845853 0.7365015607 0.7495644758 0.7626188321 0.7756731883 0.7887275445 0.8017819008 0.814836257 0.8278906132 0.8409449695 0.8497839944 0.8574989309 0.8652138675 0.872928804 0.8806437406 0.8883586771 0.8960736137 0.9037885502 0.9108825644 0.9176143739 0.9243461834 0.9310779929 0.9378098024 0.942916852 0.9465616178 0.9502063835 0.9538511493 0.9574959151 0.9611406808 0.9647854466 0.9684302123 0.9722859074 0.9765031956 0.9807204838 0.984937772 0.9891550603 0.9921766721 0.9918503899 0.9915241078 0.9911978256 0.9908715435 0.9907787774 0.9919314302 0.993084083 0.9942367358 0.9953893887 0.9965420415 0.9976946943 0.9988473472 1 
0.4917218919 0.5102389171 0.5287559422 0.5472729673 0.5657899924 0.5843070175 0.6028240427 0.6210024597 0.6369460631 0.6528896666 0.6686897633 0.6819067387 0.6951237141 0.7083406895 0.7215576649 0.73462058 0.7476749363 0.7607292925 0.7737836487 0.786838005 0.7998923612 0.8129467174 0.8260010737 0.8390554299 0.8478944548 0.8556093913 0.8633243279 0.8710392644 0.878754201 0.8864691375 0.8941840741 0.9018990106 0.9096139472 0.9167079614 0.9234397709 0.9301715804 0.9369033899 0.9420104395 0.9456552053 0.949299971 0.9529447368 0.9565895025 0.9602342683 0.9638790341 0.9675237998 0.9711685656 0.9750242607 0.9792415489 0.9834588371 0.9876761253 0.9906977371 0.9903714549 0.9900451728 0.9897188906 0.9896261245 0.9907787774 0.9919314302 0.993084083 0.9942367358 0.9953893887 0.9965420415 0.9976946943 0.9988473472 1 
0.4880649053 0.5065819304 0.5250989555 0.5436159806 0.5621330058 0.5806500309 0.599167056 0.6176840811 0.6352191427 0.6511627462 0.6669628429 0.6801798183 0.6933967937 0.7066137691 0.7196766842 0.7327310404 0.7457853967 0.7588397529 0.7718941091 0.7849484654 0.7980028216 0.8110571778 0.8241115341 0.8371658903 0.8460049152 0.8537198518 0.8614347883 0.8691497249 0.8768646614 0.884579598 0.8922945345 0.9000094711 0.9077244076 0.9154393441 0.9225333583 0.9292651678 0.9359969773 0.941104027 0.9447487927 0.9483935585 0.9520383242 0.95568309 0.9593278558 0.9629726215 0.9666173873 0.970262153 0.9739069188 0.9777626139 0.9819799021 0.9861971903 0.9892188021 0.9888925199 0.9885662378 0.9884734717 0.9896261245 0.9907787774 0.9919314302 0.993084083 0.9942367358 0.9953893887 0.9965420415 0.9976946943 0.9988473472 1 
0.4844079186 0.5029249437 0.5214419688 0.539958994 0.5584760191 0.5769930442 0.5955100693 0.6140270944 0.6325441196 0.6494358257 0.6652359225 0.6784528979 0.6916698733 0.7047327884 0.7177871446 0.7308415009 0.7438958571 0.7569502133 0.7700045696 0.7830589258 0.796113282 0.8091676383 0.8222219945 0.8352763507 0.8441153756 0.8518303122 0.8595452487 0.8672601853 0.8749751218 0.8826900584 0.8904049949 0.8981199315 0.905834868 0.9135498046 0.9212647411 0.9283587553 0.9350905648 0.9401976144 0.9438423802 0.947487146 0.9511319117 0.9547766775 0.9584214432 0.962066209 0.9657109748 0.9693557405 0.9730005063 0.976645272 0.9805009671 0.9847182553 0.9877398671 0.987413585 0.9873208189 0.9884734717 0.9896261245 0.9907787774 0.9919314302 0.993084083 0.9942367358 0.9953893887 0.9965420415 0.9976946943 0.9988473472 1 
0.4807509319 0.4992679571 0.5177849822 0.5363020073 0.5548190324 0.5733360575 0.5918530827 0.6103701078 0.6288871329 0.647404158 0.663509002 0.6767259774 0.6897888926 0.7028432488 0.715897605 0.7289519613 0.7420063175 0.7550606737 0.76811503 0.7811693862 0.7942237424 0.8072780987 0.8203324549 0.8333868111 0.842225836 0.8499407726 0.8576557091 0.8653706457 0.8730855822 0.8808005188 0.8885154553 0.8962303919 0.9039453284 0.911660265 0.9193752015 0.9270901381 0.9341841523 0.9392912019 0.9429359677 0.9465807334 0.9502254992 0.9538702649 0.9575150307 0.9611597965 0.9648045622 0.968449328 0.9720940937 0.9757388595 0.9793836253 0.9832393203 0.9862609321 0.986168166 0.9873208189 0.9884734717 0.9896261245 0.9907787774 0.9919314302 0.993084083 0.9942367358 0.9953893887 0.9965420415 0.9976946943 0.9988473472 1 
0.4770939453 0.4956109704 0.5141279955 0.5326450206 0.5511620458 0.5696790709 0.588196096 0.6067131211 0.6252301462 0.6437471714 0.6617820816 0.6748449968 0.687899353 0.7009537092 0.7140080655 0.7270624217 0.7401167779 0.7531711342 0.7662254904 0.7792798466 0.7923342029 0.8053885591 0.8184429153 0.8314972716 0.8403362965 0.848051233 0.8557661696 0.8634811061 0.8711960427 0.8789109792 0.8866259158 0.8943408523 0.9020557888 0.9097707254 0.9174856619 0.9252005985 0.932915535 0.9383847894 0.9420295551 0.9456743209 0.9493190867 0.9529638524 0.9566086182 0.9602533839 0.9638981497 0.9675429154 0.9711876812 0.974832447 0.9784772127 0.9821219785 0.9850155132 0.986168166 0.9873208189 0.9884734717 0.9896261245 0.9907787774 0.9919314302 0.993084083 0.9942367358 0.9953893887 0.9965420415 0.9976946943 0.9988473472 1 
0.4774573376 0.4961628875 0.5146799126 0.5331969377 0.5517139629 0.570230988 0.5887480131 0.6072650382 0.6257820633 0.6442990885 0.6625286047 0.6755829609 0.6886373172 0.7016916734 0.7147460296 0.7278003859 0.7408547421 0.7539090983 0.7669634546 0.7800178108 0.793072167 0.8061265233 0.8191808795 0.8321508385 0.8407394188 0.8484543553 0.8561692919 0.8638842284 0.871599165 0.8793141015 0.8870290381 0.8947439746 0.9024589112 0.9101738477 0.9178887843 0.9256037208 0.9333186574 0.9388913988 0.9425361645 0.9461809303 0.949825696 0.9534704618 0.9571152276 0.9607599933 0.9644047591 0.9680495248 0.9716942906 0.9753390563 0.9789838221 0.9826285879 0.9853094463 0.9864620991 0.9876147519 0.9887674048 0.9899200576 0.9910727104 0.9922253633 0.9933780161 0.9945306689 0.9956833217 0.9968359746 0.9979886274 0.9991412802 1 
0.4782937156 0.4972099698 0.5157269949 0.53424402 0.5527610451 0.5712780702 0.5897950954 0.6083121205 0.6268291456 0.6453461707 0.663575687 0.6766300432 0.6896843994 0.7027387557 0.7157931119 0.7288474681 0.7419018244 0.7549561806 0.7680105368 0.7810648931 0.7941192493 0.8071736055 0.820216453 0.8330521437 0.8415745914 0.8491272026 0.8568421391 0.8645570757 0.8722720122 0.8799869488 0.8877018853 0.8954168219 0.9031317584 0.910846695 0.9185616315 0.9262765681 0.9339915046 0.939564246 0.9432090118 0.9468537775 0.9504985433 0.9541433091 0.9577880748 0.9614328406 0.9650776063 0.9687223721 0.9723671378 0.9760119036 0.9796566694 0.9830295926 0.9856379597 0.9867906125 0.9879432654 0.9890959182 0.990248571 0.9914012239 0.9925538767 0.9937065295 0.9948591823 0.9960118352 0.997164488 0.9983171408 0.9993401173 1 
0.4791300936 0.4980685272 0.5167740771 0.5352911023 0.5538081274 0.5723251525 0.5908421776 0.6093592027 0.6278762279 0.646393253 0.6646227692 0.6776771255 0.6907314817 0.7037858379 0.7168401942 0.7298945504 0.7429489066 0.7560032629 0.7690576191 0.7821119753 0.7951663316 0.8082206878 0.8211177583 0.8339534489 0.8424758966 0.8498481463 0.8575149864 0.8652299229 0.8729448595 0.880659796 0.8883747326 0.8960896691 0.9038046057 0.9115195422 0.9192344788 0.9269494153 0.9346643519 0.9402370933 0.943881859 0.9475266248 0.9511713905 0.9548161563 0.9584609221 0.9621056878 0.9657504536 0.9693952193 0.9730399851 0.9766847509 0.980229841 0.9833581061 0.9859664731 0.987119126 0.9882717788 0.9894244316 0.9905770845 0.9917297373 0.9928823901 0.994035043 0.9951876958 0.9963403486 0.9974930014 0.9986456543 0.9993401173 1 
0.4799664717 0.4989049052 0.5178211594 0.5363381845 0.5548552096 0.5733722348 0.5918892599 0.610406285 0.6289233101 0.6474403352 0.6656698515 0.6787242077 0.6917785639 0.7048329202 0.7178872764 0.7309416326 0.7439959889 0.7570503451 0.7701047013 0.7831590576 0.7962134138 0.8091833728 0.8220190635 0.8348547541 0.8433772019 0.8507494515 0.8581878336 0.8659027702 0.8736177067 0.8813326433 0.8890475798 0.8967625164 0.9044774529 0.9121923895 0.919907326 0.9276222626 0.9353371991 0.9409099405 0.9445547063 0.948199472 0.9518442378 0.9554890036 0.9591337693 0.9627785351 0.9664233008 0.9700680666 0.9737128324 0.9773575981 0.9805583545 0.9836866195 0.9862949866 0.9874476394 0.9886002922 0.9897529451 0.9909055979 0.9920582507 0.9932109036 0.9943635564 0.9955162092 0.996668862 0.9978215149 0.9986802346 0.9993401173 1 
0.4808028497 0.4997412833 0.5186797168 0.5373852668 0.5559022919 0.574419317 0.5929363421 0.6114533673 0.6299703924 0.6484874175 0.6667169337 0.67977129 0.6928256462 0.7058800024 0.7189343587 0.7319887149 0.7450430711 0.7580974274 0.7711517836 0.7842061398 0.7972489874 0.810084678 0.8229203687 0.8357560593 0.8442785071 0.8516507567 0.8590230063 0.8665756174 0.874290554 0.8820054905 0.8897204271 0.8974353636 0.9051503002 0.9128652367 0.9205801733 0.9282951098 0.9360100464 0.9415827878 0.9452275535 0.9488723193 0.9525170851 0.9561618508 0.9598066166 0.9634513823 0.9670961481 0.9707409138 0.9743856796 0.9777586029 0.9808868679 0.9840151329 0.9866235 0.9877761528 0.9889288057 0.9900814585 0.9912341113 0.9923867642 0.993539417 0.9946920698 0.9958447226 0.9969973755 0.9980203519 0.9986802346 0.9993401173 1 
0.4816392278 0.5005776613 0.5195160949 0.5384323491 0.5569493742 0.5754663993 0.5939834244 0.6125004495 0.6310174747 0.6495344998 0.667764016 0.6808183722 0.6938727285 0.7069270847 0.7199814409 0.7330357972 0.7460901534 0.7591445096 0.7721988659 0.7852532221 0.7981502926 0.8109859832 0.8238216739 0.8366573645 0.8451798123 0.8525520619 0.8599243115 0.8672965611 0.8749634012 0.8826783378 0.8903932743 0.8981082109 0.9058231474 0.913538084 0.9212530205 0.9289679571 0.9366828936 0.942255635 0.9459004008 0.9495451665 0.9531899323 0.9568346981 0.9604794638 0.9641242296 0.9677689953 0.9714137611 0.9749588513 0.9780871163 0.9812153813 0.9843436464 0.9869520134 0.9881046663 0.9892573191 0.9904099719 0.9915626248 0.9927152776 0.9938679304 0.9950205832 0.9961732361 0.9973258889 0.9980203519 0.9986802346 0.9993401173 1 
0.4824756058 0.5014140394 0.5203524729 0.5392909065 0.5579964564 0.5765134816 0.5950305067 0.6135475318 0.6320645569 0.650581582 0.6688110983 0.6818654545 0.6949198107 0.707974167 0.7210285232 0.7340828794 0.7471372357 0.7601915919 0.7732459481 0.7862159071 0.7990515978 0.8118872884 0.8247229791 0.8375586698 0.8460811175 0.8534533671 0.8608256167 0.8681978663 0.8756362485 0.883351185 0.8910661216 0.8987810581 0.9064959947 0.9142109312 0.9219258678 0.9296408043 0.9373557409 0.9429284823 0.946573248 0.9502180138 0.9538627796 0.9575075453 0.9611523111 0.9647970768 0.9684418426 0.9720866084 0.9752873647 0.9784156297 0.9815438948 0.9846721598 0.9872805269 0.9884331797 0.9895858325 0.9907384854 0.9918911382 0.993043791 0.9941964438 0.9953490967 0.9965017495 0.9973604693 0.9980203519 0.9986802346 0.9993401173 1 
0.4833119838 0.5022504174 0.521188851 0.5401272845 0.5590435387 0.5775605638 0.5960775889 0.6145946141 0.6331116392 0.6516286643 0.6698581805 0.6829125368 0.695966893 0.7090212492 0.7220756055 0.7351299617 0.7481843179 0.7612386742 0.7742815217 0.7871172123 0.799952903 0.8127885937 0.8256242843 0.838459975 0.8469824227 0.8543546723 0.8617269219 0.8690991715 0.8764714211 0.8840240323 0.8917389688 0.8994539054 0.9071688419 0.9148837785 0.922598715 0.9303136516 0.9380285881 0.9436013295 0.9472460953 0.9508908611 0.9545356268 0.9581803926 0.9618251583 0.9654699241 0.9691146898 0.9724876131 0.9756158781 0.9787441432 0.9818724082 0.9850006732 0.9876090403 0.9887616931 0.989914346 0.9910669988 0.9922196516 0.9933723044 0.9945249573 0.9956776101 0.9967005866 0.9973604693 0.9980203519 0.9986802346 0.9993401173 1 
0.4841483619 0.5030867954 0.522025229 0.5409636626 0.5599020961 0.5786076461 0.5971246712 0.6156416963 0.6341587214 0.6526757466 0.6709052628 0.683959619 0.6970139753 0.7100683315 0.7231226877 0.736177044 0.7492314002 0.7622857564 0.7751828269 0.7880185175 0.8008542082 0.8136898989 0.8265255895 0.8393612802 0.8478837279 0.8552559775 0.8626282271 0.8700004767 0.8773727264 0.884744976 0.8924118161 0.9001267527 0.9078416892 0.9155566257 0.9232715623 0.9309864988 0.9387014354 0.9442741768 0.9479189425 0.9515637083 0.9552084741 0.9588532398 0.9624980056 0.9661427713 0.9696878615 0.9728161265 0.9759443916 0.9790726566 0.9822009216 0.9853291866 0.9879375537 0.9890902066 0.9902428594 0.9913955122 0.992548165 0.9937008179 0.9948534707 0.9960061235 0.9967005866 0.9973604693 0.9980203519 0.9986802346 0.9993401173 1 
0.4849847399 0.5039231735 0.522861607 0.5418000406 0.5607384742 0.5796547283 0.5981717535 0.6166887786 0.6352058037 0.6537228288 0.671952345 0.6850067013 0.6980610575 0.7111154137 0.72416977 0.7372241262 0.7502784824 0.7632484414 0.7760841321 0.7889198228 0.8017555134 0.8145912041 0.8274268947 0.8402625854 0.8487850331 0.8561572827 0.8635295323 0.870901782 0.8782740316 0.8856462812 0.8930846634 0.9007995999 0.9085145365 0.916229473 0.9239444096 0.9316593461 0.9393742826 0.944947024 0.9485917898 0.9522365556 0.9558813213 0.9595260871 0.9631708528 0.9668156186 0.970016375 0.97314464 0.976272905 0.97940117 0.9825294351 0.9856577001 0.9882660672 0.98941872 0.9905713728 0.9917240256 0.9928766785 0.9940293313 0.9951819841 0.9960407039 0.9967005866 0.9973604693 0.9980203519 0.9986802346 0.9993401173 1 
0.485821118 0.5047595515 0.5236979851 0.5426364187 0.5615748522 0.5805132858 0.5992188357 0.6177358608 0.636252886 0.6547699111 0.6729994273 0.6860537835 0.6991081398 0.712162496 0.7252168522 0.7382712085 0.751314056 0.7641497467 0.7769854373 0.789821128 0.8026568186 0.8154925093 0.8283282 0.8411638906 0.8496863383 0.8570585879 0.8644308376 0.8718030872 0.8791753368 0.8865475864 0.893919836 0.9014724472 0.9091873837 0.9169023203 0.9246172568 0.9323321934 0.9400471299 0.9456198713 0.9492646371 0.9529094028 0.9565541686 0.9601989343 0.9638437001 0.9672166234 0.9703448884 0.9734731534 0.9766014184 0.9797296835 0.9828579485 0.9859862135 0.9885945806 0.9897472334 0.9908998862 0.9920525391 0.9932051919 0.9943578447 0.9953808212 0.9960407039 0.9967005866 0.9973604693 0.9980203519 0.9986802346 0.9993401173 1 
0.486657496 0.5055959296 0.5245343631 0.5434727967 0.5624112303 0.5813496638 0.600265918 0.6187829431 0.6372999682 0.6558169933 0.6740465096 0.6871008658 0.700155222 0.7132095783 0.7262639345 0.7393182907 0.7522153612 0.7650510519 0.7778867425 0.7907224332 0.8035581238 0.8163938145 0.8292295052 0.8420651958 0.8505876435 0.8579598932 0.8653321428 0.8727043924 0.880076642 0.8874488916 0.8948211412 0.9021933908 0.909860231 0.9175751675 0.9252901041 0.9330050406 0.9407199772 0.9462927186 0.9499374843 0.9535822501 0.9572270158 0.9608717816 0.9644168718 0.9675451368 0.9706734018 0.9738016668 0.9769299319 0.9800581969 0.9831864619 0.9863147269 0.988923094 0.9900757468 0.9912283997 0.9923810525 0.9935337053 0.9946863582 0.9953808212 0.9960407039 0.9967005866 0.9973604693 0.9980203519 0.9986802346 0.9993401173 1 
0.4874938741 0.5064323076 0.5253707412 0.5443091747 0.5632476083 0.5821860419 0.6011244754 0.6198300254 0.6383470505 0.6568640756 0.6750935918 0.6881479481 0.7012023043 0.7142566605 0.7273110168 0.7402809758 0.7531166664 0.7659523571 0.7787880477 0.7916237384 0.8044594291 0.8172951197 0.8301308104 0.842966501 0.8514889488 0.8588611984 0.866233448 0.8736056976 0.8809779472 0.8883501968 0.8957224464 0.903094696 0.9105330782 0.9182480148 0.9259629513 0.9336778879 0.9413928244 0.9469655658 0.9506103316 0.9542550973 0.9578998631 0.9615446288 0.9647453852 0.9678736502 0.9710019152 0.9741301803 0.9772584453 0.9803867103 0.9835149753 0.9866432404 0.9892516074 0.9904042603 0.9915569131 0.9927095659 0.9938622188 0.9947209385 0.9953808212 0.9960407039 0.9967005866 0.9973604693 0.9980203519 0.9986802346 0.9993401173 1 
0.4883302521 0.5072686857 0.5262071192 0.5451455528 0.5640839863 0.5830224199 0.6019608535 0.6208771076 0.6393941327 0.6579111579 0.6761406741 0.6891950303 0.7022493866 0.7153037428 0.7283465903 0.741182281 0.7540179716 0.7668536623 0.779689353 0.7925250436 0.8053607343 0.8181964249 0.8310321156 0.8438678062 0.852390254 0.8597625036 0.8671347532 0.8745070028 0.8818792524 0.889251502 0.8966237516 0.9039960012 0.9113682509 0.918920862 0.9266357986 0.9343507351 0.9420656717 0.9476384131 0.9512831788 0.9549279446 0.9585727103 0.9619456336 0.9650738986 0.9682021637 0.9713304287 0.9744586937 0.9775869587 0.9807152238 0.9838434888 0.9869717538 0.9895801209 0.9907327737 0.9918854265 0.9930380794 0.9940610558 0.9947209385 0.9953808212 0.9960407039 0.9967005866 0.9973604693 0.9980203519 0.9986802346 0.9993401173 1 
0.4891666301 0.5081050637 0.5270434973 0.5459819308 0.5649203644 0.5838587979 0.6027972315 0.6217356651 0.640441215 0.6589582401 0.6771877564 0.6902421126 0.7032964688 0.7163508251 0.7292478955 0.7420835862 0.7549192768 0.7677549675 0.7805906582 0.7934263488 0.8062620395 0.8190977301 0.8319334208 0.8447691115 0.8532915592 0.8606638088 0.8680360584 0.875408308 0.8827805576 0.8901528072 0.8975250569 0.9048973065 0.9122695561 0.9196418057 0.9273086458 0.9350235824 0.9427385189 0.9483112603 0.9519560261 0.9556007918 0.959145882 0.962274147 0.9654024121 0.9685306771 0.9716589421 0.9747872071 0.9779154722 0.9810437372 0.9841720022 0.9873002672 0.9899086343 0.9910612871 0.99221394 0.9933665928 0.9940610558 0.9947209385 0.9953808212 0.9960407039 0.9967005866 0.9973604693 0.9980203519 0.9986802346 0.9993401173 1 
0.4900030082 0.5089414417 0.5278798753 0.5468183089 0.5657567424 0.584695176 0.6036336095 0.6225720431 0.6414882973 0.6600053224 0.6782348386 0.6912891949 0.7043435511 0.7173135101 0.7301492007 0.7429848914 0.7558205821 0.7686562727 0.7814919634 0.794327654 0.8071633447 0.8199990354 0.832834726 0.8456704167 0.8541928644 0.861565114 0.8689373636 0.8763096132 0.8836818628 0.8910541125 0.8984263621 0.9057986117 0.9131708613 0.9205431109 0.9279814931 0.9356964296 0.9434113662 0.9489841076 0.9526288733 0.9562736391 0.9594743954 0.9626026605 0.9657309255 0.9688591905 0.9719874555 0.9751157206 0.9782439856 0.9813722506 0.9845005156 0.9876287807 0.9902371477 0.9913898006 0.9925424534 0.9934011732 0.9940610558 0.9947209385 0.9953808212 0.9960407039 0.9967005866 0.9973604693 0.9980203519 0.9986802346 0.9993401173 1 
0.4908393862 0.5097778198 0.5287162533 0.5476546869 0.5665931205 0.585531554 0.6044699876 0.6234084211 0.6423468547 0.6610524046 0.6792819209 0.6923362771 0.7053791246 0.7182148153 0.731050506 0.7438861966 0.7567218873 0.7695575779 0.7823932686 0.7952289592 0.8080646499 0.8209003406 0.8337360312 0.8465717219 0.8550941696 0.8624664192 0.8698386688 0.8772109184 0.8845831681 0.8919554177 0.8993276673 0.9066999169 0.9140721665 0.9214444161 0.9288166657 0.9363692769 0.9440842134 0.9496569548 0.9533017206 0.9566746438 0.9598029089 0.9629311739 0.9660594389 0.9691877039 0.972315969 0.975444234 0.978572499 0.981700764 0.9848290291 0.9879572941 0.9905656612 0.991718314 0.9927412905 0.9934011732 0.9940610558 0.9947209385 0.9953808212 0.9960407039 0.9967005866 0.9973604693 0.9980203519 0.9986802346 0.9993401173 1 
0.4916757643 0.5106141978 0.5295526314 0.5484910649 0.5674294985 0.5863679321 0.6053063656 0.6242447992 0.6431832327 0.6620994869 0.6803290031 0.6933833594 0.7062804298 0.7191161205 0.7319518112 0.7447875018 0.7576231925 0.7704588831 0.7832945738 0.7961302645 0.8089659551 0.8218016458 0.8346373364 0.8474730271 0.8559954748 0.8633677244 0.870739974 0.8781122237 0.8854844733 0.8928567229 0.9002289725 0.9076012221 0.9149734717 0.9223457213 0.9297179709 0.9370902205 0.9447570607 0.9503298021 0.9538748923 0.9570031573 0.9601314223 0.9632596873 0.9663879524 0.9695162174 0.9726444824 0.9757727474 0.9789010125 0.9820292775 0.9851575425 0.9882858075 0.9908941746 0.9920468274 0.9927412905 0.9934011732 0.9940610558 0.9947209385 0.9953808212 0.9960407039 0.9967005866 0.9973604693 0.9980203519 0.9986802346 0.9993401173 1 
0.4925121423 0.5114505759 0.5303890094 0.549327443 0.5682658765 0.5872043101 0.6061427437 0.6250811772 0.6440196108 0.6629580443 0.6813760854 0.6943460444 0.7071817351 0.7200174257 0.7328531164 0.745688807 0.7585244977 0.7713601884 0.784195879 0.7970315697 0.8098672603 0.822702951 0.8355386416 0.8483743323 0.85689678 0.8642690296 0.8716412793 0.8790135289 0.8863857785 0.8937580281 0.9011302777 0.9085025273 0.9158747769 0.9232470265 0.9306192761 0.9379915258 0.9454299079 0.9510026493 0.9542034057 0.9573316707 0.9604599357 0.9635882008 0.9667164658 0.9698447308 0.9729729958 0.9761012609 0.9792295259 0.9823577909 0.9854860559 0.988614321 0.991222688 0.9920814078 0.9927412905 0.9934011732 0.9940610558 0.9947209385 0.9953808212 0.9960407039 0.9967005866 0.9973604693 0.9980203519 0.9986802346 0.9993401173 1 
0.4933485203 0.5122869539 0.5312253875 0.550163821 0.5691022546 0.5880406881 0.6069791217 0.6259175553 0.6448559888 0.6637944224 0.682411659 0.6952473496 0.7080830403 0.7209187309 0.7337544216 0.7465901122 0.7594258029 0.7722614936 0.7850971842 0.7979328749 0.8107685655 0.8236042562 0.8364399469 0.8492756375 0.8577980852 0.8651703349 0.8725425845 0.8799148341 0.8872870837 0.8946593333 0.9020315829 0.9094038325 0.9167760821 0.9241483317 0.9315205814 0.938892831 0.9462650806 0.9514036541 0.9545319191 0.9576601841 0.9607884492 0.9639167142 0.9670449792 0.9701732442 0.9733015093 0.9764297743 0.9795580393 0.9826863043 0.9858145694 0.9889428344 0.9914215251 0.9920814078 0.9927412905 0.9934011732 0.9940610558 0.9947209385 0.9953808212 0.9960407039 0.9967005866 0.9973604693 0.9980203519 0.9986802346 0.9993401173 1 
