8.069195729e-006 9.738429713e-006 1.14076637e-005 1.307689768e-005 1.474613166e-005 1.641536565e-005 1.808459963e-005 2.133514984e-005 2.5263407e-005 2.919166416e-005 3.311992132e-005 3.704817848e-005 4.097643564e-005 4.582310842e-005 5.204740464e-005 5.827170085e-005 6.449599706e-005 7.072029327e-005 7.694458948e-005 8.41185779e-005 9.983979617e-005 0.0001155610144 0.0001312822327 0.000147003451 0.0001627246693 0.0001784458875 0.0002072388573 0.0002392997649 0.0002713606726 0.0002923772135 0.0003074467877 0.000322516362 0.0002564325906 0.0002569239043 0.000257415218 0.0002483167933 0.0002214088547 0.000194500916 0.00017004132 0.0001553750944 0.0001407088688 0.0001260426433 0.0001113764177 9.671019214e-005 8.204396658e-005 7.4373452e-005 6.748023865e-005 6.058702529e-005 5.369381194e-005 4.680059858e-005 3.990738523e-005 3.521909073e-005 3.200074215e-005 2.878239357e-005 2.556404498e-005 2.23456964e-005 1.912734782e-005 1.640792373e-005 1.485265681e-005 1.329738988e-005 1.174212295e-005 1.018685603e-005 8.631589104e-006 7.076322179e-006 
0.001012115491 0.001013784725 0.001015453959 0.001017123193 0.001018792427 0.001020461661 0.001602745756 0.002359051961 0.002786541318 0.002790469575 0.002794397832 0.002798326089 0.002802254346 0.003140237246 0.003833555011 0.003839779307 0.003846003603 0.003852227899 0.003858452196 0.003865626184 0.003881347402 0.003897068621 0.003912789839 0.003928511057 0.003952410804 0.004295273175 0.004454003028 0.004486063936 0.004518124843 0.004539141384 0.004554210958 0.004576789093 0.004251708385 0.004295627513 0.004296118826 0.004293218596 0.004270959303 0.004244051365 0.004081256415 0.003374913419 0.003342955274 0.003328289049 0.003313622823 0.003298956598 0.003284290372 0.002631885779 0.002392171926 0.002385278713 0.0023783855 0.002371492286 0.002364599073 0.002096876287 0.001819663676 0.001816445328 0.001813226979 0.00181000863 0.001806790282 0.001804070858 0.001802515591 0.001800960324 0.001799405057 0.00179784979 0.001681788736 0.00117131886 
0.002016161786 0.00201783102 0.002019500254 0.002021169488 0.002116992484 0.002746353459 0.003375714435 0.00413202064 0.004942731944 0.005551747486 0.005555675743 0.005559604 0.005563532257 0.005901515157 0.006740580021 0.007579644885 0.007627511209 0.007633735506 0.007639959802 0.00764713379 0.007662855008 0.007678576227 0.007694297445 0.007791803951 0.008134666322 0.008477528692 0.008656006092 0.008732828106 0.008764889014 0.008785905555 0.008800975129 0.008864433206 0.008225047945 0.008334331121 0.008334822435 0.008331922205 0.008320509752 0.008293601813 0.008130806863 0.007424463868 0.006718120872 0.006530535454 0.006515869229 0.006501203003 0.006486536778 0.005834132185 0.005110867773 0.004709970401 0.004703077188 0.004696183974 0.004689290761 0.004421567975 0.003979958807 0.003604108262 0.003600889913 0.003597671564 0.003594453216 0.003591733792 0.003590178525 0.003588623258 0.003587067991 0.00335650115 0.002846031274 0.002335561398 
0.003020208082 0.003021877316 0.00302354655 0.003260600187 0.003889961162 0.004519322138 0.005148683114 0.005904989319 0.006715700623 0.007526411926 0.008316953654 0.008320881911 0.008324810168 0.008662793068 0.009501857932 0.0103409228 0.01117998766 0.01141524311 0.01142146741 0.0114286414 0.01144436261 0.01146008383 0.0116311971 0.01197405947 0.01231692184 0.01265978421 0.01283826161 0.01297564277 0.01301165318 0.01303266973 0.01307026498 0.01315207732 0.0121983875 0.01231745306 0.01237352604 0.01237062581 0.012361427 0.01234315226 0.01218035731 0.01147401432 0.01076767132 0.01006132833 0.009718115634 0.009703449409 0.009688783183 0.00903637859 0.008313114179 0.007589849767 0.007027768875 0.007020875662 0.007013982449 0.006746259662 0.006304650494 0.005863041326 0.005421432158 0.005385334498 0.00538211615 0.005379396726 0.005377841459 0.005376286192 0.005031213564 0.004520743688 0.004010273812 0.003499803936 
0.004024254377 0.004025923611 0.00440420789 0.005033568866 0.005662929841 0.006292290817 0.006921651793 0.007677957998 0.008488669302 0.009299380605 0.01011009191 0.01092080321 0.01108608808 0.01142407098 0.01226313584 0.01310220071 0.01394126557 0.01478033043 0.01520297501 0.015210149 0.01522587022 0.01547059025 0.01581345262 0.01615631499 0.01649917736 0.01684203973 0.01702051713 0.01715789828 0.01725841736 0.0172794339 0.01735790909 0.01743972143 0.01617172706 0.01629079262 0.01640985817 0.01640932942 0.01640013061 0.0163909318 0.01622990776 0.01552356477 0.01481722177 0.01411087877 0.01340453578 0.01290569581 0.01289102959 0.012238625 0.01151536058 0.01079209617 0.01006883176 0.00934556735 0.009338674136 0.00907095135 0.008629342182 0.008187733014 0.007746123846 0.007304514678 0.007169779084 0.00716705966 0.007165504393 0.006705925978 0.006195456102 0.005684986226 0.00517451635 0.004664046474 
0.005028300672 0.005547815593 0.006177176569 0.006806537545 0.00743589852 0.008065259496 0.008694620472 0.009450926677 0.01026163798 0.01107234928 0.01188306059 0.01269377189 0.01350448319 0.01418534889 0.01502441375 0.01586347862 0.01670254348 0.01754160834 0.01838067321 0.01899165661 0.01930998339 0.01965284576 0.01999570813 0.0203385705 0.02068143287 0.02102429524 0.02120277264 0.0213401538 0.02147753496 0.02156374087 0.02164555321 0.02172736554 0.02014506662 0.02026413218 0.02038319773 0.02044803303 0.02043883422 0.02042963541 0.02027945821 0.01957311521 0.01886677222 0.01816042922 0.01745408623 0.01674774323 0.01609327599 0.0154408714 0.01471760699 0.01399434258 0.01327107817 0.01254781376 0.01182454934 0.01139564304 0.01095403387 0.0105124247 0.01007081553 0.009629206366 0.009187597198 0.008891108268 0.008380638392 0.007870168516 0.00735969864 0.006849228764 0.006338758888 0.005828289012 
0.009027200894 0.00965656187 0.01028592285 0.01091528382 0.0115446448 0.01217400577 0.01362132383 0.01563478554 0.01660604382 0.01741675512 0.01822746643 0.01903817773 0.01984888903 0.02067094176 0.02151000663 0.02234907149 0.02318813635 0.02402720122 0.02486626608 0.02620936285 0.02681204037 0.02715490274 0.02749776511 0.02784062748 0.02818348985 0.02852635222 0.02882394793 0.02896132909 0.02909871025 0.02919997167 0.02928178401 0.02936359635 0.02715503839 0.02727410394 0.02739316949 0.02773121963 0.02772202082 0.02771282201 0.02746756392 0.02676122092 0.02605487793 0.02534853493 0.02464219193 0.02393584894 0.02319485324 0.02246859817 0.02174533376 0.02102206935 0.02029880494 0.01957554052 0.01858525268 0.01690432442 0.01610915188 0.01566754271 0.01522593354 0.01478432438 0.01434271521 0.01388044783 0.01336997795 0.01285950808 0.0123490382 0.01183856833 0.01132809845 0.01007488518 
0.01352524344 0.01415460441 0.01478396539 0.01541332636 0.01604268734 0.01745971069 0.019603807 0.02161726871 0.02357474416 0.02452306716 0.02533377846 0.02614448976 0.02695520107 0.0277772538 0.02861631866 0.02945538352 0.03029444839 0.03113351325 0.03254050506 0.03392064054 0.03461460447 0.03521025996 0.03555312233 0.0358959847 0.03623884707 0.03658170944 0.03698707886 0.03715565768 0.03729303883 0.03739430026 0.03747611259 0.03737742156 0.03467111551 0.03479018106 0.03502722342 0.0355551534 0.03554595458 0.0355114478 0.03517876217 0.03447241917 0.03376607618 0.03305973318 0.03235339018 0.03161333104 0.03086016007 0.030133905 0.02941064059 0.02868737618 0.02796411176 0.02698596135 0.02565582551 0.02397489725 0.02206010737 0.02129439844 0.02085278928 0.02041118011 0.01996957094 0.01950730356 0.01899683368 0.01848636381 0.01797589393 0.01746542406 0.01622989515 0.01483520695 
0.01802328598 0.01865264696 0.01928200793 0.01991136891 0.02129809755 0.02344219386 0.02558629017 0.02759975188 0.02955722733 0.03151470278 0.03244009049 0.0332508018 0.0340615131 0.03488356583 0.03572263069 0.03656169556 0.03740076042 0.03879540599 0.04025178276 0.04163191824 0.04232588216 0.04301984609 0.04360847955 0.04395134192 0.04429420429 0.04463706666 0.04504243609 0.04534998626 0.04548736742 0.04558862884 0.04567044118 0.04535602661 0.04218719264 0.04230625819 0.04285115719 0.04337908716 0.04336988835 0.04322264605 0.04288996042 0.04218361742 0.04147727443 0.04077093143 0.04003180885 0.03927863787 0.0385254669 0.03779921183 0.03707594742 0.036352683 0.03538667002 0.03405653418 0.03272639834 0.03104547008 0.0291306802 0.02721589032 0.02647964501 0.02603803584 0.02559642667 0.02513415929 0.02462368942 0.02411321954 0.02360274966 0.02238490513 0.02099021693 0.01959552873 
0.02252132852 0.0231506895 0.02378005047 0.02513648441 0.02728058072 0.02942467703 0.03156877334 0.03358223505 0.0355397105 0.03749718595 0.0394546614 0.04035711383 0.04116782513 0.04198987786 0.04282894273 0.04366800759 0.04505030693 0.04650668369 0.04796306045 0.04934319593 0.05003715986 0.05073112379 0.05142508772 0.05200669915 0.05234956152 0.05269242389 0.05309779331 0.05351878949 0.053681696 0.05378295743 0.05369307143 0.05333463165 0.04970326977 0.04985793779 0.05067509095 0.05120302093 0.05117311559 0.0509338443 0.05060115867 0.04989481567 0.04918847268 0.04845028665 0.04769711568 0.0469439447 0.04619077372 0.04546451866 0.04474125425 0.04378737869 0.04245724285 0.04112710701 0.03979697117 0.0381160429 0.03620125303 0.03428646315 0.03237167327 0.03166489157 0.0312232824 0.03076101502 0.03025054515 0.02974007527 0.0285399151 0.0271452269 0.0257505387 0.0243558505 
0.02701937107 0.02764873204 0.02897487127 0.03111896758 0.03326306389 0.03540716021 0.03755125652 0.03956471822 0.04152219367 0.04347966912 0.04543714457 0.04739462002 0.04827413717 0.0490961899 0.04993525476 0.05130520786 0.05276158462 0.05421796138 0.05567433815 0.05705447362 0.05774843755 0.05844240148 0.05913636541 0.05983032934 0.06040491874 0.06074778111 0.06115315053 0.06157414671 0.06187602459 0.06197728601 0.06167167648 0.0613132367 0.0572193469 0.05768187155 0.05849902472 0.05902695469 0.05888431384 0.05864504255 0.05831235692 0.05760601392 0.05686876446 0.05611559348 0.05536242251 0.05460925153 0.05385608055 0.05312982549 0.05218808736 0.05085795152 0.04952781568 0.04819767984 0.046867544 0.04518661573 0.04327182585 0.04135703597 0.0394422461 0.03752745622 0.03685013813 0.03638787075 0.03587740088 0.03469492508 0.03330023687 0.03190554867 0.03051086047 0.02911617227 
0.03151741361 0.03281325813 0.03495735444 0.03710145075 0.03924554707 0.04138964338 0.04353373969 0.04554720139 0.04750467684 0.04946215229 0.05141962774 0.05337710319 0.05533457864 0.05620250193 0.05756010879 0.05901648555 0.06047286231 0.06192923908 0.06338561584 0.06476575132 0.06545971525 0.06615367918 0.0668476431 0.06754160703 0.06823557096 0.06880313833 0.06920850775 0.06962950393 0.07005050012 0.07000872131 0.06965028153 0.06929184174 0.06473542402 0.06550580532 0.06632295849 0.06683478339 0.06659551209 0.0663562408 0.06602355517 0.06528724226 0.06453407129 0.06378090031 0.06302772934 0.06227455836 0.06152138738 0.06058879603 0.05925866019 0.05792852435 0.05659838851 0.05526825267 0.05393811682 0.05225718856 0.05034239868 0.0484276088 0.04651281892 0.04459802904 0.04268323917 0.04201472649 0.04084993505 0.03945524685 0.03806055865 0.03666587045 0.03527118225 0.03387649404 
0.03558482489 0.0378167956 0.03996089191 0.04210498822 0.04424908453 0.04639318084 0.04853727715 0.05055073886 0.05250821431 0.05446568976 0.05642316521 0.05838064065 0.0603381161 0.06217298155 0.06362935831 0.06508573507 0.06654211184 0.0679984886 0.06945486536 0.07089056675 0.07164565318 0.07233961711 0.07303358103 0.07372754496 0.07442150889 0.07511547282 0.07559106255 0.07601205874 0.07643305492 0.07634255303 0.07598411325 0.07562567346 0.07098940611 0.07180655928 0.07262371245 0.07310944936 0.07287017806 0.07263090677 0.07234379226 0.07159336812 0.07084019714 0.07008702617 0.06933385519 0.06858068421 0.06782751324 0.06655507388 0.06522493804 0.0638948022 0.06256466636 0.06123453052 0.05990439468 0.05828395608 0.0563691662 0.05445437632 0.05253958645 0.05062479657 0.04871000669 0.04718096175 0.04578627355 0.04439158535 0.04299689714 0.04160220894 0.04020752074 0.03881283254 
0.03907806114 0.04151507212 0.04365916843 0.04580326475 0.04794736106 0.05009145737 0.05223555368 0.05424901539 0.05620649083 0.05816396628 0.06012144173 0.06207891718 0.06406108789 0.06601576099 0.06750923693 0.0689656137 0.07042199046 0.07187836722 0.07333474398 0.07477044537 0.07579780476 0.07649176869 0.07718573261 0.07787969654 0.07857366047 0.0792676244 0.07974321413 0.08016421032 0.0805852065 0.08048335366 0.08012491387 0.07976647409 0.07523452584 0.07607640683 0.07689356 0.07746873895 0.07722946766 0.07699019637 0.07670308186 0.07608725268 0.0753340817 0.07458091072 0.07382773975 0.07307456877 0.0723213978 0.07104895844 0.0697188226 0.06838868676 0.06705855092 0.06572841508 0.06448469305 0.0629189832 0.06100419332 0.05908940344 0.05717461356 0.05525982368 0.0533450338 0.05224127078 0.05095730101 0.04956261281 0.04816792461 0.0467732364 0.0453785482 0.04398386 
0.0425712974 0.04513384324 0.04735744496 0.04950154127 0.05164563758 0.05378973389 0.0559338302 0.05794729191 0.05990476736 0.06186224281 0.06381971826 0.0657771937 0.06788037118 0.06983504429 0.07138911556 0.07284549232 0.07430186908 0.07575824585 0.07721462261 0.078650324 0.07989994702 0.08064392026 0.08133788419 0.08203184812 0.08272581205 0.08341977598 0.08389536571 0.0843163619 0.08486933593 0.08462415428 0.0842657145 0.08390727471 0.0794624312 0.08034625438 0.08116340755 0.0817385865 0.08158875725 0.08134948596 0.08106237145 0.08058113723 0.07982796626 0.07907479528 0.07832162431 0.07756845333 0.07681528235 0.075542843 0.07421270716 0.07288257132 0.07155243548 0.07022229963 0.06911972016 0.06755401031 0.06563922043 0.06372443055 0.06180964067 0.05989485079 0.05838043119 0.05727666817 0.05612832847 0.05473364027 0.05333895207 0.05194426387 0.05054957567 0.04915488746 
0.04606453365 0.04862707949 0.05105572149 0.0531998178 0.05534391411 0.05748801042 0.05963210673 0.06164556844 0.06360304388 0.06556051933 0.06751799478 0.06949522644 0.07169965448 0.07365432758 0.07523436828 0.07672537094 0.07818174771 0.07963812447 0.08109450123 0.08253020262 0.08377982564 0.08479607184 0.08549003577 0.0861839997 0.08687796363 0.08757192756 0.08804751729 0.08846851347 0.08915346537 0.08887610786 0.08840651512 0.08804807534 0.08369033655 0.08461610194 0.0854332551 0.08600843406 0.08594804685 0.08570877556 0.08542166105 0.08494317367 0.08432185081 0.08356867984 0.08281550886 0.08206233789 0.08130916691 0.08003672756 0.07870659171 0.07737645587 0.07604632003 0.07479683708 0.07375474727 0.07218903742 0.07027424755 0.06835945767 0.06644466779 0.06452987791 0.06341582858 0.06231206556 0.06119417342 0.05990466773 0.05850997953 0.05711529133 0.05572060313 0.05432591493 
0.04955776991 0.05212031575 0.05468286159 0.05689809432 0.05904219063 0.06118628694 0.06333038325 0.06534384496 0.06730132041 0.06925879586 0.07121627131 0.07331450973 0.07551893777 0.07747361088 0.07905365158 0.08060524957 0.08206162633 0.08351800309 0.08497437986 0.08641008125 0.08765970427 0.08890932729 0.08964218735 0.09033615128 0.09103011521 0.09172407914 0.09219966887 0.09262066505 0.0934375948 0.09316023729 0.09254731575 0.09218887596 0.08791824191 0.08888594949 0.08970310265 0.09027828161 0.09030733645 0.09006806515 0.08978095064 0.08930246326 0.08881573537 0.0880625644 0.08730939342 0.08655622244 0.08580305147 0.08453061211 0.08320047627 0.08187034043 0.08054020459 0.0794318642 0.07838977439 0.07682406454 0.07490927466 0.07299448478 0.0710796949 0.06954893365 0.06845122596 0.06734746294 0.06622957081 0.06507569519 0.06368100699 0.06228631879 0.06089163059 0.05949694239 
0.05305100616 0.055613552 0.05817609784 0.06059637085 0.06274046716 0.06488456347 0.06702865978 0.06904212149 0.07099959693 0.07295707238 0.07492936499 0.07713379303 0.07933822107 0.08129289417 0.08287293487 0.08445297557 0.08594150496 0.08739788172 0.08885425848 0.09028995987 0.09153958289 0.09278920591 0.09379433893 0.09448830286 0.09518226679 0.09587623072 0.09635182045 0.09677281663 0.09772172424 0.09744436673 0.09668811637 0.09632967659 0.09214614727 0.09315351447 0.0939729502 0.09454812916 0.09466662604 0.09442735475 0.09414024024 0.09366175286 0.09318326548 0.09255644895 0.09180327798 0.091050107 0.09029693602 0.08902449667 0.08769436083 0.08636422499 0.08510898112 0.08406689131 0.0830248015 0.08145909165 0.07954430177 0.07762951189 0.07571472201 0.07458433104 0.07348662335 0.07238286033 0.0712649682 0.07014707607 0.06885203445 0.06745734625 0.06606265805 0.06466796985 
0.05654424242 0.05910678826 0.0616693341 0.06423187994 0.06643874368 0.06858283999 0.0707269363 0.07274039801 0.07469787346 0.07665534891 0.07874864828 0.08095307632 0.08315750436 0.08511217747 0.08669221817 0.08827225887 0.08982138358 0.09127776034 0.09273413711 0.09416983849 0.09541946151 0.09666908453 0.09791870755 0.09864045444 0.09933441837 0.1000283823 0.100503972 0.1010461724 0.1020058537 0.1017284962 0.100828917 0.1004704772 0.09637405262 0.09738141983 0.09824279776 0.09881797671 0.09894377498 0.09878664434 0.09849952983 0.09802104245 0.09754255507 0.09705033351 0.09629716253 0.09554399156 0.09479082058 0.09351838123 0.09218824539 0.09085810955 0.08974400823 0.08870191842 0.08765982862 0.08609411877 0.08417932889 0.08226453901 0.08071743611 0.07961972843 0.07852202074 0.07741825772 0.07630036559 0.07518247345 0.07402306191 0.07262837371 0.07123368551 0.06983899731 
0.06003747867 0.06260002451 0.06516257035 0.0677251162 0.07013702021 0.07228111652 0.07442521283 0.07643867454 0.07839614998 0.08036350354 0.08256793158 0.08477235962 0.08697678766 0.08893146076 0.09051150146 0.09209154216 0.09367158286 0.09515763897 0.09661401573 0.09804971712 0.09929934014 0.1005489632 0.1017985862 0.102792606 0.1034865699 0.1041805339 0.1046561236 0.1053303018 0.1062899831 0.1060126256 0.1050691703 0.1046112778 0.100601958 0.1016093252 0.1025126453 0.1030878243 0.1032136225 0.1031459339 0.1028588194 0.102380332 0.1019018447 0.1014233573 0.1007910471 0.1000378761 0.09928470514 0.09801226578 0.09668212994 0.09542112515 0.09437903534 0.09333694554 0.09229485573 0.09072914588 0.088814356 0.08689956612 0.0857528335 0.08465512581 0.08355741813 0.0824536551 0.08133576297 0.08021787084 0.07909997871 0.07779940117 0.07640471297 0.07501002477 
0.06353071493 0.06609326077 0.06865580661 0.07121835245 0.07378089829 0.07597939304 0.07812348935 0.08013695106 0.08209442651 0.08418278683 0.08638721487 0.08859164292 0.09079607096 0.09275074406 0.09433078476 0.09591082546 0.09749086616 0.09903751759 0.1004938944 0.1019295957 0.1031792188 0.1044288418 0.1056784648 0.1069280878 0.1076387215 0.1083326855 0.1088082752 0.1096144312 0.1105741125 0.110296755 0.1093532997 0.1087520785 0.1048298633 0.1058372305 0.1067824929 0.1073576718 0.1074834701 0.1075052235 0.107218109 0.1067396216 0.1062611343 0.1057826469 0.1052849316 0.1045317607 0.1037785897 0.1025061503 0.1011760145 0.1000561523 0.09901406246 0.09797197265 0.09692988284 0.09536417299 0.09344938311 0.09188593858 0.09078823089 0.0896905232 0.08859281551 0.08748905249 0.08637116036 0.08525326823 0.0841353761 0.08297042864 0.08157574043 0.08018105223 
0.06702395118 0.06958649702 0.07214904286 0.07471158871 0.07727413455 0.07967766957 0.08182176588 0.08383522759 0.08579764209 0.08800207013 0.09020649817 0.09241092621 0.09461535425 0.09657002736 0.09815006805 0.09973010875 0.1013101495 0.1028901902 0.104373773 0.1058094744 0.1070590974 0.1083087204 0.1095583434 0.1108079664 0.1117908731 0.112484837 0.1129604268 0.1138985607 0.114858242 0.1145808845 0.1136374291 0.1128928791 0.1090577687 0.1100651359 0.1110523404 0.1116275194 0.1117533176 0.1118645131 0.1115773986 0.1110989112 0.1106204239 0.1101419365 0.1096634491 0.1090256452 0.1082724743 0.1070000349 0.1057332692 0.1046911794 0.1036490896 0.1026069998 0.10156491 0.09999920011 0.09808441023 0.09692133596 0.09582362828 0.09472592059 0.0936282129 0.09252444988 0.09140655775 0.09028866562 0.08917077349 0.08805288135 0.0867467679 0.08535207969 
0.07051718743 0.07307973328 0.07564227912 0.07820482496 0.0807673708 0.08332991665 0.08552004241 0.08753350411 0.08961692538 0.09182135342 0.09402578147 0.09623020951 0.09843463755 0.1003893107 0.1019693514 0.103549392 0.1051294327 0.1067094734 0.1082536516 0.109689353 0.110938976 0.112188599 0.1134382221 0.1146878451 0.1159374681 0.1166369886 0.1172230088 0.1181826901 0.1191423714 0.1188650139 0.1179215586 0.1170336797 0.113285674 0.1142930413 0.1153004085 0.1158973669 0.1160231652 0.1161489635 0.1159366882 0.1154582008 0.1149797135 0.1145012261 0.1140227387 0.1135195298 0.1127663588 0.1114939195 0.1103682963 0.1093262065 0.1082841167 0.1072420269 0.1061999371 0.1046342272 0.103054441 0.1019567334 0.1008590257 0.09976131797 0.09866361029 0.09755984727 0.09644195513 0.095324063 0.09420617087 0.09308827874 0.09191779536 0.09052310716 
0.07401042369 0.07657296953 0.07913551537 0.08169806122 0.08426060706 0.0868231529 0.08921831893 0.09123178064 0.09343620868 0.09564063672 0.09784506476 0.1000494928 0.1022539208 0.1042085939 0.1057886346 0.1073686753 0.108948716 0.1105287567 0.1121087974 0.1135692316 0.1148188546 0.1160684777 0.1173181007 0.1185677237 0.1198173467 0.1207891402 0.1215071382 0.1224668195 0.1234265008 0.1231491433 0.122205688 0.1212622327 0.1175135794 0.1185209466 0.1195283138 0.1201672145 0.1202930127 0.120418811 0.1202959778 0.1198174904 0.1193390031 0.1188605157 0.1183820283 0.1179035409 0.1172602434 0.1160454132 0.1150033234 0.1139612336 0.1129191438 0.111877054 0.1108349642 0.1092692543 0.1080898384 0.1069921307 0.1058944231 0.1047967154 0.1036990077 0.1025952447 0.1014773525 0.1003594604 0.09924156826 0.09812367613 0.097005784 0.09569413462 
0.07750365994 0.08006620579 0.08262875163 0.08519129747 0.08775384331 0.09031638916 0.092878935 0.09505106393 0.09725549197 0.09945992002 0.1016643481 0.1038687761 0.1060732041 0.1080278772 0.1096079179 0.1111879586 0.1127679993 0.11434804 0.1159280807 0.1174491102 0.1186987333 0.1199483563 0.1211979793 0.1224476023 0.1236972253 0.1249412918 0.1257912677 0.126750949 0.1277106303 0.1274332728 0.1264898174 0.1255463621 0.1217414848 0.122748852 0.1237562192 0.124437062 0.1245628603 0.1246886586 0.1246552674 0.12417678 0.1236982926 0.1232198053 0.1227413179 0.1222628305 0.1217541279 0.1206804403 0.1196383505 0.1185962607 0.1175541709 0.1165120811 0.1154699913 0.1142229435 0.1131252358 0.1120275281 0.1109298204 0.1098321127 0.1087344051 0.107630642 0.1065127499 0.1053948578 0.1042769656 0.1031590735 0.1020411814 0.1008651621 
0.07939022333 0.08195276918 0.08451531502 0.08707786086 0.0896404067 0.09220295254 0.09469791294 0.09697812971 0.09918255775 0.1013869858 0.1035914138 0.1057958419 0.1080002699 0.109954943 0.1115349837 0.1131150244 0.1146950651 0.1162751058 0.1178551465 0.1191531389 0.1204027619 0.1216523849 0.1229020079 0.124151631 0.125401254 0.1265427055 0.1273692358 0.1283289171 0.1292885984 0.1290112409 0.1280677855 0.1271243302 0.1239130868 0.124920454 0.1259278213 0.1263411383 0.1264669365 0.1265927348 0.1266688025 0.1261903151 0.1257118277 0.1252333403 0.124754853 0.1242763656 0.1239352104 0.1231986346 0.1221565448 0.121114455 0.1200723652 0.1190302754 0.1179881856 0.1170438677 0.11594616 0.1148484523 0.1137507447 0.112653037 0.1115553293 0.1104515663 0.1093336741 0.108215782 0.1070978899 0.1059799977 0.1048621056 0.1037820298 
0.08007178207 0.08263432792 0.08519687376 0.0877594196 0.09032196544 0.09282212472 0.09512472653 0.09741652745 0.09969046038 0.1018948884 0.1040993165 0.1063037445 0.1085081725 0.1104628457 0.1120428864 0.113622927 0.1152029677 0.1167830084 0.1180784702 0.11922528 0.120474903 0.1217245261 0.1229741491 0.1242237721 0.1253712332 0.1263203798 0.1269175829 0.1278772642 0.1288369455 0.128559588 0.1276161326 0.1270247946 0.1245424615 0.1255498287 0.1265084794 0.126470886 0.1265966843 0.1267224826 0.1269230217 0.1264445343 0.1259660469 0.1254875595 0.1250090722 0.124661946 0.1244820068 0.1238785769 0.1230871145 0.1220450247 0.1210029349 0.1199608451 0.1189187553 0.1179838047 0.1171062294 0.1160085217 0.114910814 0.1138131063 0.1127153986 0.1116116356 0.1104937435 0.1093758513 0.1082579592 0.1071400671 0.1060586407 0.1050082777 
0.08075334081 0.08331588666 0.0858784325 0.08844097834 0.0909463365 0.09324893831 0.09555154012 0.09784334104 0.100130513 0.1024027911 0.1046072191 0.1068116471 0.1090160752 0.1109707483 0.112550789 0.1141308297 0.1157108704 0.1170152252 0.1181506114 0.1192974212 0.1205470442 0.1217966672 0.1230462902 0.1241997608 0.1251489075 0.1260980541 0.1266812167 0.1274256113 0.1283852926 0.1281079351 0.1271644797 0.1272121693 0.1251718361 0.1261792033 0.1266382272 0.1266006338 0.1267264321 0.1269690811 0.1271772409 0.1266987535 0.1262202661 0.1257417787 0.1253886816 0.1252087425 0.1250288033 0.1244253733 0.1237748889 0.1229755944 0.1219335045 0.1208914147 0.1198493249 0.1189143744 0.11805085 0.117168591 0.1160708833 0.1149731756 0.113875468 0.1127717049 0.1116538128 0.1105359207 0.1094180285 0.1083352516 0.1072848886 0.1062345256 
0.08143489955 0.0839974454 0.08655999124 0.08907054828 0.09137315009 0.0936757519 0.09597835371 0.09827015463 0.1005573266 0.1028444986 0.1051151217 0.1073195498 0.1095239778 0.1114786509 0.1130586916 0.1146387323 0.1159519803 0.1170873664 0.1182227525 0.1193695623 0.1206191853 0.1218688084 0.1230282885 0.1239774351 0.1249265818 0.1258757284 0.126458891 0.1269739584 0.1279336397 0.1276562822 0.1270388613 0.1273995441 0.1258012107 0.1268085779 0.126767975 0.1267303816 0.1268561798 0.1272233003 0.1274314601 0.1269529727 0.1264744853 0.1261154172 0.1259354781 0.1257555389 0.1255755998 0.1249721698 0.1243216853 0.1236712008 0.1228640742 0.1218219844 0.1207798946 0.1198449441 0.1189814197 0.1181178954 0.1172309527 0.116133245 0.1150355373 0.1139317743 0.1128138821 0.11169599 0.1106118625 0.1095614995 0.1085111365 0.1074607736 
0.08211645829 0.08467900414 0.08719476005 0.08949736187 0.09179996368 0.09410256549 0.0964051673 0.09869696822 0.1009841402 0.1032713121 0.1055584841 0.1078274524 0.1100318805 0.1119865536 0.1135665943 0.1148887353 0.1160241214 0.1171595075 0.1182948937 0.1194417035 0.1206913265 0.1218568161 0.1228059628 0.1237551094 0.1247042561 0.1256534028 0.1262365654 0.1267282319 0.1274819868 0.1272046293 0.1272262361 0.1275869188 0.1264305854 0.1270232963 0.1268977227 0.1268601293 0.1270976979 0.1274775195 0.1276856793 0.1272071919 0.1268421529 0.1266622137 0.1264822745 0.1263023354 0.1261223962 0.1255189663 0.1248684818 0.1242179973 0.1235675128 0.1227525541 0.1217104643 0.1207755137 0.1199119894 0.119048465 0.1181849407 0.1172933143 0.1161956066 0.1150918436 0.1139739515 0.1128884733 0.1118381104 0.1107877474 0.1097373845 0.1086870215 
0.08279801704 0.08531897183 0.08762157364 0.08992417546 0.09222677727 0.09452937908 0.09683198089 0.09912378181 0.1014109538 0.1036981257 0.1059852977 0.1082724697 0.1105397831 0.1124944562 0.1138254903 0.1149608764 0.1160962626 0.1172316487 0.1183670348 0.1195138446 0.1206853438 0.1216344904 0.1225836371 0.1235327838 0.1244819304 0.1254310771 0.1260142397 0.1265059062 0.1270303339 0.1270529281 0.1274136108 0.1277742936 0.12705996 0.127153044 0.1270274705 0.1269898771 0.1273519171 0.1277317387 0.1279398985 0.1275688885 0.1273889493 0.1272090101 0.127029071 0.1268491318 0.1266691927 0.1260657627 0.1254152782 0.1247647937 0.1241143093 0.1234638248 0.122641034 0.1217060834 0.1208425591 0.1199790347 0.1191155103 0.118251986 0.117355676 0.1162519129 0.1151650842 0.1141147213 0.1130643583 0.1120139953 0.1109636324 0.1099132694 
0.08346180478 0.0857644066 0.08806700841 0.09036961022 0.09267221203 0.09497481384 0.09727741565 0.09950750621 0.1017946782 0.1040818501 0.1063690221 0.1086561941 0.110943366 0.1128232216 0.1139586077 0.1150939938 0.1162293799 0.1173647661 0.1185001522 0.1195345091 0.1204506936 0.1213998403 0.1223489869 0.1232981336 0.1242472803 0.1251964269 0.1257795895 0.1262712561 0.1267629227 0.1271738281 0.1275345108 0.1278951936 0.1273610632 0.1272354897 0.1271099162 0.127167626 0.1275474476 0.1279272692 0.1281948604 0.1280149213 0.1278349821 0.1276550429 0.1274751038 0.1272951646 0.1271152254 0.1265117955 0.125861311 0.1252108265 0.124560342 0.1239098576 0.1232593731 0.1224385384 0.121575014 0.1207114897 0.1198479653 0.118984441 0.1181209166 0.1173302751 0.1162799121 0.1152295491 0.1141791862 0.1131288232 0.1120784603 0.1110280973 
0.08401896659 0.0863215684 0.08862417021 0.09092677202 0.09322937384 0.09553197565 0.09776612022 0.09978276308 0.1019198674 0.1042070394 0.1064942113 0.1087813833 0.1110685553 0.1130475784 0.1144575825 0.1155929686 0.1167283547 0.1178637409 0.118999127 0.1200334839 0.1201585777 0.1210912433 0.12204039 0.1229895366 0.1239386833 0.1248878299 0.1254709925 0.1259626591 0.1264217771 0.1268958795 0.1272565622 0.127617245 0.1271596964 0.1270341229 0.1269085494 0.1270110244 0.127390846 0.1277706676 0.1281752566 0.127856372 0.1276764329 0.1274964937 0.1273165546 0.1271366154 0.1269566762 0.1263532463 0.1257027618 0.1250522773 0.1244017928 0.1237513084 0.1228821173 0.1219823052 0.1211187808 0.1202552565 0.1193917321 0.1185282078 0.1178422453 0.1173680639 0.1167262198 0.1156758568 0.1146254938 0.1135751309 0.1125247679 0.1114744049 
0.08457612839 0.0868787302 0.08918133202 0.09148393383 0.09378653564 0.09602234991 0.09824146728 0.1002581101 0.1021879782 0.1043322286 0.1066194006 0.1089065725 0.1111937445 0.1131727677 0.1146895676 0.1160919434 0.1172273295 0.1183627156 0.1194981018 0.1205324587 0.1206575525 0.1207826464 0.121731793 0.1226809397 0.1236300863 0.124579233 0.1251623956 0.1256540622 0.1260372333 0.1265309144 0.1269786136 0.1273392963 0.1269583296 0.1268327561 0.1267371275 0.1268544228 0.1272342444 0.1276885861 0.1281647144 0.1278337476 0.1275178837 0.1273379445 0.1271580053 0.1269780662 0.126798127 0.1261946971 0.1255442126 0.1248937281 0.1242432436 0.1233801277 0.1224258841 0.121526072 0.1206625476 0.1197990233 0.1189354989 0.1182410811 0.1178003231 0.1173261417 0.1167739724 0.1161221645 0.1150718015 0.1140214385 0.1129710756 0.1119207126 
0.0851332902 0.08743589201 0.08973849382 0.09204109563 0.09427857959 0.09649769696 0.09871681434 0.1007334572 0.1026633253 0.1045931933 0.1067445898 0.1090317618 0.1113189337 0.1132979569 0.1148147568 0.1163315568 0.1177263043 0.1188616904 0.1199970766 0.1210314335 0.1211565273 0.1212816211 0.121423196 0.1223723427 0.1233214894 0.124270636 0.1248537986 0.1253160164 0.1256526896 0.1261463707 0.126700665 0.1270613477 0.1267569628 0.1266313893 0.1265805259 0.1266978212 0.1270776428 0.1276780439 0.1281541721 0.1278232054 0.1274922387 0.1271793953 0.1269994561 0.126819517 0.1266395778 0.1260361479 0.1253856634 0.1247351789 0.1238781382 0.1229238945 0.1219696508 0.1210698388 0.1202063144 0.1193427901 0.1186399169 0.1181991589 0.1177584009 0.1172842195 0.1167320503 0.116179881 0.1155181091 0.1144677462 0.1134173832 0.1123670203 
0.085690452 0.08799305381 0.09029565563 0.09253480927 0.09475392665 0.09697304402 0.0991921614 0.1012088043 0.1031386723 0.1050685404 0.1069984085 0.109156951 0.111444123 0.1134231461 0.1149399461 0.116456746 0.117973546 0.1193606652 0.1204960513 0.1215304082 0.1216555021 0.1217805959 0.1219056898 0.1220637457 0.1230128924 0.1239620391 0.1245452016 0.1249314727 0.1252681459 0.1257618269 0.1263400508 0.1267833991 0.126555596 0.1264479894 0.1264239243 0.1265412196 0.1269895997 0.1276675017 0.1281436299 0.1278126632 0.1274816965 0.1271507298 0.1268409069 0.1266609678 0.1264810286 0.1258775986 0.1252271142 0.1243761486 0.123421905 0.1224676613 0.1215134176 0.1206136056 0.1197500812 0.1190387527 0.1185979947 0.1181572367 0.1177164787 0.1172422973 0.1166901281 0.1161379588 0.1155857896 0.1149140538 0.1138636909 0.1128133279 
0.08624761381 0.08855021562 0.09079103895 0.09301015633 0.09522927371 0.09744839108 0.09966750846 0.1016841513 0.1036140194 0.1055438875 0.1074737555 0.1094036236 0.1115693122 0.1135483354 0.1150651353 0.1165819353 0.1180987352 0.1196155352 0.1209950261 0.122029383 0.1221544769 0.1222795707 0.1224046646 0.1225297584 0.1227042954 0.1236534421 0.1242102558 0.124546929 0.1248836021 0.1253772832 0.125955507 0.1265054505 0.1263542292 0.1262913878 0.1262673228 0.126384618 0.1269790575 0.1276569595 0.1281330877 0.127802121 0.1274711543 0.1271401876 0.1268092209 0.1265024185 0.1263224794 0.1257190494 0.1248741591 0.1239199154 0.1229656718 0.1220114281 0.1210571844 0.1201573724 0.1194375886 0.1189968306 0.1185560725 0.1181153145 0.1176745565 0.1172003752 0.1166482059 0.1160960366 0.1155438674 0.1149916981 0.1143099985 0.1132596356 
0.08680477561 0.08904726863 0.09126638601 0.09348550339 0.09570462077 0.09792373814 0.1001428555 0.1021594984 0.1040893664 0.1060192345 0.1079491026 0.1098789706 0.1118088387 0.1136735246 0.1151903246 0.1167071245 0.1182239245 0.1197407244 0.1212575244 0.1225283578 0.1226534517 0.1227785455 0.1229036394 0.1230287332 0.1231538271 0.1233448451 0.1238257121 0.1241623852 0.1244990584 0.1249927395 0.1255709633 0.1261491871 0.1261588513 0.1261347863 0.1261107212 0.1262906133 0.1269685153 0.1276464173 0.1281225455 0.1277915788 0.1274606121 0.1271296454 0.1267986786 0.1264677119 0.1261639302 0.1253721695 0.1244179259 0.1234636822 0.1225094385 0.1215551949 0.1206009512 0.1198364244 0.1193956664 0.1189549084 0.1185141504 0.1180733924 0.1176326344 0.117158453 0.1166062837 0.1160541145 0.1155019452 0.114949776 0.1143976067 0.1137059432 
0.08697896839 0.08922409247 0.09144320984 0.09366232722 0.0958814446 0.09810056198 0.1003196794 0.1023270682 0.1042569362 0.1061868043 0.1081166724 0.1100465404 0.1119764085 0.1137410493 0.1152578493 0.1167746492 0.1182914492 0.1198082491 0.1213250491 0.1226949128 0.1228200067 0.1229451005 0.1230701944 0.1231952882 0.123320382 0.1235213419 0.1237948339 0.1241315071 0.1244681802 0.1249618613 0.1255400851 0.126118309 0.1261195032 0.1260954381 0.126071373 0.1263670918 0.1270449938 0.1277228958 0.1281990241 0.1278680574 0.1275370906 0.1272061239 0.1268751572 0.1265441905 0.1260314181 0.125450022 0.1244957783 0.1235415347 0.122587291 0.1216330473 0.1206788037 0.119786219 0.119345461 0.118904703 0.118463945 0.118023187 0.117582429 0.1171082476 0.1165560784 0.1160039091 0.1154517399 0.1148995706 0.1143474014 0.1138201362 
0.08699997356 0.08928150701 0.09150062439 0.09371974177 0.09593885915 0.09815797653 0.1003770939 0.1023752287 0.1043013951 0.1062312632 0.1081611313 0.1100909993 0.1120208674 0.1137855082 0.1153023082 0.1168191081 0.1183359081 0.119852708 0.1213695079 0.1227284999 0.1228535937 0.1229786876 0.1231037814 0.1232288753 0.1233539691 0.1238027581 0.123905422 0.1242420952 0.1245787683 0.1250724494 0.1256506732 0.1262288971 0.1261905512 0.1261029913 0.1260789262 0.1264487405 0.1271562807 0.1278341827 0.128310311 0.1279793442 0.1276483775 0.1273174108 0.1269864441 0.1266554774 0.1257863658 0.1257415087 0.124787265 0.1238330214 0.1228787777 0.1219245341 0.1209702904 0.1199016826 0.1192919425 0.1188511844 0.1184104264 0.1179696684 0.1175289104 0.1170547291 0.1165025598 0.1159503905 0.1153982213 0.114846052 0.1142938828 0.1138014833 
0.08702097873 0.08931440096 0.09155803894 0.09377715632 0.09599627369 0.09821539107 0.1004345085 0.1024326432 0.104345854 0.1062757221 0.1082055902 0.1101354582 0.1120653263 0.1138299671 0.115346767 0.116863567 0.1183803669 0.1198971669 0.1214044263 0.122762087 0.1228871808 0.1230122747 0.1231373685 0.1232624624 0.1234533068 0.1240841743 0.1240160101 0.1243526833 0.1246893564 0.1251830375 0.1257612613 0.1263422291 0.1262706464 0.1261105444 0.1260864793 0.1264562937 0.1272675676 0.1279454696 0.1284215978 0.1280906311 0.1277596644 0.1274286977 0.1270977309 0.126599503 0.1255413134 0.125562155 0.1250787518 0.1241245081 0.1231702644 0.1222160208 0.1212617771 0.1201931694 0.1192384239 0.1187976659 0.1183569079 0.1179161498 0.1174753918 0.1170012105 0.1164490412 0.115896872 0.1153447027 0.1147925334 0.1142638452 0.1137828305 
0.0870419839 0.08933540613 0.09161545348 0.09383457086 0.09605368824 0.09827280562 0.100491923 0.1024900578 0.1043934857 0.106320181 0.108250049 0.1101799171 0.1121097852 0.113874426 0.1153912259 0.1169080259 0.1184248258 0.1199416258 0.1214380133 0.122795674 0.1229207679 0.1230458617 0.1231709556 0.1232960494 0.1237347229 0.1243655904 0.1242032965 0.1244632714 0.1247999445 0.1252936256 0.1258718494 0.1264568916 0.1263507416 0.1261180976 0.1260940325 0.1264638469 0.1273788545 0.1280567564 0.1285328847 0.128201918 0.1278709513 0.1275399845 0.1272090178 0.1263544507 0.1252962611 0.1253171027 0.1253702385 0.1244159948 0.1234617512 0.1225075075 0.1215532638 0.1204846561 0.1193398056 0.1187441473 0.1183033893 0.1178626313 0.1174218733 0.1169476919 0.1163955226 0.1158433534 0.1152911841 0.1147390149 0.1142451923 0.1137641776 
0.08706298907 0.0893564113 0.09164983353 0.09389198541 0.09611110279 0.09833022017 0.1005493375 0.1025474723 0.1044509003 0.1063646399 0.1082945079 0.110224376 0.1121542441 0.1139188849 0.1154356848 0.1169524848 0.1184692847 0.1199769878 0.1214716004 0.1228292611 0.122954355 0.1230794488 0.1232045427 0.1233852716 0.1240161391 0.1246470066 0.1244847127 0.1245738595 0.1249105326 0.1254042137 0.1259824375 0.1265715542 0.1264308368 0.1261256508 0.1261015857 0.1264714001 0.1274901413 0.1281680433 0.1286441716 0.1283132048 0.1279822381 0.1276512714 0.1271675879 0.1261093984 0.1250512088 0.1250720504 0.1252127844 0.1247074815 0.1237532379 0.1227989942 0.1218447506 0.1207761428 0.1196312923 0.1186906287 0.1182498707 0.1178091127 0.1173683547 0.1168941733 0.116342004 0.1157898348 0.1152376655 0.1147075542 0.1142265395 0.1137455248 
0.08708399425 0.08937741647 0.0916708387 0.09394939995 0.09616851733 0.09838763471 0.1006067521 0.1026048869 0.1045083148 0.1064117428 0.1083389668 0.1102688349 0.112198703 0.1139633438 0.1154801437 0.1169969437 0.1185137436 0.1200105749 0.1215051875 0.1228628482 0.122987942 0.1231130359 0.1232381297 0.1236666878 0.1242975553 0.1249284228 0.1247661288 0.1246844476 0.1250211207 0.1255148018 0.1260930256 0.1266862167 0.126510932 0.1261578781 0.1261091389 0.1264789533 0.1275802581 0.1282793302 0.1287554584 0.1284244917 0.128093525 0.1277625583 0.1269225356 0.125864346 0.1248061565 0.1248269981 0.1249677321 0.1249989683 0.1240447246 0.1230904809 0.1221362373 0.1210676295 0.1199227791 0.1187779286 0.1181963521 0.1177555941 0.1173148361 0.1168406547 0.1162884854 0.1157363162 0.1151841469 0.1146889013 0.1142078866 0.1137268719 
0.08710499942 0.08939842164 0.09169184387 0.0939852661 0.09622593188 0.09844504926 0.1006641666 0.1026623014 0.1045657294 0.1064691573 0.1083834257 0.1103132938 0.1122431618 0.1140078027 0.1155246026 0.1170414025 0.1185495494 0.120044162 0.1215387746 0.1228964353 0.1230215291 0.123146623 0.1233172364 0.1239481039 0.1245789714 0.1252098389 0.125047545 0.1247950356 0.1251317088 0.1256253899 0.1262060251 0.1268008792 0.1265910273 0.1262379734 0.1261166921 0.1264865064 0.1275878112 0.1283906171 0.1288667453 0.1285357786 0.1282048119 0.1277356728 0.1266774833 0.1256192937 0.1245611042 0.1245819458 0.1247226798 0.1248634137 0.1243362113 0.1233819677 0.122427724 0.1213591162 0.1202142658 0.1190694153 0.1181428335 0.1177020755 0.1172613175 0.1167871361 0.1162349668 0.1156827976 0.1151512632 0.1146702484 0.1141892337 0.113708219 
0.08712600459 0.08941942681 0.09171284904 0.09400627127 0.09628334643 0.0985024638 0.1007215812 0.102719716 0.1046231439 0.1065265719 0.1084299998 0.1103577527 0.1122876207 0.1140522615 0.1155690615 0.1170858614 0.1185831365 0.1200777491 0.1215723617 0.1229300224 0.1230551162 0.12318021 0.1235986526 0.1242295201 0.1248603876 0.1254912551 0.1253289612 0.1249683769 0.1252422969 0.125735978 0.1263206876 0.1269155417 0.1266711225 0.1263180686 0.1261242452 0.1264940596 0.1275953644 0.1285019039 0.1289780322 0.1286470655 0.1283160987 0.1274906205 0.126432431 0.1253742414 0.1243160519 0.1243368935 0.1244776274 0.1246183614 0.124627698 0.1236734544 0.1227192107 0.121650603 0.1205057525 0.119360902 0.1182160515 0.1176485569 0.1172077989 0.1167336175 0.1161814483 0.115629279 0.1151326103 0.1146515956 0.1141705809 0.1136895662 
0.08714700976 0.08944043198 0.09173385421 0.09402727644 0.09632069866 0.09855987835 0.1007789957 0.1027771305 0.1046805585 0.1065839864 0.1084874143 0.1104022115 0.1123320796 0.1140967204 0.1156135204 0.117122111 0.1186167236 0.1201113362 0.1216059487 0.1229636094 0.1230887033 0.1232492013 0.1238800688 0.1245109363 0.1251418038 0.1257726713 0.1256103773 0.1252497931 0.125352885 0.1258465661 0.1264353501 0.1270302042 0.1267512177 0.1263981638 0.1261317984 0.1265016128 0.1276029176 0.1286131908 0.129089319 0.1287583523 0.1283037577 0.1272455682 0.1261873787 0.1251291891 0.1240709996 0.1240918412 0.1242325751 0.1243733091 0.124514043 0.1239649411 0.1230106974 0.1219420897 0.1207972392 0.1196523887 0.1185075383 0.1175950383 0.1171542803 0.1166800989 0.1161279297 0.1155949721 0.1151139574 0.1146329427 0.114151928 0.1136709133 
0.08716801493 0.08946143716 0.09175485938 0.09404828161 0.09634170383 0.0986172929 0.1008364103 0.1028345451 0.104737973 0.1066414009 0.1085448289 0.1104482568 0.1123765385 0.1141411793 0.1156579793 0.1171556981 0.1186503107 0.1201449232 0.1216395358 0.1229971965 0.1231222904 0.1235306174 0.1241614849 0.1247923524 0.1254232199 0.1260540874 0.1258917935 0.1255312092 0.1254634731 0.1259571542 0.1265500126 0.1271448667 0.1268313129 0.126478259 0.1261393516 0.126509166 0.1276104708 0.1287117756 0.1292006059 0.1288696392 0.1280587054 0.1270005159 0.1259423263 0.1248841368 0.1238259473 0.1238467889 0.1239875228 0.1241282568 0.1242689907 0.1242564278 0.1233021841 0.1222335764 0.1210887259 0.1199438755 0.118799025 0.1176541745 0.1171007617 0.1166265803 0.1160744111 0.1155763193 0.1150953046 0.1146142899 0.1141332752 0.1136522605 
0.0871890201 0.08948244233 0.09177586455 0.09406928678 0.09636270901 0.09865613123 0.1008938248 0.1028919596 0.1047953875 0.1066988155 0.1086022434 0.1105056714 0.1124209974 0.1141856382 0.1156946726 0.1171892852 0.1186838977 0.1201785103 0.1216731229 0.1230307836 0.1231811661 0.1238120336 0.1244429011 0.1250737686 0.1257046361 0.1263355036 0.1261732097 0.1258126254 0.1255740612 0.1260698211 0.1266646751 0.1272595292 0.1269114081 0.1265583542 0.1262053003 0.1265167192 0.127618024 0.1287193288 0.1293118928 0.1288718426 0.1278136531 0.1267554636 0.125697274 0.1246390845 0.123580895 0.1236017366 0.1237424705 0.1238832045 0.1240239384 0.1241646724 0.1235936709 0.1225250631 0.1213802126 0.1202353622 0.1190905117 0.1179456612 0.1170472431 0.1165730617 0.1160386811 0.1155576664 0.1150766517 0.114595637 0.1141146223 0.1136336076 
0.08721002527 0.0895034475 0.09179686972 0.09409029195 0.09638371418 0.0986771364 0.1009512394 0.1029493741 0.1048528021 0.10675623 0.108659658 0.1105630859 0.1124665139 0.1142300971 0.1157282597 0.1172228722 0.1187174848 0.1202120974 0.12170671 0.1230643707 0.1234625823 0.1240934498 0.1247243173 0.1253551848 0.1259860523 0.1266169197 0.1264546258 0.1260940416 0.1257334573 0.1261844836 0.1267793376 0.1273741917 0.1269915033 0.1266384494 0.1262853955 0.1265242723 0.1276255771 0.1287268819 0.1294231797 0.1286267903 0.1275686008 0.1265104113 0.1254522217 0.1243940322 0.1233358426 0.1233566842 0.1234974182 0.1236381521 0.1237788861 0.1239196201 0.1238851576 0.1228165498 0.1216716994 0.1205268489 0.1193819984 0.1182371479 0.1170922975 0.1165195431 0.1160200283 0.1155390136 0.1150579988 0.1145769841 0.1140959694 0.1136149547 
0.08723103044 0.08952445267 0.09181787489 0.09411129712 0.09640471935 0.09869814157 0.1009915638 0.1030067887 0.1049102166 0.1068136446 0.1087170725 0.1106205005 0.1125239284 0.1142672342 0.1157618467 0.1172564593 0.1187510719 0.1202456845 0.121740297 0.123113131 0.1237439984 0.1243748659 0.1250057334 0.1256366009 0.1262674684 0.1268983359 0.126736042 0.1263754577 0.1260148735 0.1262991461 0.1268940001 0.1274888542 0.1270715985 0.1267185446 0.1263654907 0.1265318255 0.1276331303 0.1287344351 0.1294399276 0.128381738 0.1273235485 0.1262653589 0.1252071694 0.1241489799 0.1230907903 0.1231116319 0.1232523659 0.1233930998 0.1235338338 0.1236745677 0.1238153017 0.1231080366 0.1219631861 0.1208183356 0.1196734851 0.1185286347 0.1173837842 0.1164823901 0.1160013754 0.1155203607 0.115039346 0.1145583313 0.1140773166 0.1135963019 
0.08735769122 0.0897006255 0.09199404773 0.09428746996 0.09658089218 0.09887431441 0.1011677366 0.1031881629 0.1050915908 0.1069950188 0.1088984467 0.1108018747 0.1127053026 0.1143347391 0.115829957 0.1173245696 0.1188191822 0.1203137947 0.1218084073 0.1232166454 0.1238475129 0.1244783804 0.1251092479 0.1257401154 0.1263709829 0.1270433799 0.1266424319 0.1262818476 0.1259212634 0.126181714 0.1267765681 0.1273714222 0.1269388777 0.1265858238 0.1262327699 0.126408624 0.1275099288 0.1286112336 0.1294421666 0.1284977192 0.1274395296 0.1263813401 0.1253231506 0.124264961 0.1232067715 0.1232276131 0.123368347 0.123509081 0.123649815 0.1237905489 0.1239171856 0.1232324606 0.1220876102 0.1209427597 0.1197979092 0.1186530587 0.1175082083 0.1165625085 0.1160814938 0.1156004791 0.1151194644 0.1146384497 0.114157435 0.1134845454 
0.08750196128 0.08990265961 0.09219608184 0.09448950407 0.09678292629 0.09907634852 0.1013697707 0.103390197 0.1052936249 0.1071970529 0.1091004808 0.1110039088 0.1128168666 0.114393772 0.1159038212 0.1173984337 0.1188930463 0.1203876589 0.1218822715 0.1232905095 0.123921377 0.1245522445 0.125183112 0.1258139795 0.126444847 0.1272097416 0.1264863174 0.1261257332 0.1257651489 0.1260255995 0.1266204536 0.1272153077 0.1267706875 0.1264176336 0.1260645797 0.1262636299 0.1273649347 0.1284662395 0.1293649852 0.1286738726 0.1276156831 0.1265574935 0.125499304 0.1244411144 0.1233829249 0.1234037665 0.1235445005 0.1236852344 0.1238259684 0.1239667023 0.1237479552 0.123160875 0.1221841905 0.12103934 0.1198944895 0.1187496391 0.1176047886 0.1166590888 0.1161780741 0.1156970594 0.1152160447 0.11473503 0.1142540153 0.1133572716 
0.08764623133 0.09005753939 0.09239811595 0.09469153818 0.09698496041 0.09927838263 0.1015718049 0.1035922311 0.105495659 0.107399087 0.1093025149 0.1112059429 0.1128758995 0.1144528049 0.1159776853 0.1174722979 0.1189669105 0.120461523 0.1219561356 0.1233643737 0.1239952412 0.1246261087 0.1252569762 0.1258878437 0.1265564653 0.1273761034 0.1263302029 0.1259696187 0.1256090344 0.1258694851 0.1264643391 0.1270882664 0.1266024973 0.1262494434 0.1258963895 0.1261186359 0.1272199407 0.1283212455 0.1292878039 0.1287466241 0.1277918365 0.1267336469 0.1256754574 0.1246172679 0.1235590783 0.1235799199 0.1237206539 0.1238613878 0.1240021218 0.1241428557 0.1235787248 0.1229916446 0.1222807708 0.1211359203 0.1199910698 0.1188462194 0.1177013689 0.1167556691 0.1162746544 0.1157936397 0.115312625 0.1148316103 0.1141678576 0.1132299978 
0.08779050138 0.09020180944 0.09260015007 0.09489357229 0.09718699452 0.09948041675 0.101773839 0.1037942652 0.1056976932 0.1076011211 0.109504549 0.1113233436 0.1129349324 0.1145118378 0.1160367182 0.117546162 0.1190407746 0.1205353872 0.1220299998 0.1234382378 0.1240691053 0.1246999728 0.1253308403 0.1259617078 0.126722827 0.1275424652 0.1263649417 0.1258135042 0.1254529199 0.1257133706 0.1263082247 0.1269677665 0.1264343071 0.1260812532 0.1257492915 0.1259736419 0.1270749467 0.1282163855 0.1292106225 0.1286694427 0.1279679899 0.1269098003 0.1258516108 0.1247934213 0.1237352317 0.1237560733 0.1238968073 0.1240375412 0.1241782752 0.1239736254 0.1234094944 0.1228224143 0.1222200346 0.1212325006 0.1200876501 0.1189427997 0.1177979492 0.1168522495 0.1163712347 0.11589022 0.1154092053 0.1149281906 0.1140405838 0.113102724 
0.08793477143 0.0903460795 0.09275738756 0.0950956064 0.09738902863 0.09968245086 0.1019758731 0.1039962993 0.1058997273 0.1078031552 0.1097065832 0.1113823766 0.1129939653 0.1145708708 0.1160957512 0.1176200262 0.1191146388 0.1206092513 0.1221038639 0.123512102 0.1241429695 0.124773837 0.1254047045 0.1260695507 0.1268891888 0.1277088269 0.1265313035 0.1256573897 0.1252968055 0.1255572561 0.1261521102 0.1268472667 0.1262661169 0.125913063 0.1256042975 0.1258286479 0.1269299527 0.1281392042 0.1291334412 0.1285922614 0.1280510815 0.1270859538 0.1260277642 0.1249695747 0.1239113851 0.1239322267 0.1240729607 0.1242136946 0.1243544286 0.123804395 0.1232402641 0.1226531839 0.1220508042 0.1213290809 0.1201842305 0.11903938 0.1178945295 0.1169488298 0.1164678151 0.1159868004 0.1155057857 0.1148511698 0.11391331 0.1129754503 
0.08807904148 0.09049034955 0.09290165761 0.09529764052 0.09759106274 0.09988448497 0.1021779072 0.1041983334 0.1061017614 0.1080051893 0.1098298207 0.1114414095 0.1130529983 0.1146299037 0.1161547841 0.1176796645 0.1191885029 0.1206831155 0.1221777281 0.1235859661 0.1242168336 0.1248477011 0.1254785686 0.1262359124 0.1270555505 0.1278751887 0.1266976653 0.1255012752 0.125140691 0.1254011416 0.1259959957 0.1267267668 0.1260979267 0.1257448728 0.1254593034 0.1256836538 0.1267849586 0.1280620228 0.1290562598 0.12851508 0.1279739002 0.1272621072 0.1262039176 0.1251457281 0.1240875385 0.1241083802 0.1242491141 0.1243898481 0.1241992955 0.1236351646 0.1230710337 0.1224839535 0.1218815738 0.1212791941 0.1202808108 0.1191359603 0.1179911098 0.1170454101 0.1165643954 0.1160833807 0.115602366 0.114723896 0.1137860363 0.1128481765 
0.08822331154 0.0906346196 0.09304592766 0.09545723573 0.09779309686 0.1000865191 0.1023799413 0.1044003675 0.1063037955 0.1082072234 0.1098888536 0.1115004424 0.1131120312 0.1146889366 0.116213817 0.1177386974 0.1192623671 0.1207569796 0.1222515922 0.1236598303 0.1242906978 0.1249215653 0.1255826361 0.1264022742 0.1272219123 0.1280415504 0.126864027 0.1253451608 0.1249845765 0.1252450272 0.1258660471 0.126606267 0.1259297365 0.1255766825 0.1253143094 0.1255386598 0.1266399646 0.1279848415 0.1289790785 0.1284378987 0.1278967188 0.127355539 0.126380071 0.1253218815 0.124263692 0.1242845336 0.1244252675 0.1245660015 0.1240300652 0.1234659342 0.1229018033 0.1223147231 0.1217123435 0.1211099638 0.1203773911 0.1192325406 0.1180876901 0.1171419904 0.1166609757 0.116179961 0.115534482 0.1145966223 0.1136587625 0.1127209027 
0.08836758159 0.09077888965 0.09319019772 0.09560150578 0.09799513097 0.1002885532 0.1025819754 0.1046024017 0.1065058296 0.1083362978 0.1099478865 0.1115594753 0.1131710641 0.1147479695 0.1162728499 0.1177977303 0.1193226107 0.1208308438 0.1223254564 0.1237336944 0.1243645619 0.1249954294 0.1257489978 0.1265686359 0.1273882741 0.1282079122 0.1270303888 0.125353575 0.124828462 0.1250889127 0.1257455472 0.1264857671 0.1257615463 0.1254171712 0.1251693154 0.1253936658 0.1265295689 0.1279076601 0.1289018971 0.1283607173 0.1278195375 0.1272783577 0.1265562244 0.1254980349 0.1244398454 0.124460687 0.1246014209 0.1244249657 0.1238608348 0.1232967039 0.122732573 0.1221454928 0.1215431131 0.1209407334 0.1203383537 0.1193291209 0.1181842704 0.1172385707 0.116757556 0.1162765413 0.1154072083 0.1144693485 0.1135314887 0.1125936289 
0.08851185164 0.0909231597 0.09333446777 0.09574577583 0.0981570839 0.1004905873 0.1027840095 0.1048044358 0.1067078637 0.1083953307 0.1100069195 0.1116185083 0.113230097 0.1148070025 0.1163318828 0.1178567632 0.1193816436 0.1209047079 0.1223993205 0.1238075586 0.1244384261 0.1250957214 0.1259153596 0.1267349977 0.1275546358 0.1283742739 0.1271967505 0.1255199367 0.1246723475 0.1249327982 0.1256250474 0.1263652673 0.125593356 0.1252721772 0.1250243214 0.1252486718 0.1264523876 0.1278304788 0.1288247158 0.128283536 0.1277423561 0.1272011763 0.1266599965 0.1256741883 0.1246159988 0.1246368404 0.1247775743 0.1242557353 0.1236916044 0.1231274735 0.1225633426 0.1219762624 0.1213738827 0.120771503 0.1201691233 0.1194257012 0.1182808507 0.117335151 0.1168541363 0.1162177943 0.1152799345 0.1143420747 0.1134042149 0.1124663551 
0.08865612169 0.09106742976 0.09347873782 0.09589004588 0.09830135395 0.1006926214 0.1029860436 0.1050064699 0.1068427748 0.1084543636 0.1100659524 0.1116775412 0.11328913 0.1148660354 0.1163909158 0.1179157962 0.1194406765 0.1209655569 0.1224731847 0.1238814227 0.1245122902 0.1252620832 0.1260817213 0.1269013594 0.1277209976 0.1285406357 0.1273631123 0.1256862985 0.1245162331 0.1247766837 0.1255045475 0.1262447674 0.1254251658 0.1251271831 0.1248793273 0.1251036778 0.1263752062 0.1277532974 0.1287475344 0.1282063546 0.1276651748 0.127123995 0.1265828151 0.1258503417 0.1247921522 0.1248129938 0.1246506359 0.1240865049 0.123522374 0.1229582431 0.1223941122 0.121807032 0.1212046523 0.1206022726 0.1199998929 0.1193975132 0.118377431 0.1174317313 0.1169507166 0.1160905205 0.1151526607 0.1142148009 0.1132769411 0.1123390814 
0.08880039174 0.09121169981 0.09362300787 0.09603431594 0.098445624 0.1008569321 0.1031880778 0.105208504 0.1069018077 0.1085133965 0.1101249853 0.1117365741 0.1133481629 0.1149250683 0.1164499487 0.1179748291 0.1194997095 0.1210245898 0.1225470488 0.1239552869 0.1246088068 0.125428445 0.1262480831 0.1270677212 0.1278873593 0.1287069974 0.127529474 0.1258526602 0.1243601186 0.1246438278 0.1253840477 0.1261242676 0.1252569756 0.1249821891 0.1247343333 0.1249586837 0.1262980249 0.1276761161 0.1286703531 0.1281291733 0.1275879934 0.1270468136 0.1265056338 0.125964454 0.1249683056 0.1249891472 0.1244814055 0.1239172746 0.1233531437 0.1227890128 0.1222248818 0.1216378017 0.121035422 0.1204330423 0.1198306626 0.1192282829 0.1184740114 0.1175283116 0.1169011065 0.1159632467 0.1150253869 0.1140875271 0.1131496674 0.1122118076 
0.0889446618 0.09135596986 0.09376727792 0.09617858599 0.09858989405 0.1010012021 0.1033901119 0.1053492519 0.1069608407 0.1085724295 0.1101840182 0.111795607 0.1134071958 0.1149841012 0.1165089816 0.118033862 0.1195587424 0.1210836228 0.1226085031 0.124029151 0.1247751686 0.1255948067 0.1264144448 0.127234083 0.1280537211 0.1288733592 0.1276958358 0.126019022 0.1243422082 0.1245233279 0.1252635478 0.1260037677 0.1250887854 0.1248371951 0.1245893393 0.1248427523 0.1262208435 0.1275989347 0.1285931717 0.1280519919 0.1275108121 0.1269696323 0.1264284525 0.1258872726 0.125144459 0.124876306 0.1243121751 0.1237480442 0.1231839133 0.1226197824 0.1220556515 0.1214685713 0.1208661916 0.1202638119 0.1196614322 0.1190590525 0.1184566728 0.1176248919 0.1167738327 0.1158359729 0.1148981131 0.1139602534 0.1130223936 0.1120845338 
0.08908893185 0.09150023991 0.09391154797 0.09632285604 0.0987341641 0.1011454722 0.1035567802 0.1054082848 0.1070198736 0.1086314624 0.1102430512 0.1118546399 0.1134662287 0.1150431342 0.1165680145 0.1180928949 0.1196177753 0.1211426557 0.1226675361 0.1241218922 0.1249415303 0.1257611685 0.1265808066 0.1274004447 0.1282200828 0.129039721 0.1278621976 0.1261853838 0.12450857 0.1244028281 0.125143048 0.1258832679 0.1249400569 0.1246922011 0.1244443453 0.1247655709 0.1261436622 0.1275217534 0.1285159904 0.1279748106 0.1274336307 0.1268924509 0.1263512711 0.1258100913 0.1252689115 0.1247070757 0.1241429447 0.1235788138 0.1230146829 0.122450552 0.1218864211 0.1212993409 0.1206969612 0.1200945815 0.1194922018 0.1188898221 0.1182874424 0.1175844187 0.1166465589 0.1157086991 0.1147708394 0.1138329796 0.1128951198 0.11195726 
