23.3445506 23.27947139 23.21439218 23.14931296 23.08423375 23.01915454 22.95407533 22.88899611 22.8239169 22.75883769 22.64942234 21.74195651 20.83449068 19.92702485 19.01955902 18.11209319 17.20462737 16.29716154 15.38969571 14.48222988 13.57476405 12.66729823 11.7598324 10.85236657 10.28445194 9.807084305 9.329716667 8.852349028 8.37498139 7.897613751 7.420246113 6.942878474 6.465510835 5.988143197 5.510775558 5.03340792 4.556040281 4.25967328 4.126206853 3.992740425 3.859273998 3.72580757 3.592341142 3.458874715 3.325408287 3.19194186 3.058475432 2.925009005 2.791542577 2.65807615 2.508944124 2.315948422 2.12295272 1.929957018 1.736961316 1.543965615 1.350969913 1.157974211 0.9649785091 0.7719828073 0.5789871055 0.3859914037 0.1929957018 0 
25.20510974 25.14003052 25.07495131 25.0098721 24.94479288 24.87971367 24.81463446 24.74955525 24.68447603 24.62202158 24.51785576 23.61038993 22.7029241 21.79545828 20.88799245 19.98052662 19.07306079 18.16559496 17.25812913 16.35066331 15.44319748 14.53573165 13.42731902 12.22616172 11.80719067 11.59680262 11.1475381 10.67017046 10.19280282 9.715435182 9.238067544 8.760699905 8.283332267 7.805964628 7.32859699 6.851229351 6.373861713 6.077494711 5.944028284 5.810561856 5.677095429 5.543629001 5.410162574 5.276696146 5.143229719 5.009763291 4.876296864 4.742830436 4.48083171 3.53332739 2.746123269 2.407759704 2.12295272 1.929957018 1.736961316 1.543965615 1.350969913 1.157974211 0.9649785091 0.7719828073 0.5789871055 0.3859914037 0.1929957018 0 
27.06566887 27.00058966 26.93551044 26.87043123 26.80535202 26.7402728 26.67519359 26.61011438 26.54999305 26.49045501 26.38628918 25.47882336 24.57135753 23.6638917 22.75642587 21.84896004 20.94149422 20.03402839 19.12656256 18.21909673 17.141599 15.94044169 14.73928439 13.53812708 13.11915603 12.90876799 12.69837994 12.48799189 12.01062425 11.53325661 11.05588898 10.57852134 10.1011537 9.62378606 9.146418421 8.669050783 8.191683144 7.895316143 7.761849715 7.628383288 7.49491686 7.361450433 7.227984005 7.094517578 6.96105115 6.827584723 6.651274196 5.703769876 4.756265556 3.808761236 3.021557115 2.68319355 2.344829985 2.00646642 1.736961316 1.543965615 1.350969913 1.157974211 0.9649785091 0.7719828073 0.5789871055 0.3859914037 0.1929957018 0 
28.926228 28.86114879 28.79606958 28.73099036 28.66591115 28.60083194 28.53750257 28.47796452 28.41842648 28.35888843 28.25472261 27.34725678 26.43979095 25.53232512 24.6248593 23.71739347 22.80992764 21.90246181 20.85587897 19.65472166 18.45356436 17.25240706 16.05124975 14.85009245 14.4311214 14.22073335 14.0103453 13.79995726 13.58956921 13.35107805 12.87371041 12.39634277 11.91897513 11.44160749 10.96423985 10.48687221 10.00950458 9.713137574 9.579671147 9.446204719 9.312738292 9.179271864 9.045805437 8.912339009 8.778872582 7.874212361 6.926708042 5.979203722 5.031699402 4.084195083 3.296990962 2.958627397 2.620263831 2.281900266 1.943536701 1.605173136 1.350969913 1.157974211 0.9649785091 0.7719828073 0.5789871055 0.3859914037 0.1929957018 0 
30.78678714 30.72170792 30.65662871 30.5915495 30.52647028 30.46547404 30.40593599 30.34639795 30.2868599 30.22732186 30.12315603 29.2156902 28.30822438 27.40075855 26.49329272 25.58582689 24.57015894 23.36900164 22.16784433 20.96668703 19.76552972 18.56437242 17.36321512 16.16205781 15.74308676 15.53269872 15.32231067 15.11192262 14.90153457 14.69114652 14.48075848 14.2141642 13.73679656 13.25942892 12.78206128 12.30469365 11.82732601 11.53095901 11.39749258 11.26402615 11.13055972 10.9970933 10.86362687 10.04465485 9.097150527 8.149646208 7.202141888 6.254637568 5.307133249 4.359628929 3.572424808 3.234061243 2.895697678 2.557334113 2.218970547 1.880606982 1.542243417 1.203879852 0.9649785091 0.7719828073 0.5789871055 0.3859914037 0.1929957018 0 
32.64734627 32.58226706 32.51718784 32.45298355 32.39344551 32.33390746 32.27436942 32.21483137 32.15529333 32.09575528 31.99158946 31.08412363 30.1766578 29.26919197 28.28443891 27.08328161 25.88212431 24.680967 23.4798097 22.27865239 21.07749509 19.87633778 18.67518048 17.47402318 17.05505213 16.84466408 16.63427603 16.42388798 16.21349994 16.00311189 15.79272384 15.58233579 15.37194775 15.07725035 14.59988272 14.12251508 13.64514744 13.34878044 13.21531401 13.08184758 12.94838115 12.21509733 11.26759301 10.32008869 9.372584374 8.425080054 7.477575734 6.530071415 5.582567095 4.635062775 3.847858654 3.509495089 3.171131524 2.832767959 2.494404394 2.156040828 1.817677263 1.479313698 1.140950133 0.802586568 0.5789871055 0.3859914037 0.1929957018 0 
34.5079054 34.44282619 34.38095502 34.32141698 34.26187893 34.20234089 34.14280284 34.0832648 34.02372675 33.9641887 33.86002288 32.95255705 31.99871889 30.79756158 29.59640428 28.39524697 27.19408967 25.99293237 24.79177506 23.59061776 22.38946045 21.18830315 19.98714585 18.78598854 18.36701749 18.15662944 17.9462414 17.73585335 17.5254653 17.31507725 17.10468921 16.89430116 16.68391311 16.47352506 16.26313702 15.94033651 15.46296887 15.16660187 15.03313544 14.38553982 13.4380355 12.49053118 11.54302686 10.59552254 9.64801822 8.7005139 7.753009581 6.805505261 5.858000941 4.910496621 4.1232925 3.784928935 3.44656537 3.108201805 2.76983824 2.431474675 2.09311111 1.754747544 1.416383979 1.078020414 0.7396568491 0.401293284 0.1929957018 0 
36.36846454 36.30892649 36.24938845 36.1898504 36.13031236 36.07077431 36.01123626 35.95169822 35.89216017 35.83262213 35.71299886 34.51184156 33.31068425 32.10952695 30.90836964 29.70721234 28.50605503 27.30489773 26.10374043 24.90258312 23.70142582 22.50026851 21.29911121 20.09795391 19.67898286 19.46859481 19.25820676 19.04781871 18.83743067 18.62704262 18.41665457 18.20626652 17.99587847 17.78549043 17.57510238 17.36471433 17.15432628 16.5559823 15.60847798 14.66097366 13.71346934 12.76596503 11.81846071 10.87095639 9.923452066 8.975947746 8.028443427 7.080939107 6.133434787 5.185930468 4.398726347 4.060362781 3.721999216 3.383635651 3.045272086 2.706908521 2.368544956 2.030181391 1.691817826 1.35345426 1.015090695 0.6767271302 0.3383635651 0 
36.51567511 36.47937947 36.41984143 36.36030338 36.30076534 36.24122729 36.18168925 36.1221512 36.06261316 36.00307511 35.88345184 34.68229454 33.48113723 32.27997993 31.07882263 29.87766532 28.67650802 27.47535071 26.27419341 25.0730361 23.8718788 22.6707215 21.46956419 20.52590648 19.36914393 18.99648332 18.78609528 18.57570723 18.36531918 18.15493113 17.94454309 17.73415504 17.52376699 17.31337894 17.10299089 16.89260285 16.6822148 16.08387082 15.1363665 14.18886218 13.24135786 12.29385354 11.34634922 10.3988449 9.451340581 8.503836261 7.556331942 6.608827622 5.661323302 4.90580829 4.68172219 4.060362781 3.721999216 3.383635651 3.045272086 2.706908521 2.368544956 2.030181391 1.691817826 1.35345426 1.015090695 0.6767271302 0.3383635651 0 
36.66288568 36.63605918 36.59029441 36.53075637 36.47121832 36.41168028 36.35214223 36.29260419 36.23306614 36.17352809 36.05390483 34.85274752 33.65159022 32.45043291 31.24927561 30.0481183 28.846961 27.6458037 26.44464639 25.24348909 24.04233178 22.84117448 21.87912394 21.02743036 19.87066782 18.63255355 18.31398379 18.10359574 17.8932077 17.68281965 17.4724316 17.26204355 17.0516555 16.84126746 16.63087941 16.42049136 16.21010331 15.61175933 14.66425501 13.71675069 12.76924637 11.82174206 10.87423774 9.926733416 8.979229096 8.031724776 7.084220457 6.136716137 5.333203798 5.297648688 5.073562588 4.321589714 3.721999216 3.383635651 3.045272086 2.706908521 2.368544956 2.030181391 1.691817826 1.35345426 1.015090695 0.6767271302 0.3383635651 0 
36.81009625 36.78326975 36.75644324 36.70120935 36.6416713 36.58213326 36.52259521 36.46305717 36.40351912 36.34398108 36.22435781 35.0232005 33.8220432 32.6208859 31.41972859 30.21857129 29.01741398 27.81625668 26.61509937 25.41394207 24.21278477 23.2323414 22.38064782 21.52895425 20.3721917 19.13407743 17.89596316 17.63148426 17.42109621 17.21070816 17.00032012 16.78993207 16.57954402 16.36915597 16.15876792 15.94837988 15.73799183 15.13964785 14.19214353 13.24463921 12.29713489 11.34963057 10.40212625 9.454621931 8.507117611 7.559613291 6.612108972 5.760599306 5.725044196 5.689489086 5.465402986 4.713430112 3.961457237 3.383635651 3.045272086 2.706908521 2.368544956 2.030181391 1.691817826 1.35345426 1.015090695 0.6767271302 0.3383635651 0 
36.95730682 36.93048032 36.90365382 36.87166233 36.81212429 36.75258624 36.6930482 36.63351015 36.57397211 36.51443406 36.39481079 35.19365349 33.99249618 32.79133888 31.59018157 30.38902427 29.18786697 27.98670966 26.78555236 25.58439505 24.58555886 23.73386528 22.8821717 22.03047813 20.87371558 19.63560131 18.39748704 17.15937277 16.94898473 16.73859668 16.52820863 16.31782058 16.10743253 15.89704449 15.68665644 15.47626839 15.26588034 14.66753636 13.72003204 12.77252772 11.8250234 10.87751908 9.930014765 8.982510446 8.035006126 7.087501806 6.187994813 6.152439704 6.116884594 6.081329484 5.857243384 5.10527051 4.353297635 3.601324761 3.045272086 2.706908521 2.368544956 2.030181391 1.691817826 1.35345426 1.015090695 0.6767271302 0.3383635651 0 
37.1045174 37.07769089 37.05086439 37.02403788 36.98257727 36.92303922 36.86350118 36.80396313 36.74442509 36.68488704 36.56526377 35.36410647 34.16294917 32.96179186 31.76063456 30.55947725 29.35831995 28.15716264 26.95600534 25.93877631 25.08708274 24.23538916 23.38369559 22.53200201 21.37523947 20.1371252 18.89901093 17.66089666 16.47687324 16.26648519 16.05609715 15.8457091 15.63532105 15.424933 15.21454495 15.00415691 14.79376886 14.19542488 13.24792056 12.30041624 11.35291192 10.4054076 9.45790328 8.510398961 7.562894641 6.615390321 6.579835211 6.544280102 6.508724992 6.473169882 6.249083782 5.497110908 4.745138033 3.993165159 3.241192285 2.706908521 2.368544956 2.030181391 1.691817826 1.35345426 1.015090695 0.6767271302 0.3383635651 0 
37.25172797 37.22490146 37.19807496 37.17124846 37.14442195 37.09349221 37.03395416 36.97441612 36.91487807 36.85534003 36.73571676 35.53455945 34.33340215 33.13224484 31.93108754 30.72993024 29.52877293 28.32761563 27.29199377 26.4403002 25.58860662 24.73691305 23.88521947 23.0335259 21.87676335 20.63864908 19.40053481 18.16242054 16.92430627 15.79437371 15.58398566 15.37359761 15.16320956 14.95282152 14.74243347 14.53204542 14.32165737 13.72331339 12.77580907 11.82830475 10.88080043 9.933296115 8.985791795 8.038287476 7.090783156 7.007230719 6.971675609 6.9361205 6.90056539 6.86501028 6.64092418 5.888951306 5.136978431 4.385005557 3.633032683 2.881059809 2.368544956 2.030181391 1.691817826 1.35345426 1.015090695 0.6767271302 0.3383635651 0 
37.39893854 37.37211204 37.34528553 37.31845903 37.29163252 37.26394519 37.20440714 37.1448691 37.08533105 37.02579301 36.90616974 35.70501244 34.50385513 33.30269783 32.10154052 30.90038322 29.69922591 28.64521123 27.79351766 26.94182408 26.09013051 25.23843693 24.38674336 23.53504978 22.37828724 21.14017297 19.90205869 18.66394442 17.42583015 16.18771588 15.11187417 14.90148613 14.69109808 14.48071003 14.27032198 14.05993394 13.84954589 13.25120191 12.30369759 11.35619327 10.40868895 9.46118463 8.51368031 7.566175991 7.434626227 7.399071117 7.363516007 7.327960898 7.292405788 7.256850678 7.032764578 6.280791704 5.528818829 4.776845955 4.024873081 3.272900207 2.520927333 2.030181391 1.691817826 1.35345426 1.015090695 0.6767271302 0.3383635651 0 
37.54614911 37.51932261 37.49249611 37.4656696 37.4388431 37.41201659 37.37486013 37.31532208 37.25578404 37.19624599 37.07662272 35.87546542 34.67430811 33.47315081 32.27199351 31.0708362 29.99842869 29.14673512 28.29504154 27.44334797 26.59165439 25.73996082 24.88826724 24.03657366 22.87981112 21.64169685 20.40358258 19.16546831 17.92735404 16.68923977 15.4511255 14.42937464 14.21898659 14.00859855 13.7982105 13.58782245 13.3774344 12.77909042 11.8315861 10.88408178 9.936577465 8.989073145 8.041568825 7.862021735 7.826466625 7.790911515 7.755356406 7.719801296 7.684246186 7.648691076 7.424604976 6.672632102 5.920659227 5.168686353 4.416713479 3.664740605 2.912767731 2.160794857 1.691817826 1.35345426 1.015090695 0.6767271302 0.3383635651 0 
37.69335969 37.66653318 37.63970668 37.61288017 37.58605367 37.55922716 37.53240066 37.48577507 37.42623702 37.36669897 37.24707571 36.0459184 34.8447611 33.64360379 32.44244649 31.35164615 30.49995258 29.648259 28.79656543 27.94487185 27.09317827 26.2414847 25.38979112 24.53809755 23.381335 22.14322073 20.90510646 19.66699219 18.42887792 17.19076365 15.95264938 14.71453511 13.74687511 13.53648706 13.32609901 13.11571097 12.90532292 12.30697894 11.35947462 10.4119703 9.464465979 8.51696166 8.289417243 8.253862133 8.218307023 8.182751913 8.147196804 8.111641694 8.076086584 8.040531474 7.816445374 7.0644725 6.312499625 5.560526751 4.808553877 4.056581003 3.304608129 2.552635255 1.800662381 1.35345426 1.015090695 0.6767271302 0.3383635651 0 
37.84057026 37.81374375 37.78691725 37.76009075 37.73326424 37.70643774 37.67961123 37.65278473 37.59669 37.53715196 37.41752869 36.21637138 35.01521408 33.81405678 32.70486361 31.85317004 31.00147646 30.14978288 29.29808931 28.44639573 27.59470216 26.74300858 25.89131501 25.03962143 23.88285889 22.64474462 21.40663035 20.16851608 18.93040181 17.69228754 16.45417326 15.21605899 13.97794472 13.06437558 12.85398753 12.64359948 12.43321143 11.83486745 10.88736313 9.939858814 8.992354494 8.71681275 8.681257641 8.645702531 8.610147421 8.574592311 8.539037202 8.503482092 8.467926982 8.432371872 8.208285772 7.456312898 6.704340023 5.952367149 5.200394275 4.448421401 3.696448527 2.944475653 2.192502779 1.440529905 1.015090695 0.6767271302 0.3383635651 0 
37.98778083 37.96095433 37.93412782 37.90730132 37.88047481 37.85364831 37.8268218 37.7999953 37.76714299 37.70760494 37.58798167 36.38682437 35.18566706 34.05808107 33.20638749 32.35469392 31.50300034 30.65130677 29.79961319 28.94791962 28.09622604 27.24453247 26.39283889 25.54114532 24.38438277 23.1462685 21.90815423 20.67003996 19.43192569 18.19381142 16.95569715 15.71758288 14.47946861 13.24135434 12.38187604 12.171488 11.96109995 11.36275597 10.41525165 9.467747329 9.144208258 9.108653148 9.073098039 9.037542929 9.001987819 8.966432709 8.9308776 8.89532249 8.85976738 8.82421227 8.60012617 7.848153296 7.096180422 6.344207547 5.592234673 4.840261799 4.088288925 3.336316051 2.584343177 1.832370303 1.080397428 0.6767271302 0.3383635651 0 
38.1349914 38.1081649 38.08133839 38.05451189 38.02768539 38.00085888 37.97403238 37.94720587 37.92037937 37.87805792 37.75843465 36.55727735 35.41129853 34.55960495 33.70791138 32.8562178 32.00452423 31.15283065 30.30113708 29.4494435 28.59774993 27.74605635 26.89436278 26.0426692 24.88590665 23.64779238 22.40967811 21.17156384 19.93344957 18.6953353 17.45722103 16.21910676 14.98099249 13.74287822 12.50476395 11.69937651 11.48898846 10.89064448 9.943140164 9.571603766 9.536048656 9.500493547 9.464938437 9.429383327 9.393828217 9.358273107 9.322717998 9.287162888 9.251607778 9.216052668 8.991966568 8.239993694 7.48802082 6.736047945 5.984075071 5.232102197 4.480129323 3.728156449 2.976183575 2.224210701 1.472237826 0.7202649523 0.3383635651 0 
38.28220197 38.25537547 38.22854897 38.20172246 38.17489596 38.14806945 38.12124295 38.09441644 38.06758994 38.04076344 37.92888764 36.76451599 35.91282241 35.06112884 34.20943526 33.35774169 32.50604811 31.65435454 30.80266096 29.95096739 29.09927381 28.24758023 27.39588666 26.54419308 25.38743054 24.14931627 22.911202 21.67308773 20.43497346 19.19685919 17.95874492 16.72063065 15.48251638 14.24440211 13.00628783 11.76817356 11.01687698 10.418533 9.998999274 9.963444164 9.927889054 9.892333945 9.856778835 9.821223725 9.785668615 9.750113505 9.714558396 9.679003286 9.643448176 9.607893066 9.383806966 8.631834092 7.879861218 7.127888343 6.375915469 5.623942595 4.871969721 4.119996847 3.368023973 2.616051099 1.864078224 1.11210535 0.3601324761 0 
38.42941255 38.40258604 38.37575954 38.34893303 38.32210653 38.29528003 38.26845352 38.24162702 38.21480051 38.18797401 38.11773345 37.26603987 36.4143463 35.56265272 34.71095915 33.85926557 33.007572 32.15587842 31.30418484 30.45249127 29.60079769 28.74910412 27.89741054 27.04571697 25.88895442 24.65084015 23.41272588 22.17461161 20.93649734 19.69838307 18.4602688 17.22215453 15.98404026 14.74592599 13.50781172 12.26969745 11.03158318 10.42639478 10.39083967 10.35528456 10.31972945 10.28417434 10.24861923 10.21306412 10.17750901 10.1419539 10.10639879 10.07084368 10.03528857 9.999733464 9.775647364 9.02367449 8.271701616 7.519728741 6.767755867 6.015782993 5.263810119 4.511837245 3.759864371 3.007891497 2.255918622 1.503945748 0.7519728741 0 
32.92687432 32.90004782 32.87322131 32.84639481 32.8195683 32.7927418 32.76591529 32.73908879 32.71226229 32.69814307 32.6533171 31.80162352 30.94992994 30.09823637 29.24654279 28.39484922 27.54315564 26.69146207 25.83976849 24.98807492 24.13638134 23.28468777 23.0168032 23.01836896 23.07510408 23.14655103 22.04628531 20.80817104 19.57005677 18.3319425 17.09382823 15.85571396 14.61759969 13.37948541 12.14137114 10.90325687 9.665142604 9.059954207 9.024399097 8.988843988 8.953288878 8.917733768 8.882178658 8.846623549 8.811068439 8.775513329 8.739958219 8.704403109 8.674156908 8.672224882 8.653848919 8.58942993 8.271701616 7.519728741 6.767755867 6.015782993 5.263810119 4.511837245 3.759864371 3.007891497 2.255918622 1.503945748 0.7519728741 0 
27.42433609 27.39750959 27.37068308 27.34385658 27.31703008 27.29020357 27.26337707 27.23655056 27.23372672 27.23372672 27.18890074 26.33720717 25.48551359 24.63382002 23.78212644 22.93043287 22.07873929 21.22704571 20.37535214 19.52365856 19.16595723 19.16752298 19.16908874 19.17065449 19.22738961 19.29883656 19.37028351 19.44173046 18.20361619 16.96550192 15.72738765 14.48927338 13.25115911 12.01304484 10.77493057 9.5368163 8.298702029 7.693513633 7.657958523 7.622403413 7.586848303 7.551293194 7.515738084 7.480182974 7.444627864 7.409072755 7.375287281 7.373355255 7.37142323 7.369491204 7.351115241 7.286696252 7.222277264 7.157858275 6.767755867 6.015782993 5.263810119 4.511837245 3.759864371 3.007891497 2.255918622 1.503945748 0.7519728741 0 
21.92179787 21.89497136 21.86814486 21.84131835 21.81449185 21.78766534 21.76931037 21.76931037 21.76931037 21.76931037 21.72448439 20.87279081 20.02109724 19.16940366 18.31771009 17.46601651 16.61432294 15.76262936 15.31511126 15.31667701 15.31824276 15.31980851 15.32137427 15.32294002 15.37967514 15.45112209 15.52256904 15.59401599 15.66546295 15.59906135 14.36094708 13.12283281 11.88471854 10.64660427 9.408489995 8.170375725 6.932261455 6.327073058 6.291517949 6.255962839 6.220407729 6.184852619 6.149297509 6.1137424 6.07818729 6.074485628 6.072553603 6.070621577 6.068689552 6.066757526 6.048381563 5.983962574 5.919543586 5.855124597 5.790705609 5.72628662 5.263810119 4.511837245 3.759864371 3.007891497 2.255918622 1.503945748 0.7519728741 0 
16.41925964 16.39243313 16.36560663 16.33878013 16.31195362 16.30489402 16.30489402 16.30489402 16.30489402 16.30489402 16.26006804 15.40837446 14.55668089 13.70498731 12.85329374 12.00160016 11.46426529 11.46583104 11.46739679 11.46896254 11.47052829 11.47209405 11.4736598 11.47522555 11.53196067 11.60340762 11.67485457 11.74630153 11.81774848 11.88919543 11.96064238 11.75639223 10.51827796 9.280163691 8.042049421 6.803935151 5.56582088 4.960632484 4.925077374 4.889522264 4.853967155 4.818412045 4.782856935 4.775616001 4.773683976 4.77175195 4.769819925 4.767887899 4.765955873 4.764023848 4.745647885 4.681228896 4.616809908 4.552390919 4.487971931 4.423552942 4.359133954 4.294714965 3.759864371 3.007891497 2.255918622 1.503945748 0.7519728741 0 
10.91672141 10.88989491 10.8630684 10.84047766 10.84047766 10.84047766 10.84047766 10.84047766 10.84047766 10.84047766 10.79565169 9.94395811 9.092264534 8.240570959 7.613419312 7.614985064 7.616550816 7.618116568 7.619682321 7.621248073 7.622813825 7.624379577 7.625945329 7.627511081 7.684246202 7.755693153 7.827140105 7.898587056 7.970034008 8.04148096 8.112927911 8.184374863 8.255821814 7.913723117 6.675608847 5.437494576 4.199380306 3.594191909 3.5586368 3.52308169 3.48752658 3.476746374 3.474814349 3.472882323 3.470950298 3.469018272 3.467086247 3.465154221 3.463222195 3.46129017 3.442914207 3.378495218 3.31407623 3.249657241 3.185238253 3.120819264 3.056400276 2.991981287 2.927562299 2.86314331 2.255918622 1.503945748 0.7519728741 0 
5.414183185 5.387356681 5.37606131 5.37606131 5.37606131 5.37606131 5.37606131 5.37606131 5.37606131 5.37606131 5.331235333 4.479541757 3.762573339 3.764139091 3.765704843 3.767270595 3.768836348 3.7704021 3.771967852 3.773533604 3.775099356 3.776665108 3.778230861 3.779796613 3.836531733 3.907978684 3.979425636 4.050872588 4.122319539 4.193766491 4.265213442 4.336660394 4.408107346 4.479554297 4.551001249 4.071054002 2.832939731 2.227751335 2.192196225 2.177876748 2.175944722 2.174012696 2.172080671 2.170148645 2.16821662 2.166284594 2.164352568 2.162420543 2.160488517 2.158556492 2.140180529 2.07576154 2.011342552 1.946923563 1.882504575 1.818085586 1.753666598 1.689247609 1.624828621 1.560409632 1.495990644 1.431571655 0.7519728741 0 
-0.08835504207 -0.08835504207 -0.08835504207 -0.08835504207 -0.08835504207 -0.08835504207 -0.08835504207 -0.08835504207 -0.08835504207 -0.08835504207 -0.08827263406 -0.08670688191 -0.08514112975 -0.0835753776 -0.08200962545 -0.08044387329 -0.07887812114 -0.07731236898 -0.07574661683 -0.07418086467 -0.07261511252 -0.07104936036 -0.06948360821 -0.06791785606 -0.01118273591 0.0602642157 0.1317111673 0.2031581189 0.2746050705 0.3460520221 0.4174989737 0.4889459254 0.560392877 0.6318398286 0.7032867802 0.7747337318 0.8461806834 0.8790071207 0.8770750951 0.8751430695 0.8732110439 0.8712790184 0.8693469928 0.8674149672 0.8654829416 0.863550916 0.8616188904 0.8596868648 0.8577548393 0.8558228137 0.8374468505 0.773027862 0.7086088735 0.644189885 0.5797708965 0.515351908 0.4509329195 0.386513931 0.3220949425 0.257675954 0.1932569655 0.128837977 0.0644189885 0 
-0.6626088869 -0.6035252095 -0.5786478716 -0.5786478716 -0.5786478716 -0.5786478716 -0.5786478716 -0.5786478716 -0.5786478716 -0.5786478716 -0.5785654636 -0.5769997114 -0.5754339593 -0.5738682071 -0.572302455 -0.5707367028 -0.5691709507 -0.5676051985 -0.5660394464 -0.5644736942 -0.5629079421 -0.5613421899 -0.4077379656 -0.1839621387 -0.0804459502 -0.00899899859 0.06244795302 0.1338949046 0.2053418562 0.2767888078 0.3482357595 0.4196827111 0.4911296627 0.5625766143 0.6340235659 0.7050523488 0.7755061498 0.8209335391 0.8438371579 0.8510551066 0.849123081 0.8471910554 0.8452590298 0.8433270042 0.8413949786 0.8394629531 0.8375309275 0.8355989019 0.8336668763 0.8317348507 0.8167044379 0.764998541 0.7086088735 0.644189885 0.5797708965 0.515351908 0.4509329195 0.386513931 0.3220949425 0.257675954 0.1932569655 0.128837977 0.0644189885 0 
-1.236862732 -1.177779054 -1.118695377 -1.068940701 -1.068940701 -1.068940701 -1.068940701 -1.068940701 -1.068940701 -1.068940701 -1.068858293 -1.067292541 -1.065726789 -1.064161037 -1.062595285 -1.061029532 -1.05946378 -1.057898028 -1.056332276 -1.054766524 -0.9245528336 -0.7007770067 -0.4770011799 -0.253225353 -0.1497091645 -0.07826221288 -0.006815261269 0.06463169034 0.1360786419 0.2075255936 0.2789725452 0.3504194968 0.4218664484 0.4929997735 0.5634535744 0.6339073754 0.7043611764 0.7497885657 0.7726921845 0.7955958033 0.8184994221 0.8231030924 0.8211710669 0.8192390413 0.8173070157 0.8153749901 0.8134429645 0.8115109389 0.8095789133 0.8076468878 0.792616475 0.740910578 0.6892046811 0.6374987842 0.5797708965 0.515351908 0.4509329195 0.386513931 0.3220949425 0.257675954 0.1932569655 0.128837977 0.0644189885 0 
-1.811116577 -1.752032899 -1.692949222 -1.633865544 -1.574781867 -1.559233531 -1.559233531 -1.559233531 -1.559233531 -1.559233531 -1.559151123 -1.557585371 -1.556019618 -1.554453866 -1.552888114 -1.551322362 -1.54975661 -1.548190858 -1.441367702 -1.217591875 -0.9938160479 -0.770040221 -0.5462643941 -0.3224885673 -0.2189723788 -0.1475254272 -0.07607847556 -0.004631523949 0.06681542766 0.1382623793 0.2097093309 0.2809471981 0.3514009991 0.4218548001 0.4923086011 0.562762402 0.633216203 0.6786435923 0.7015472111 0.7244508299 0.7473544487 0.7702580675 0.7931616864 0.7951510783 0.7932190527 0.7912870271 0.7893550016 0.787422976 0.7854909504 0.7835589248 0.768528512 0.7168226151 0.6651167181 0.6134108212 0.5617049243 0.5099990273 0.4509329195 0.386513931 0.3220949425 0.257675954 0.1932569655 0.128837977 0.0644189885 0 
-2.385370421 -2.326286744 -2.267203066 -2.208119389 -2.149035712 -2.089952034 -2.04952636 -2.04952636 -2.04952636 -2.04952636 -2.049443952 -2.0478782 -2.046312448 -2.044746696 -2.043180944 -2.041615191 -1.95818257 -1.734406743 -1.510630916 -1.286855089 -1.063079262 -0.8393034353 -0.6155276084 -0.3917517816 -0.2882355931 -0.2167886415 -0.1453416898 -0.07389473824 -0.002447786628 0.06889462281 0.1393484238 0.2098022247 0.2802560257 0.3507098267 0.4211636277 0.4916174286 0.5620712296 0.6074986189 0.6304022377 0.6533058565 0.6762094753 0.6991130942 0.722016713 0.7449203318 0.7678239506 0.7671990642 0.7652670386 0.763335013 0.7614029874 0.7594709618 0.7444405491 0.6927346521 0.6410287552 0.5893228582 0.5376169613 0.4859110644 0.4342051674 0.3824992705 0.3220949425 0.257675954 0.1932569655 0.128837977 0.0644189885 0 
-2.959624266 -2.900540589 -2.841456911 -2.782373234 -2.723289556 -2.664205879 -2.605122202 -2.546038524 -2.53981919 -2.53981919 -2.539736782 -2.53817103 -2.536605277 -2.535039525 -2.474997438 -2.251221611 -2.027445784 -1.803669957 -1.57989413 -1.356118303 -1.132342476 -0.9085666496 -0.6847908227 -0.4610149959 -0.3574988074 -0.2860518557 -0.2146049041 -0.1431579525 -0.07270415156 -0.002250350585 0.06820345038 0.1386572514 0.2091110523 0.2795648533 0.3500186543 0.4204724552 0.4909262562 0.5363536455 0.5592572643 0.5821608831 0.6050645019 0.6279681208 0.6508717396 0.6737753584 0.6966789772 0.719582596 0.7411790756 0.7392470501 0.7373150245 0.7353829989 0.7203525861 0.6686466892 0.6169407922 0.5652348953 0.5135289984 0.4618231014 0.4101172045 0.3584113075 0.3067054106 0.2549995137 0.1932569655 0.128837977 0.0644189885 0 
-3.533878111 -3.474794434 -3.415710756 -3.356627079 -3.297543401 -3.238459724 -3.179376046 -3.120292369 -3.061208692 -3.030112019 -3.030029611 -3.028463859 -2.991812306 -2.768036479 -2.544260652 -2.320484825 -2.096708998 -1.872933171 -1.649157344 -1.425381518 -1.201605691 -0.9778298639 -0.754054037 -0.5302782101 -0.4267620216 -0.35531507 -0.2847567269 -0.2143029259 -0.1438491249 -0.07339532398 -0.00294152301 0.06751227796 0.1379660789 0.2084198799 0.2788736809 0.3493274818 0.4197812828 0.4652086721 0.4881122909 0.5110159097 0.5339195286 0.5568231474 0.5797267662 0.602630385 0.6255340038 0.6484376226 0.6713412414 0.6942448602 0.7132270615 0.7112950359 0.6962646231 0.6445587262 0.5928528293 0.5411469323 0.4894410354 0.4377351385 0.3860292415 0.3343233446 0.2826174476 0.2309115507 0.1792056538 0.1274997568 0.0644189885 0 
-4.108131956 -4.049048278 -3.989964601 -3.930880924 -3.871797246 -3.812713569 -3.753629891 -3.694546214 -3.635462536 -3.576378859 -3.508627174 -3.284851347 -3.06107552 -2.837299693 -2.613523866 -2.389748039 -2.165972213 -1.942196386 -1.718420559 -1.494644732 -1.270868905 -1.047093078 -0.8233172513 -0.5995414244 -0.4968093022 -0.4263555013 -0.3559017003 -0.2854478993 -0.2149940983 -0.1445402974 -0.0740864964 -0.003632695434 0.06682110554 0.1372749065 0.2077287075 0.2781825084 0.3486363094 0.3940636987 0.4169673175 0.4398709363 0.4627745552 0.485678174 0.5085817928 0.5314854116 0.5543890304 0.5772926492 0.600196268 0.6230998868 0.6460035056 0.6689071245 0.6721766602 0.6204707632 0.5687648663 0.5170589694 0.4653530724 0.4136471755 0.3619412786 0.3102353816 0.2585294847 0.2068235877 0.1551176908 0.1034117939 0.05170589694 0 
-2.893694505 -2.876016532 -2.816932855 -2.757849178 -2.6987655 -2.639681823 -2.580598145 -2.521514468 -2.462430791 -2.403347113 -2.335595428 -2.111819601 -1.888043774 -1.664267947 -1.44049212 -1.216716293 -0.9929404666 -0.7691646398 -0.5453888129 -0.321612986 -0.09783715916 0.1259386677 0.3497144946 0.4049051364 0.4594700629 0.5299238639 0.6003776648 0.6708314658 0.7412852668 0.8117390677 0.8821928687 0.9526466697 1.023100471 1.093554272 1.164008073 1.234461874 1.384928416 1.532609503 1.573305887 1.596209506 1.619113124 1.642016743 1.664920362 1.687823981 1.7107276 1.733631218 1.756534837 1.779438456 1.802342075 1.825245694 1.507310071 0.6204707632 0.5687648663 0.5170589694 0.4653530724 0.4136471755 0.3619412786 0.3102353816 0.2585294847 0.2068235877 0.1551176908 0.1034117939 0.05170589694 0 
-1.679257054 -1.678448073 -1.643901109 -1.584817432 -1.525733754 -1.466650077 -1.407566399 -1.348482722 -1.289399045 -1.230315367 -1.162563682 -0.9387878551 -0.7150120282 -0.4912362014 -0.2674603745 -0.04368454762 0.1800912792 0.4038671061 0.627642933 0.8514187599 1.075194587 1.298970414 1.366202854 1.361184502 1.415749428 1.486203229 1.55665703 1.627110831 1.697564632 1.768018433 1.838472234 1.908926035 1.979379836 2.049833637 2.120287438 2.261863675 2.501233264 2.648914351 2.714075787 2.752548075 2.775451694 2.798355313 2.821258931 2.84416255 2.867066169 2.889969788 2.912873407 2.935777025 2.958680644 2.981584263 2.663648641 1.391363143 0.5687648663 0.5170589694 0.4653530724 0.4136471755 0.3619412786 0.3102353816 0.2585294847 0.2068235877 0.1551176908 0.1034117939 0.05170589694 0 
-0.4648196031 -0.4640106216 -0.4632016401 -0.4117856859 -0.3527020084 -0.293618331 -0.2345346536 -0.1754509762 -0.1163672988 -0.05728362136 0.01046806392 0.2342438908 0.4580197177 0.6817955445 0.9055713714 1.129347198 1.353123025 1.576898852 1.800674679 2.024450506 2.248226333 2.327500572 2.322482219 2.317463867 2.372028793 2.442482594 2.512936395 2.583390196 2.653843997 2.724297798 2.794751599 2.8652054 2.935659201 3.006113002 3.138798935 3.378168523 3.617538111 3.765219198 3.830380634 3.89554207 3.931790263 3.954693882 3.977597501 4.000501119 4.023404738 4.046308357 4.069211976 4.092115595 4.115019213 4.137922832 3.81998721 2.547701712 1.275416214 0.5170589694 0.4653530724 0.4136471755 0.3619412786 0.3102353816 0.2585294847 0.2068235877 0.1551176908 0.1034117939 0.05170589694 0 
0.7496178477 0.7504268292 0.7512358107 0.76124606 0.8203297374 0.8794134148 0.9384970923 0.9975807697 1.056664447 1.115748125 1.18349981 1.407275637 1.631051464 1.85482729 2.078603117 2.302378944 2.526154771 2.749930598 2.973706425 3.197482252 3.28879829 3.283779937 3.278761585 3.273743232 3.328308158 3.398761959 3.46921576 3.539669561 3.610123362 3.680577163 3.751030964 3.821484765 3.891938566 4.015734195 4.255103783 4.494473371 4.733842959 4.881524046 4.946685482 5.011846918 5.077008354 5.111032451 5.13393607 5.156839689 5.179743307 5.202646926 5.225550545 5.248454164 5.271357783 5.294261402 4.976325779 3.704040281 2.431754783 1.159469286 0.4653530724 0.4136471755 0.3619412786 0.3102353816 0.2585294847 0.2068235877 0.1551176908 0.1034117939 0.05170589694 0 
1.964055299 1.96486428 1.965673262 1.966482243 1.993361483 2.052445161 2.111528838 2.170612516 2.229696193 2.28877987 2.356531556 2.580307383 2.804083209 3.027859036 3.251634863 3.47541069 3.699186517 3.922962344 4.146738171 4.250096008 4.245077655 4.240059303 4.23504095 4.230022597 4.284587523 4.355041324 4.425495125 4.495948926 4.566402727 4.636856528 4.707310329 4.77776413 4.892669454 5.132039042 5.37140863 5.610778219 5.850147807 5.997828894 6.06299033 6.128151766 6.193313202 6.258474638 6.290274639 6.313178258 6.336081877 6.358985496 6.381889114 6.404792733 6.427696352 6.450599971 6.132664348 4.860378851 3.588093353 2.315807855 1.043522357 0.4136471755 0.3619412786 0.3102353816 0.2585294847 0.2068235877 0.1551176908 0.1034117939 0.05170589694 0 
3.178492749 3.179301731 3.180110712 3.180919694 3.181728675 3.225476907 3.284560584 3.343644261 3.402727939 3.461811616 3.529563302 3.753339128 3.977114955 4.200890782 4.424666609 4.648442436 4.872218263 5.09599409 5.211393726 5.206375373 5.20135702 5.196338668 5.191320315 5.186301962 5.240866888 5.311320689 5.38177449 5.452228291 5.522682092 5.593135893 5.663589694 5.769604714 6.008974302 6.24834389 6.487713478 6.727083066 6.966452655 7.114133742 7.179295178 7.244456614 7.30961805 7.374779485 7.439940921 7.469516827 7.492420446 7.515324065 7.538227684 7.561131302 7.584034921 7.60693854 7.289002918 6.01671742 4.744431922 3.472146424 2.199860926 0.9275754285 0.3619412786 0.3102353816 0.2585294847 0.2068235877 0.1551176908 0.1034117939 0.05170589694 0 
4.3929302 4.393739182 4.394548163 4.395357145 4.396166126 4.398508652 4.45759233 4.516676007 4.575759685 4.634843362 4.702595047 4.926370874 5.150146701 5.373922528 5.597698355 5.821474182 6.045250009 6.172691444 6.167673091 6.162654738 6.157636386 6.152618033 6.14759968 6.142581327 6.197146254 6.267600055 6.338053856 6.408507657 6.478961458 6.549415258 6.646539973 6.885909561 7.12527915 7.364648738 7.604018326 7.843387914 8.082757502 8.230438589 8.295600025 8.360761461 8.425922897 8.491084333 8.556245769 8.621407205 8.648759015 8.671662634 8.694566253 8.717469872 8.740373491 8.763277109 8.445341487 7.173055989 5.900770491 4.628484993 3.356199496 2.083913998 0.8116284999 0.3102353816 0.2585294847 0.2068235877 0.1551176908 0.1034117939 0.05170589694 0 
5.607367651 5.608176633 5.608985614 5.609794596 5.610603577 5.611412559 5.630624076 5.689707753 5.748791431 5.807875108 5.875626793 6.09940262 6.323178447 6.546954274 6.770730101 6.994505928 7.133989162 7.128970809 7.123952456 7.118934104 7.113915751 7.108897398 7.103879045 7.098860692 7.153425619 7.22387942 7.294333221 7.364787022 7.435240823 7.523475233 7.762844821 8.002214409 8.241583997 8.480953585 8.720323174 8.959692762 9.19906235 9.346743437 9.411904873 9.477066309 9.542227745 9.607389181 9.672550617 9.737712053 9.802873489 9.828001203 9.850904822 9.873808441 9.89671206 9.919615679 9.601680056 8.329394558 7.057109061 5.784823563 4.512538065 3.240252567 1.967967069 0.6956815714 0.2585294847 0.2068235877 0.1551176908 0.1034117939 0.05170589694 0 
6.821805102 6.822614084 6.823423065 6.824232047 6.825041028 6.82585001 6.826658991 6.862739499 6.921823176 6.980906854 7.048658539 7.272434366 7.496210193 7.71998602 7.943761847 8.09528688 8.090268527 8.085250174 8.080231821 8.075213469 8.070195116 8.065176763 8.06015841 8.055140057 8.109704984 8.180158785 8.250612586 8.321066387 8.400410492 8.639780081 8.879149669 9.118519257 9.357888845 9.597258433 9.836628021 10.07599761 10.3153672 10.46304828 10.52820972 10.59337116 10.65853259 10.72369403 10.78885546 10.8540169 10.91917834 10.98433977 11.00724339 11.03014701 11.05305063 11.07595425 10.75801863 9.485733128 8.21344763 6.941162132 5.668876634 4.396591136 3.124305638 1.852020141 0.5797346428 0.2068235877 0.1551176908 0.1034117939 0.05170589694 0 
8.036242553 8.037051534 8.037860516 8.038669497 8.039478479 8.04028746 8.041096442 8.041905423 8.094854922 8.1539386 8.221690285 8.445466112 8.669241939 8.893017766 9.056584598 9.051566245 9.046547892 9.041529539 9.036511187 9.031492834 9.026474481 9.021456128 9.016437775 9.011419422 9.065984349 9.13643815 9.206891951 9.277345752 9.51671534 9.756084928 9.995454516 10.2348241 10.47419369 10.71356328 10.95293287 11.19230246 11.43167205 11.57935313 11.64451457 11.709676 11.77483744 11.83999888 11.90516031 11.97032175 12.03548318 12.10064462 12.16358196 12.18648558 12.2093892 12.23229282 11.91435719 10.6420717 9.369786199 8.097500701 6.825215203 5.552929706 4.280644208 3.00835871 1.736073212 0.4637877143 0.1551176908 0.1034117939 0.05170589694 0 
9.250680004 9.251488985 9.252297967 9.253106948 9.25391593 9.254724911 9.255533893 9.256342874 9.267886668 9.326970346 9.394722031 9.618497858 9.842273685 10.01788232 10.01286396 10.00784561 10.00282726 9.997808905 9.992790552 9.987772199 9.982753846 9.977735493 9.97271714 9.967698788 10.02226371 10.09271752 10.16317132 10.3936506 10.63302019 10.87238978 11.11175936 11.35112895 11.59049854 11.82986813 12.06923772 12.30860731 12.54797689 12.69565798 12.76081942 12.82598085 12.89114229 12.95630372 13.02146516 13.0866266 13.15178803 13.21694947 13.2821109 13.34282415 13.36572777 13.38863139 13.07069576 11.79841027 10.52612477 9.253839271 7.981553773 6.709268275 5.436982777 4.164697279 2.892411781 1.620126284 0.3478407857 0.1034117939 0.05170589694 0 
10.46511745 10.46592644 10.46673542 10.4675444 10.46835338 10.46916236 10.46997134 10.47078033 10.47158931 10.50000209 10.56775378 10.7915296 10.97918003 10.97416168 10.96914333 10.96412498 10.95910662 10.95408827 10.94906992 10.94405156 10.93903321 10.93401486 10.92899651 10.92397815 10.97854308 11.04899688 11.27058586 11.50995545 11.74932504 11.98869462 12.22806421 12.4674338 12.70680339 12.94617298 13.18554256 13.42491215 13.66428174 13.81196283 13.87712426 13.9422857 14.00744714 14.07260857 14.13777001 14.20293144 14.26809288 14.33325432 14.39841575 14.46357719 14.52206634 14.54496996 14.22703433 12.95474884 11.68246334 10.41017784 9.137892342 7.865606844 6.593321346 5.321035848 4.048750351 2.776464853 1.504179355 0.2318938571 0.05170589694 0 
11.67955491 11.68036389 11.68117287 11.68198185 11.68279083 11.68359981 11.68440879 11.68521778 11.68602676 11.68683574 11.74078552 11.94047775 11.9354594 11.93044105 11.92542269 11.92040434 11.91538599 11.91036763 11.90534928 11.90033093 11.89531258 11.89029422 11.88527587 11.88025752 11.93482244 12.14752112 12.38689071 12.6262603 12.86562988 13.10499947 13.34436906 13.58373865 13.82310824 14.06247782 14.30184741 14.541217 14.78058659 14.92826768 14.99342911 15.05859055 15.12375198 15.18891342 15.25407486 15.31923629 15.38439773 15.44955916 15.5147206 15.57988204 15.64504347 15.70130852 15.3833729 14.1110874 12.83880191 11.56651641 10.29423091 9.021945413 7.749659916 6.477374418 5.20508892 3.932803422 2.660517924 1.388232426 0.1159469286 0 
12.89399236 12.89480134 12.89561032 12.8964193 12.89722828 12.89803726 12.89884625 12.89965523 12.90046421 12.90127319 12.90177547 12.89675712 12.89173876 12.88672041 12.88170206 12.87668371 12.87166535 12.866647 12.86162865 12.85661029 12.85159194 12.84657359 12.84155524 12.83653688 13.02445638 13.26382597 13.50319555 13.74256514 13.98193473 14.22130432 14.46067391 14.7000435 14.93941308 15.17878267 15.41815226 15.65752185 15.89689144 16.04457252 16.10973396 16.1748954 16.24005683 16.30521827 16.3703797 16.43554114 16.50070258 16.56586401 16.63102545 16.69618688 16.76134832 16.82650976 16.53971147 15.26742597 13.99514048 12.72285498 11.45056948 10.17828398 8.905998485 7.633712987 6.361427489 5.089141991 3.816856493 2.544570996 1.272285498 0 
14.25264505 14.16761827 14.16842725 14.16923624 14.17004522 14.1708542 14.17166318 14.17247216 14.17328114 14.17409012 14.1745924 14.16957405 14.1645557 14.15953735 14.15451899 14.14950064 14.14448229 14.13946393 14.13444558 14.12942723 14.12440888 14.11939052 14.11437217 13.2842002 13.23636152 13.47573111 13.7151007 13.95447028 14.19383987 14.43320946 14.67257905 14.91194864 15.15131823 15.39068781 15.6300574 15.86942699 15.91296351 15.82619712 15.86046703 15.92562847 15.9907899 16.05595134 16.12111278 16.18627421 16.25143565 16.31659708 16.38175852 16.44691996 16.51208139 16.57724283 16.35968536 15.26742597 13.99514048 12.72285498 11.45056948 10.17828398 8.905998485 7.633712987 6.361427489 5.089141991 3.816856493 2.544570996 1.272285498 0 
15.61129774 15.49130084 15.44124419 15.44205317 15.44286215 15.44367113 15.44448011 15.4452891 15.44609808 15.44690706 15.44740934 15.44239099 15.43737263 15.43235428 15.42733593 15.42231757 15.41729922 15.41228087 15.40726252 15.40224416 15.39722581 15.39220746 14.62097503 13.49610534 13.44826666 13.68763625 13.92700584 14.16637543 14.40574501 14.6451146 14.88448419 15.12385378 15.36322337 15.60259296 15.84196254 15.90725829 15.73320252 15.64643613 15.63823019 15.67636154 15.74152298 15.80668441 15.87184585 15.93700729 16.00216872 16.06733016 16.13249159 16.19765303 16.26281447 16.3279759 16.11041843 15.10124802 13.99514048 12.72285498 11.45056948 10.17828398 8.905998485 7.633712987 6.361427489 5.089141991 3.816856493 2.544570996 1.272285498 0 
16.96995043 16.84995353 16.72995663 16.7148701 16.71567909 16.71648807 16.71729705 16.71810603 16.71891501 16.71972399 16.72022627 16.71520792 16.71018957 16.70517121 16.70015286 16.69513451 16.69011616 16.6850978 16.68007945 16.6750611 16.67004274 15.95774986 14.83288017 13.70801048 13.6601718 13.89954139 14.13891098 14.37828057 14.61765016 14.85701974 15.09638933 15.33575892 15.57512851 15.8144981 15.90155308 15.7274973 15.55344153 15.46667514 15.4584692 15.45026326 15.49225605 15.55741749 15.62257892 15.68774036 15.75290179 15.81806323 15.88322467 15.9483861 16.01354754 16.07870897 15.8611515 14.8519811 13.84281069 12.72285498 11.45056948 10.17828398 8.905998485 7.633712987 6.361427489 5.089141991 3.816856493 2.544570996 1.272285498 0 
18.32860312 18.20860622 18.08860932 17.98768704 17.98849602 17.989305 17.99011398 17.99092296 17.99173195 17.99254093 17.99304321 17.98802485 17.9830065 17.97798815 17.9729698 17.96795144 17.96293309 17.95791474 17.95289638 17.94787803 17.29452469 16.169655 15.04478532 13.91991563 13.87207694 14.11144653 14.35081612 14.59018571 14.8295553 15.06892489 15.30829447 15.54766406 15.78703365 15.89584786 15.72179209 15.54773631 15.37368054 15.28691415 15.27870821 15.27050227 15.26229633 15.30815056 15.373312 15.43847343 15.50363487 15.5687963 15.63395774 15.69911918 15.76428061 15.82944205 15.61188458 14.60271417 13.59354376 12.58437335 11.45056948 10.17828398 8.905998485 7.633712987 6.361427489 5.089141991 3.816856493 2.544570996 1.272285498 0 
19.68725582 19.56725892 19.44726202 19.32726512 19.26131295 19.26212194 19.26293092 19.2637399 19.26454888 19.26535786 19.26586014 19.26084179 19.25582344 19.25080508 19.24578673 19.24076838 19.23575002 19.23073167 19.22571332 18.63129953 17.50642984 16.38156015 15.25669046 14.13182077 14.08398209 14.32335167 14.56272126 14.80209085 15.04146044 15.28083003 15.52019962 15.7595692 15.89014264 15.71608687 15.5420311 15.36797532 15.19391955 15.10715316 15.09894722 15.09074128 15.08253534 15.0743294 15.12404507 15.1892065 15.25436794 15.31952938 15.38469081 15.44985225 15.51501368 15.58017512 15.36261765 14.35344724 13.34427683 12.33510643 11.32593602 10.17828398 8.905998485 7.633712987 6.361427489 5.089141991 3.816856493 2.544570996 1.272285498 0 
21.04590851 20.92591161 20.80591471 20.68591781 20.56592091 20.53493887 20.53574785 20.53655683 20.53736581 20.5381748 20.53867708 20.53365872 20.52864037 20.52362202 20.51860366 20.51358531 20.50856696 20.50354861 19.96807436 18.84320467 17.71833498 16.59346529 15.4685956 14.34372591 14.29588723 14.53525682 14.7746264 15.01399599 15.25336558 15.49273517 15.73210476 15.88443743 15.71038165 15.53632588 15.36227011 15.18821433 15.01415856 14.92739217 14.91918623 14.91098029 14.90277435 14.89456841 14.88636246 14.93993958 15.00510101 15.07026245 15.13542389 15.20058532 15.26574676 15.33090819 15.11335072 14.10418031 13.09500991 12.0858395 11.07666909 10.06749868 8.905998485 7.633712987 6.361427489 5.089141991 3.816856493 2.544570996 1.272285498 0 
22.4045612 22.2845643 22.1645674 22.0445705 21.9245736 21.8077558 21.80856479 21.80937377 21.81018275 21.81099173 21.81149401 21.80647566 21.8014573 21.79643895 21.7914206 21.78640225 21.78138389 21.30484919 20.1799795 19.05510981 17.93024012 16.80537043 15.68050074 14.55563105 14.50779237 14.74716196 14.98653155 15.22590113 15.46527072 15.70464031 15.87873221 15.70467644 15.53062066 15.35656489 15.18250912 15.00845334 14.83439757 14.74763118 14.73942524 14.7312193 14.72301336 14.71480741 14.70660147 14.69839553 14.75583409 14.82099552 14.88615696 14.95131839 15.01647983 15.08164127 14.8640838 13.85491339 12.84574298 11.83657257 10.82740216 9.818231755 8.809061347 7.633712987 6.361427489 5.089141991 3.816856493 2.544570996 1.272285498 0 
23.76321389 23.64321699 23.52322009 23.40322319 23.28322629 23.16322939 23.08138172 23.0821907 23.08299968 23.08380866 23.08431094 23.07929259 23.07427424 23.06925589 23.06423753 23.05921918 22.64162402 21.51675433 20.39188464 19.26701495 18.14214526 17.01727557 15.89240588 14.76753619 14.71969751 14.9590671 15.19843669 15.43780628 15.67717586 15.87302699 15.69897122 15.52491545 15.35085967 15.1768039 15.00274813 14.82869235 14.65463658 14.56787019 14.55966425 14.55145831 14.54325237 14.53504642 14.52684048 14.51863454 14.5104286 14.57172859 14.63689003 14.70205147 14.7672129 14.83237434 14.61481687 13.60564646 12.59647605 11.58730564 10.57813524 9.568964828 8.559794419 7.550624011 6.361427489 5.089141991 3.816856493 2.544570996 1.272285498 0 
25.12186658 25.00186968 24.88187278 24.76187589 24.64187899 24.52188209 24.40188519 24.35500764 24.35581662 24.3566256 24.35712788 24.35210953 24.34709117 24.34207282 24.33705447 23.97839885 22.85352916 21.72865947 20.60378978 19.47892009 18.3540504 17.22918071 16.10431102 14.97944133 14.93160265 15.17097224 15.41034183 15.64971142 15.86732178 15.693266 15.51921023 15.34515446 15.17109868 14.99704291 14.82298713 14.64893136 14.47487559 14.3881092 14.37990326 14.37169732 14.36349138 14.35528543 14.34707949 14.33887355 14.33066761 14.32246167 14.3876231 14.45278454 14.51794598 14.58310741 14.36554994 13.35637953 12.34720913 11.33803872 10.32886831 9.319697901 8.310527492 7.301357084 6.292186676 5.089141991 3.816856493 2.544570996 1.272285498 0 
26.48051928 26.36052238 26.24052548 26.12052858 26.00053168 25.88053478 25.76053788 25.64054098 25.62863355 25.62944253 25.62994481 25.62492646 25.61990811 25.61488975 25.31517368 24.19030399 23.0654343 21.94056461 20.81569492 19.69082523 18.56595554 17.44108585 16.31621617 15.19134648 15.14350779 15.38287738 15.62224697 15.86161656 15.68756079 15.51350501 15.33944924 15.16539347 14.99133769 14.81728192 14.64322614 14.46917037 14.2951146 14.20834821 14.20014227 14.19193633 14.18373038 14.17552444 14.1673185 14.15911256 14.15090662 14.14270068 14.13835618 14.20351761 14.26867905 14.33384048 14.11628301 13.10711261 12.0979422 11.08877179 10.07960138 9.070430974 8.061260565 7.052090157 6.042919749 5.033749341 3.816856493 2.544570996 1.272285498 0 
27.83917197 27.71917507 27.59917817 27.47918127 27.35918437 27.23918747 27.11919057 26.99919367 26.90145049 26.90225947 26.90276175 26.89774339 26.89272504 26.65194851 25.52707882 24.40220913 23.27733944 22.15246975 21.02760006 19.90273038 18.77786069 17.652991 16.52812131 15.40325162 15.35541294 15.59478252 15.83415211 15.68185557 15.5077998 15.33374402 15.15968825 14.98563247 14.8115767 14.63752093 14.46346515 14.28940938 14.11535361 14.02858722 14.02038128 14.01217534 14.00396939 13.99576345 13.98755751 13.97935157 13.97114563 13.96293969 13.95473375 13.95425069 14.01941212 14.08457356 13.86701609 12.85784568 11.84867527 10.83950486 9.830334455 8.821164047 7.811993638 6.80282323 5.793652822 4.784482414 3.775312006 2.544570996 1.272285498 0 
29.19782466 29.07782776 28.95783086 28.83783396 28.71783706 28.59784016 28.47784326 28.35784636 28.23784946 28.1750764 28.17557868 28.17056033 27.98872334 26.86385365 25.73898396 24.61411427 23.48924459 22.3643749 21.23950521 20.11463552 18.98976583 17.86489614 16.74002645 15.61515676 15.56731808 15.80668767 15.67615035 15.50209458 15.3280388 15.15398303 14.97992726 14.80587148 14.63181571 14.45775994 14.28370416 14.10964839 13.93559262 13.84882623 13.84062029 13.83241435 13.8242084 13.81600246 13.80779652 13.79959058 13.79138464 13.7831787 13.77497275 13.76676681 13.77014519 13.83530663 13.61774916 12.60857875 11.59940834 10.59023794 9.581067528 8.57189712 7.562726711 6.553556303 5.544385895 4.535215487 3.526045079 2.51687467 1.272285498 0 
30.55647735 30.43648045 30.31648355 30.19648665 30.07648975 29.95649285 29.83649595 29.71649905 29.59650215 29.47650525 29.44839561 29.32549817 28.20062848 27.0757588 25.95088911 24.82601942 23.70114973 22.57628004 21.45141035 20.32654066 19.20167097 18.07680128 16.95193159 15.8270619 15.77922322 15.67044513 15.49638936 15.32233359 15.14827781 14.97422204 14.80016627 14.62611049 14.45205472 14.27799895 14.10394317 13.9298874 13.75583163 13.66906524 13.6608593 13.65265335 13.64444741 13.63624147 13.62803553 13.61982959 13.61162365 13.60341771 13.59521176 13.58700582 13.57879988 13.5860397 13.36848223 12.35931183 11.35014142 10.34097101 9.331800601 8.322630192 7.313459784 6.304289376 5.295118968 4.28594856 3.276778152 2.267607743 1.258437335 0 
31.91513004 31.79513314 31.67513625 31.55513935 31.43514245 31.31514555 31.19514865 31.07515175 30.95515485 30.83515795 30.66227301 29.53740332 28.41253363 27.28766394 26.16279425 25.03792456 23.91305487 22.78818518 21.66331549 20.5384458 19.41357611 18.28870642 17.16383673 16.03896704 15.66473992 15.49068414 15.31662837 15.1425726 14.96851682 14.79446105 14.62040528 14.4463495 14.27229373 14.09823796 13.92418218 13.75012641 13.57607064 13.48930425 13.48109831 13.47289236 13.46468642 13.45648048 13.44827454 13.4400686 13.43186266 13.42365672 13.41545077 13.40724483 13.39903889 13.39083295 13.11921531 12.1100449 11.10087449 10.09170408 9.082533674 8.073363265 7.064192857 6.055022449 5.045852041 4.036681633 3.027511225 2.018340816 1.009170408 0 
