8.140130908 7.621825725 7.103520543 6.58521536 6.066910178 5.548604995 5.030299813 4.51199463 4.029793846 3.80032385 3.570853854 3.341383858 3.111913862 2.882443866 2.65297387 2.423503874 2.221182564 2.100307313 1.979432061 1.85855681 1.737681558 1.616806307 1.495931056 1.375055804 1.276404066 1.214791516 1.153178966 1.091566417 1.029953867 0.9683413173 0.9067287676 0.8451162178 0.8006336906 0.7732811858 0.745928681 0.7185761762 0.6912236713 0.6638711665 0.6365186617 0.6091661569 0.5989835023 0.5991027578 0.5992220133 0.5993412688 0.5994605243 0.5995797798 0.5996990353 0.5998182908 0.6153959712 0.63612646 0.6568569487 0.6775874374 0.6983179261 0.7190484148 0.7397789035 0.7605093922 0.7894228474 0.8195052978 0.8495877481 0.8796701985 0.9097526489 0.9398350993 0.9699175496 1 
8.035253088 7.563585316 7.05110981 6.532804627 6.014499445 5.496194262 4.97788908 4.459583897 3.977383113 3.747913117 3.518443121 3.288973125 3.059503129 2.830033133 2.600563137 2.378890313 2.194706187 2.082730878 1.961855627 1.840980375 1.720105124 1.599229872 1.478354621 1.35747937 1.258827631 1.197215081 1.135602532 1.073989982 1.012377432 0.9507648825 0.8891523328 0.8313731552 0.7916888813 0.7665008212 0.7391483164 0.7117958116 0.6844433068 0.657090802 0.6297382972 0.6023857924 0.5922031378 0.5923223933 0.5924416488 0.5925609043 0.5926801598 0.5927994153 0.5929186708 0.5942085511 0.6106182993 0.6315975898 0.6523280785 0.6730585672 0.6937890559 0.7145195446 0.7352500333 0.7559805221 0.7848939772 0.8149764276 0.845058878 0.8751413283 0.9052237787 0.9353062291 0.9658918872 1 
7.930375269 7.458707496 6.987039724 6.480393894 5.962088712 5.443783529 4.925478347 4.407173164 3.92497238 3.695502384 3.466032388 3.236562392 3.007092396 2.7776224 2.558548633 2.349871094 2.165686969 2.05498308 1.944279192 1.82340394 1.702528689 1.581653438 1.460778186 1.339902935 1.241251196 1.179638647 1.118026097 1.056413547 0.9948009975 0.9331884478 0.8761759446 0.8206967903 0.7810125164 0.757123123 0.7323679518 0.705015447 0.6776629422 0.6503104374 0.6229579326 0.5956054278 0.5854227732 0.5855420287 0.5856612842 0.5857805397 0.5858997952 0.5860190507 0.5874761631 0.5889332756 0.6053430238 0.6267369839 0.6477992083 0.668529697 0.6892601857 0.7099906744 0.7307211632 0.7514516519 0.780365107 0.8104475574 0.8405300078 0.8706124581 0.9006949085 0.9317837745 0.9658918872 1 
7.825497449 7.353829677 6.882161905 6.410494133 5.909677979 5.391372797 4.873067614 4.354762431 3.872561647 3.643091651 3.413621655 3.184151659 2.954681663 2.738206953 2.529529415 2.320851876 2.13666775 2.025963862 1.915259974 1.804556085 1.684952254 1.564077003 1.443201751 1.3223265 1.223674762 1.162062212 1.100449662 1.038837113 0.9772245628 0.920978734 0.8654995797 0.8100204253 0.7703361515 0.7464467581 0.7225573647 0.6982350824 0.6708825776 0.6435300728 0.616177568 0.5888250632 0.5786424086 0.5787616641 0.5788809196 0.5790001751 0.5792866627 0.5807437752 0.5822008876 0.583658 0.6000677482 0.6214617084 0.6428556685 0.6640008268 0.6847313155 0.7054618043 0.726192293 0.7469227817 0.7758362368 0.8059186872 0.8360011376 0.866083588 0.8976756617 0.9317837745 0.9658918872 1 
7.720619629 7.248951857 6.777284085 6.305616313 5.833948541 5.338962064 4.820656881 4.302351699 3.820150914 3.590680918 3.361210922 3.131740926 2.917865274 2.709187735 2.500510197 2.291832658 2.107648532 1.996944644 1.886240755 1.775536867 1.664832979 1.546500568 1.425625317 1.304750065 1.206098327 1.144485777 1.082873228 1.021260678 0.9657815234 0.9103023691 0.8548232147 0.7993440604 0.7596597865 0.7357703931 0.7118809998 0.6879916064 0.6641022131 0.6367497083 0.6093972035 0.5820446987 0.571862044 0.5719812995 0.5721005551 0.5725542748 0.5740113872 0.5754684996 0.5769256121 0.5783827245 0.5947924727 0.6161864328 0.637580393 0.6589743531 0.6802024454 0.7009329341 0.7216634228 0.7423939115 0.7713073667 0.801389817 0.8314722674 0.863567549 0.8976756617 0.9317837745 0.9658918872 1 
7.61574181 7.144074038 6.672406266 6.200738493 5.729070721 5.257402949 4.768246148 4.249940966 3.767740182 3.538270186 3.30880019 3.097523594 2.888846055 2.680168517 2.471490978 2.26281344 2.078629314 1.967925426 1.857221537 1.746517649 1.635813761 1.525109872 1.408048882 1.287173631 1.188521892 1.126909343 1.066063467 1.010584313 0.9551051585 0.8996260041 0.8441468498 0.7886676954 0.7489834216 0.7250940282 0.7012046348 0.6773152415 0.6534258481 0.6295364548 0.6026168389 0.5752643341 0.5650816795 0.565200935 0.5658218868 0.5672789993 0.5687361117 0.5701932241 0.5716503365 0.573107449 0.5895171972 0.6109111573 0.6323051174 0.6536990776 0.6750930377 0.6964040639 0.7171345526 0.7378650413 0.7667784965 0.7968609468 0.8294594362 0.863567549 0.8976756617 0.9317837745 0.9658918872 1 
7.51086399 7.039196218 6.567528446 6.095860674 5.624192902 5.15252513 4.680857358 4.197530233 3.715329449 3.485859453 3.277181914 3.068504376 2.859826837 2.651149299 2.44247176 2.233794222 2.049610096 1.938906207 1.828202319 1.717498431 1.606794542 1.496090654 1.385386766 1.269597196 1.170945457 1.110866257 1.055387102 0.9999079479 0.9444287935 0.8889496392 0.8334704848 0.7779913305 0.7383070566 0.7144176633 0.6905282699 0.6666388765 0.6427494832 0.6188600898 0.5949706965 0.5684839695 0.5583013149 0.5590894989 0.5605466113 0.5620037237 0.5634608362 0.5649179486 0.566375061 0.5678321734 0.5842419217 0.6056358818 0.6270298419 0.648423802 0.6698177622 0.6912117223 0.7126056824 0.7333361711 0.7622496263 0.7953513234 0.8294594362 0.863567549 0.8976756617 0.9317837745 0.9658918872 1 
7.40598617 6.934318398 6.462650626 5.990982854 5.519315082 5.04764731 4.575979538 4.104311766 3.665517773 3.456840234 3.248162696 3.039485157 2.830807619 2.622130081 2.413452542 2.204775004 2.020590878 1.909886989 1.799183101 1.688479213 1.577775324 1.467071436 1.356367547 1.245663659 1.155669046 1.100189892 1.044710737 0.989231583 0.9337524286 0.8782732742 0.8227941199 0.7673149655 0.7276306917 0.7037412983 0.679851905 0.6559625116 0.6320731182 0.6081837249 0.5842943315 0.5604049382 0.5523571109 0.5538142233 0.5552713358 0.5567284482 0.5581855606 0.5596426731 0.5610997855 0.5625568979 0.5789666461 0.6003606063 0.6217545664 0.6431485265 0.6645424866 0.6859364468 0.7073304069 0.728724367 0.7612432107 0.7953513234 0.8294594362 0.863567549 0.8976756617 0.9317837745 0.9658918872 1 
7.398091652 6.92642388 6.454756108 5.983088336 5.511420563 5.039752791 4.568085019 4.096417247 3.670818511 3.457498669 3.248821131 3.040143592 2.831466054 2.622788515 2.414110977 2.205433439 2.021249313 1.910545424 1.799841536 1.689137647 1.578433759 1.467729871 1.357025982 1.246322094 1.157050074 1.10157092 1.046091766 0.9906126114 0.935133457 0.8796543027 0.8241751483 0.7685216453 0.726406484 0.7023875784 0.6784981851 0.6546087917 0.6307193983 0.606830005 0.5829406116 0.5590512183 0.551003391 0.5524605034 0.5539176159 0.5553747283 0.5568318407 0.5582889532 0.5597460656 0.5614120011 0.5782946028 0.5996885629 0.621082523 0.6424764832 0.6638704433 0.6852644034 0.7066583635 0.7280523237 0.7605711673 0.7946792801 0.8287873929 0.8628955056 0.8970036184 0.9311117311 0.9652198439 1 
7.390197133 6.918529361 6.446861589 5.975193817 5.503526045 5.031858273 4.560190501 4.094976786 3.677445621 3.458157104 3.249479566 3.040802027 2.832124489 2.62344695 2.414769412 2.206091873 2.021907747 1.911203859 1.800499971 1.689796082 1.579092194 1.468388306 1.357684417 1.247622834 1.158431103 1.102951949 1.047472794 0.9919936398 0.9365144855 0.8810353311 0.8255561767 0.7683335356 0.7262183743 0.7010338585 0.6771444652 0.6532550718 0.6293656784 0.6054762851 0.5815868917 0.5576974984 0.5496496711 0.5511067836 0.552563896 0.5540210084 0.5554781208 0.5569352333 0.5583923457 0.5604341626 0.577418696 0.5990165195 0.6204104797 0.6418044398 0.6631983999 0.6845923601 0.7059863202 0.7273802803 0.759899124 0.7940072367 0.8281153495 0.8622234623 0.896331575 0.9304396878 0.9646971435 1 
7.382302614 6.910634842 6.43896707 5.967299298 5.495631526 5.023963754 4.552295982 4.101603896 3.684072731 3.464784214 3.250138001 3.041460462 2.832782924 2.624105385 2.415427847 2.206750308 2.022566182 1.911862294 1.801158406 1.690454517 1.579750629 1.469046741 1.35842314 1.249003863 1.159812131 1.104332977 1.048853823 0.9933746682 0.9378955139 0.8824163595 0.8264141591 0.7681454259 0.7260302646 0.7000686754 0.6757907453 0.6519013519 0.6280119585 0.6041225652 0.5802331718 0.5563437785 0.5482959512 0.5497530637 0.5512101761 0.5526672885 0.5541244009 0.5555815134 0.5573309781 0.5594563242 0.5764408576 0.5983444762 0.6197384363 0.6411323964 0.6625263566 0.6839203167 0.7053142768 0.726708237 0.7592270806 0.7933351934 0.8274433061 0.8615514189 0.8956595317 0.9297676444 0.9646971435 1 
7.374408096 6.902740324 6.431072552 5.959404779 5.487737007 5.016069235 4.554082549 4.108231006 3.690699841 3.471411324 3.252122808 3.042118897 2.833441359 2.62476382 2.416086282 2.207408743 2.023224617 1.912520729 1.801816841 1.691112952 1.580409064 1.469705176 1.359804169 1.250384891 1.16119316 1.105714005 1.050234851 0.9947556967 0.9392765423 0.883797388 0.8262260494 0.7679573162 0.7258421549 0.6998805657 0.6744370254 0.650547632 0.6266582387 0.6027688453 0.5788794519 0.5549900586 0.5469422313 0.5483993438 0.5498564562 0.5513135686 0.552770681 0.5542277935 0.5563531396 0.5584784858 0.5754630192 0.597400615 0.619066393 0.6404603531 0.6618543132 0.6832482733 0.7046422335 0.7260361936 0.7585550373 0.79266315 0.8267712628 0.8608793756 0.8949874883 0.929394287 0.9646971435 1 
7.366513577 6.894845805 6.423178033 5.951510261 5.479842489 5.008174717 4.560709659 4.114858116 3.697326951 3.478038434 3.258749918 3.042777332 2.834099794 2.625422255 2.416744717 2.208067178 2.023883052 1.913179164 1.802475276 1.691771387 1.581067499 1.470604475 1.361185197 1.25176592 1.162574188 1.107095034 1.051615879 0.9961367251 0.9406575707 0.884306673 0.8260379397 0.7677692065 0.7256540452 0.6996924559 0.6737308667 0.6491939121 0.6253045188 0.6014151254 0.577525732 0.5536363387 0.5455885114 0.5470456239 0.5485027363 0.5499598487 0.5514169611 0.553249955 0.5553753012 0.5575006473 0.5744851807 0.5964227766 0.6183603724 0.6397883097 0.6611822699 0.68257623 0.7039701901 0.7253641502 0.7578829939 0.7919911067 0.8260992194 0.8602073322 0.894315445 0.929394287 0.9646971435 1 
7.358619058 6.886951286 6.415283514 5.943615742 5.47194797 5.013188312 4.567336769 4.121485226 3.703954061 3.484665544 3.265377028 3.046088512 2.834758229 2.62608069 2.417403152 2.208725613 2.024541487 1.913837599 1.803133711 1.692429822 1.581725934 1.471985503 1.362566226 1.253146948 1.163955217 1.108476062 1.052996908 0.9975177535 0.9420385992 0.8841185633 0.82584983 0.7675810968 0.7254659355 0.6995043462 0.673542757 0.6478401922 0.6239507989 0.6000614055 0.5761720121 0.5522826188 0.5442347915 0.545691904 0.5471490164 0.5486061288 0.5501467705 0.5522721166 0.5543974628 0.5565228089 0.5735073423 0.5954449381 0.617382534 0.6391162664 0.6605102265 0.6819041866 0.7032981468 0.7246921069 0.7572109506 0.7913190633 0.8254271761 0.8595352889 0.8940914305 0.929394287 0.9646971435 1 
7.35072454 6.879056768 6.407388995 5.935721223 5.465666966 5.019815422 4.573963879 4.128112336 3.710581171 3.491292654 3.272004138 3.052715622 2.835416664 2.626739125 2.418061587 2.209384048 2.025199922 1.914496034 1.803792145 1.693088257 1.58278581 1.473366532 1.363947254 1.254527976 1.165336245 1.109857091 1.054377936 0.9988987819 0.9421991868 0.8839304536 0.8256617203 0.767392987 0.7252778258 0.6993162365 0.6733546473 0.647393058 0.622597079 0.5987076856 0.5748182922 0.5509288989 0.5428810716 0.5443381841 0.5457952965 0.5472524089 0.549168932 0.5512942782 0.5534196243 0.5555449705 0.5725295039 0.5944670997 0.6164046955 0.6383422913 0.6598381832 0.6812321433 0.7026261034 0.7240200635 0.7565389072 0.79064702 0.8247551327 0.8588632455 0.8940914305 0.929394287 0.9646971435 1 
7.342830021 6.871162249 6.399494477 5.927826705 5.472294076 5.026442532 4.580590989 4.134739445 3.717208281 3.497919764 3.278631248 3.059342731 2.840054215 2.62739756 2.418720022 2.210042483 2.025858357 1.915154469 1.80445058 1.693746692 1.584166838 1.47474756 1.365328283 1.255909005 1.166717273 1.111238119 1.055758965 1.00027981 0.9420110771 0.8837423439 0.8254736106 0.7672048773 0.7250897161 0.6991281268 0.6731665376 0.6472049483 0.6212433591 0.5973539657 0.5734645723 0.549575179 0.5415273517 0.5429844642 0.5444415766 0.5460657475 0.5481910936 0.5503164398 0.5524417859 0.5545671321 0.5715516655 0.5934892613 0.6154268571 0.6373644529 0.6591661398 0.6805600999 0.7019540601 0.7233480202 0.7558668639 0.7899749766 0.8240830894 0.858788574 0.8940914305 0.929394287 0.9646971435 1 
7.334935502 6.86326773 6.391599958 5.924772729 5.478921186 5.033069642 4.587218099 4.141366555 3.723835391 3.504546874 3.285258358 3.065969841 2.846681325 2.628055995 2.419378456 2.210700918 2.026516792 1.915812904 1.805109015 1.694967144 1.585547866 1.476128589 1.366709311 1.257290033 1.168098302 1.112619148 1.057139993 1.000091701 0.9418229674 0.8835542342 0.8252855009 0.7670167676 0.7249016064 0.6989400171 0.6729784279 0.6470168386 0.6210552494 0.5960002458 0.5721108524 0.5482214591 0.5401736318 0.5416307443 0.5430878567 0.545087909 0.5472132552 0.5493386013 0.5514639475 0.5535892936 0.570573827 0.5925114228 0.6144490187 0.6363866145 0.6583242103 0.6798880566 0.7012820167 0.7226759768 0.7551948205 0.7893029333 0.8234857175 0.858788574 0.8940914305 0.929394287 0.9646971435 1 
7.327040984 6.855373211 6.383705439 5.931399839 5.485548295 5.039696752 4.593845209 4.147993665 3.7304625 3.511173984 3.291885468 3.072596951 2.853308435 2.634019919 2.420036891 2.211359353 2.027175227 1.916471339 1.80576745 1.696348173 1.586928895 1.477509617 1.368090339 1.258671062 1.16947933 1.114000176 1.058172324 0.999903591 0.9416348577 0.8833661244 0.8250973912 0.7668286579 0.7247134967 0.6987519074 0.6727903182 0.6468287289 0.6208671396 0.5949055504 0.5707571325 0.5468677392 0.5388199119 0.5402770244 0.5419847244 0.5441100706 0.5462354167 0.5483607629 0.550486109 0.5526114552 0.5695959886 0.5915335844 0.6134711802 0.6354087761 0.6573463719 0.6792160132 0.7006099734 0.7220039335 0.7545227772 0.7886308899 0.8234857175 0.858788574 0.8940914305 0.929394287 0.9646971435 1 
7.319146465 6.847478693 6.383878492 5.938026949 5.492175405 5.046323862 4.600472319 4.154620775 3.73708961 3.517801094 3.298512578 3.079224061 2.859935545 2.640647029 2.421358512 2.212017788 2.027833662 1.917129774 1.807148479 1.697729201 1.588309923 1.478890646 1.369471368 1.26005209 1.170860359 1.115381204 1.057984215 0.9997154813 0.941446748 0.8831780147 0.8249092815 0.7666405482 0.724525387 0.6985637977 0.6726022085 0.6466406192 0.6206790299 0.5947174407 0.5694034126 0.5455140193 0.537466192 0.5389233045 0.541006886 0.5431322322 0.5452575783 0.5473829245 0.5495082706 0.5516336168 0.5686181502 0.590555746 0.6124933418 0.6344309376 0.6563685334 0.6783061293 0.69993793 0.7213318901 0.7538507338 0.788182861 0.8234857175 0.858788574 0.8940914305 0.929394287 0.9646971435 1 
7.311251946 6.839584174 6.390505602 5.944654059 5.498802515 5.052950972 4.607099429 4.161247885 3.74371672 3.524428204 3.305139688 3.085851171 2.866562655 2.647274139 2.427985622 2.212676223 2.028492097 1.917948785 1.808529507 1.699110229 1.589690952 1.480271674 1.370852396 1.261433119 1.172241387 1.116064838 1.057796105 0.9995273715 0.9412586383 0.882989905 0.8247211718 0.7664524385 0.7243372773 0.698375688 0.6724140987 0.6464525095 0.6204909202 0.594529331 0.5685677417 0.5441602994 0.5361124721 0.5379037014 0.5400290476 0.5421543937 0.5442797399 0.546405086 0.5485304322 0.5506557783 0.5676403117 0.5895779076 0.6115155034 0.6334530992 0.655390695 0.6773282908 0.6992658867 0.7206598468 0.7531786905 0.788182861 0.8234857175 0.858788574 0.8940914305 0.929394287 0.9646971435 1 
7.303357427 6.842984255 6.397132712 5.951281169 5.505429625 5.059578082 4.613726539 4.167874995 3.75034383 3.531055314 3.311766798 3.092478281 2.873189765 2.653901249 2.434612732 2.215324216 2.029150532 1.919329813 1.809910536 1.700491258 1.59107198 1.481652702 1.372233425 1.262814147 1.173622416 1.115876728 1.057607995 0.9993392618 0.9410705286 0.8828017953 0.8245330621 0.7662643288 0.7241491676 0.6981875783 0.672225989 0.6462643998 0.6203028105 0.5943412213 0.568379632 0.5428065795 0.5348005169 0.536925863 0.5390512092 0.5411765553 0.5433019015 0.5454272476 0.5475525938 0.5496779399 0.5666624733 0.5886000691 0.6105376649 0.6324752608 0.6544128566 0.6763504524 0.6982880482 0.7199878034 0.7528800045 0.788182861 0.8234857175 0.858788574 0.8940914305 0.929394287 0.9646971435 1 
7.295462909 6.849611365 6.403759822 5.957908279 5.512056735 5.066205192 4.620353649 4.174502105 3.75697094 3.537682424 3.318393908 3.099105391 2.879816875 2.660528359 2.441239842 2.221951326 2.030130119 1.920710842 1.811291564 1.701872286 1.592453009 1.483033731 1.373614453 1.264195175 1.173957352 1.115688619 1.057419885 0.9991511521 0.9408824189 0.8826136856 0.8243449524 0.7660762191 0.7239610578 0.6979994686 0.6720378793 0.6460762901 0.6201147008 0.5941531116 0.5681915223 0.5422299331 0.5338226784 0.5359480246 0.5380733707 0.5401987169 0.542324063 0.5444494092 0.5465747553 0.5487001015 0.5656846349 0.5876222307 0.6095598265 0.6314974223 0.6534350182 0.675372614 0.6973102098 0.7192478056 0.7528800045 0.788182861 0.8234857175 0.858788574 0.8940914305 0.929394287 0.9646971435 1 
7.273063381 6.825381675 6.379301361 5.933449818 5.487598274 5.041746731 4.595895188 4.150043644 3.732512479 3.513223963 3.293935447 3.07464693 2.855358414 2.636069898 2.416781381 2.206294991 2.031116887 1.918333583 1.808914306 1.699495028 1.59007575 1.480656473 1.371237195 1.261817917 1.171580094 1.113311361 1.055042627 0.996773894 0.9385051607 0.8802364275 0.8219676942 0.7661296233 0.7247447236 0.6972652989 0.6713037096 0.6453421204 0.6193805311 0.5934189419 0.5674573526 0.5414957634 0.5330885087 0.5352138549 0.537339201 0.5394645472 0.5415898933 0.5437152395 0.5458405856 0.5480671773 0.5658727537 0.5882064074 0.6101440032 0.632081599 0.6540191948 0.6759567906 0.6978943865 0.7198319823 0.7534641812 0.7887670377 0.8240698942 0.8593727507 0.8946756072 0.9299784637 0.9652164116 1 
7.250663852 6.802982146 6.355300441 5.908991357 5.463139813 5.01728827 4.571436727 4.125585183 3.708054018 3.488765502 3.269476986 3.050188469 2.830899953 2.611611437 2.404059089 2.208242909 2.033064805 1.919800926 1.806537048 1.69711777 1.587698492 1.478279215 1.368859937 1.259440659 1.169202836 1.110934102 1.052665369 0.9943966358 0.9361279026 0.8778591693 0.8225072309 0.7681275574 0.7267426577 0.6983525317 0.67056954 0.6446079507 0.6186463614 0.5926847722 0.5667231829 0.5407615937 0.532354339 0.5344796852 0.5366050313 0.5387303775 0.5408557236 0.5429810698 0.5452221251 0.5474631804 0.5652687568 0.5882625069 0.6107281798 0.6326657757 0.6546033715 0.6765409673 0.6984785631 0.7204161589 0.7540483579 0.7893512144 0.8246540708 0.8599569273 0.8952597838 0.9304328233 0.9652164116 1 
7.228264324 6.780582618 6.332900912 5.885219206 5.438681352 4.992829809 4.546978265 4.101126722 3.683595557 3.464307041 3.245018524 3.025730008 2.806441492 2.601823186 2.406007006 2.210190827 2.035012722 1.921748844 1.808484965 1.695221087 1.585321234 1.475901956 1.366482679 1.257063401 1.166825577 1.108556844 1.050288111 0.9920193777 0.9337506445 0.8788848385 0.824505165 0.7701254915 0.7287405917 0.7003504658 0.6719603399 0.643873781 0.6179121917 0.5919506025 0.5659890132 0.540027424 0.5316201694 0.5337455155 0.5358708617 0.5379962078 0.5401360176 0.5423770729 0.5446181282 0.5468591835 0.5646647599 0.58765851 0.6106522601 0.6332499523 0.6551875481 0.677125144 0.6990627398 0.7210003356 0.7546325345 0.789935391 0.8252382475 0.860541104 0.8956492349 0.9304328233 0.9652164116 1 
7.205864796 6.75818309 6.310501384 5.862819678 5.415137972 4.968371348 4.522519804 4.076668261 3.659137096 3.43984858 3.220560063 3.001271547 2.799587283 2.603771104 2.407954924 2.212138745 2.03696064 1.923696762 1.810432883 1.697169005 1.583905126 1.473524698 1.364105421 1.254686143 1.164448319 1.106179586 1.047910853 0.9896421196 0.9352624461 0.8808827726 0.826503099 0.7721234255 0.7307385258 0.7023483999 0.6739582739 0.645568148 0.6171780221 0.5912164328 0.5652548435 0.5392932543 0.5308859997 0.5330113458 0.535136692 0.5372909654 0.5395320207 0.541773076 0.5440141313 0.5462551866 0.564060763 0.5870545131 0.6100482632 0.6330420133 0.6557717248 0.6777093206 0.6996469164 0.7215845123 0.7552167112 0.7905195677 0.8258224242 0.8608656466 0.8956492349 0.9304328233 0.9652164116 1 
7.183465268 6.735783562 6.288101856 5.84042015 5.392738444 4.945056738 4.498061343 4.0522098 3.634678635 3.415390119 3.196101602 2.997351381 2.801535201 2.605719021 2.409902842 2.214086662 2.038908558 1.92564468 1.812380801 1.699116922 1.585853044 1.472589165 1.361728162 1.252308885 1.162071061 1.103802328 1.046019727 0.9916400536 0.9372603801 0.8828807066 0.8285010331 0.7741213596 0.7327364599 0.704346334 0.675956208 0.6475660821 0.6191759561 0.5907858302 0.5645206739 0.5385590846 0.53015183 0.5322771761 0.5344459132 0.5366869685 0.5389280238 0.5411690791 0.5434101344 0.5456511897 0.5634567661 0.5864505162 0.6094442663 0.6324380164 0.6554317665 0.6782934973 0.7002310931 0.7221686889 0.7558008878 0.7911037443 0.8260820582 0.8608656466 0.8956492349 0.9304328233 0.9652164116 1 
7.161065739 6.713384033 6.265702328 5.818020622 5.370338916 4.92265721 4.474975504 4.027751339 3.610220174 3.390931657 3.195115478 2.999299298 2.803483119 2.607666939 2.41185076 2.21603458 2.040856476 1.927592597 1.814328719 1.70106484 1.587800962 1.474537083 1.361273205 1.249931627 1.159693803 1.102397335 1.048017661 0.9936379877 0.9392583142 0.8848786407 0.8304989672 0.7761192937 0.734734394 0.706344268 0.6779541421 0.6495640162 0.6211738902 0.5927837643 0.5643936383 0.5378249149 0.5294176603 0.531600861 0.5338419163 0.5360829716 0.5383240269 0.5405650822 0.5428061375 0.5450471928 0.5628527692 0.5858465193 0.6088402694 0.6318340195 0.6548277696 0.6778215197 0.7008152698 0.7227528656 0.7563850645 0.7912984699 0.8260820582 0.8608656466 0.8956492349 0.9304328233 0.9652164116 1 
7.138666211 6.690984505 6.243302799 5.795621093 5.347939388 4.900257682 4.452575976 4.00489427 3.588695755 3.392879575 3.197063396 3.001247216 2.805431037 2.609614857 2.413798677 2.217982498 2.042804394 1.929540515 1.816276637 1.703012758 1.58974888 1.476485001 1.363221122 1.249957244 1.158774942 1.104395269 1.050015595 0.9956359218 0.9412562483 0.8868765748 0.8324969013 0.7781172278 0.7367323281 0.7083422021 0.6799520762 0.6515619502 0.6231718243 0.5947816984 0.5663915724 0.5380014465 0.5287558088 0.5309968641 0.5332379194 0.5354789747 0.53772003 0.5399610853 0.5422021406 0.5444431959 0.5622487723 0.5852425224 0.6082362725 0.6312300226 0.6542237727 0.6772175228 0.7002112729 0.723205023 0.7565148815 0.7912984699 0.8260820582 0.8608656466 0.8956492349 0.9304328233 0.9652164116 1 
7.150038597 6.702356891 6.254675185 5.806993479 5.359311773 4.911630067 4.463948361 4.013989636 3.588776677 3.384601479 3.188785299 2.99296912 2.79715294 2.601336761 2.405520581 2.209704402 2.034526297 1.921262419 1.80799854 1.694734662 1.581470783 1.468206905 1.354943026 1.244889628 1.157569557 1.102888145 1.048508471 0.9941287976 0.9397491241 0.8853694506 0.8309897771 0.7766101036 0.7352252039 0.7068350779 0.678444952 0.6500548261 0.6216647001 0.5932745742 0.5648844482 0.5377882349 0.5295859947 0.5321442028 0.5343852581 0.5366263134 0.5388673687 0.541108424 0.5433494793 0.5455905346 0.563396111 0.5863898611 0.6093836112 0.6323773613 0.6553711114 0.6783648615 0.7013586116 0.7236142674 0.7565853221 0.7912984699 0.8260820582 0.8608656466 0.8956492349 0.9304328233 0.9652164116 1 
7.161410982 6.713729276 6.266047571 5.818365865 5.370684159 4.923002453 4.471905218 4.015115436 3.589902476 3.385727278 3.18155208 2.984691023 2.788874844 2.593058664 2.397242485 2.201426305 2.026248201 1.912984322 1.799720444 1.686456565 1.573192687 1.459928808 1.35067803 1.243835111 1.15651504 1.101733049 1.047001347 0.9926216735 0.938242 0.8838623265 0.829482653 0.7751029794 0.7337180797 0.7053279538 0.6769378278 0.6485477019 0.620157576 0.59176745 0.5648868888 0.5382219797 0.5300197394 0.5328951005 0.5355325968 0.5377736521 0.5400147074 0.5422557627 0.544496818 0.5467378733 0.5645434497 0.5875371998 0.6105309499 0.6335247 0.6565184501 0.6794199384 0.7016755943 0.7239312501 0.7569023048 0.7914041308 0.8260820582 0.8608656466 0.8956492349 0.9304328233 0.9652164116 1 
7.172783368 6.725101662 6.277419956 5.82973825 5.382056544 4.9298208 4.473031018 4.016241235 3.591028276 3.386853078 3.18267788 2.978502682 2.780596748 2.584780568 2.388964388 2.193148209 2.017970105 1.904706226 1.791442348 1.678178469 1.56491459 1.456466432 1.349623513 1.242780595 1.155460524 1.100678532 1.045896541 0.9911145493 0.9367348758 0.8823552023 0.8279755288 0.7735958553 0.7322109556 0.7038208296 0.6754307037 0.6470405777 0.6186504518 0.5919855427 0.5653206336 0.5386557245 0.5304534842 0.5333288452 0.5362042063 0.5389209909 0.5411620462 0.5434031015 0.5456441568 0.5478852121 0.5656907885 0.5886845386 0.6116782886 0.6346720387 0.6574812653 0.6797369211 0.7019925769 0.7242482327 0.7572192874 0.7917211134 0.8262229394 0.8608656466 0.8956492349 0.9304328233 0.9652164116 1 
7.184155753 6.736474048 6.288792342 5.841110636 5.387736382 4.9309466 4.474156817 4.017367035 3.592154075 3.387978877 3.183803679 2.979628481 2.775453283 2.576502472 2.380686292 2.184870113 2.009692008 1.89642813 1.783164251 1.669900373 1.562254834 1.455411916 1.348568997 1.241726078 1.154406008 1.099624016 1.044842024 0.9900600329 0.9352780414 0.8808480781 0.8264684046 0.7720887311 0.7307038314 0.7023137055 0.6739235795 0.6457491057 0.6190841966 0.5924192875 0.5657543783 0.5390894692 0.530887229 0.53376259 0.536637951 0.5395133121 0.5423093849 0.5445504402 0.5467914955 0.5490325508 0.5668381272 0.5898318773 0.6128256274 0.6355425921 0.6577982479 0.6800539037 0.7023095596 0.7245652154 0.7575362701 0.7920380961 0.8265399221 0.8610417481 0.8956492349 0.9304328233 0.9652164116 1 
7.195528139 6.747846433 6.300164727 5.845651964 5.388862182 4.932072399 4.475282617 4.018492834 3.593279875 3.389104677 3.184929479 2.980754281 2.776579083 2.572403885 2.372408196 2.176592016 2.001413912 1.888150033 1.774886155 1.668043236 1.561200318 1.454357399 1.347514481 1.240671562 1.153351491 1.0985695 1.043787508 0.9890055166 0.934223525 0.8794415335 0.8249612805 0.770581607 0.7291967072 0.7008065813 0.6728477596 0.6461828504 0.6195179413 0.5928530322 0.5661881231 0.539523214 0.5313209737 0.5341963348 0.5370716958 0.5399470568 0.5428224179 0.5456977789 0.5479388342 0.5501798895 0.5679854659 0.590979216 0.613603919 0.6358595748 0.6581152306 0.6803708864 0.7026265422 0.724882198 0.7578532528 0.7923550787 0.8268569047 0.8613587307 0.8958605567 0.9304328233 0.9652164116 1 
7.206900525 6.759218819 6.303567546 5.846777763 5.389987981 4.933198199 4.476408416 4.019618634 3.594405674 3.390230476 3.186055278 2.98188008 2.777704882 2.573529684 2.369354486 2.16831392 1.993135816 1.880674557 1.773831638 1.66698872 1.560145801 1.453302883 1.346459964 1.239617046 1.152296975 1.097514983 1.042732992 0.9879510002 0.9331690086 0.8783870171 0.8236050256 0.7690744828 0.7276895831 0.6999464134 0.6732815043 0.6466165952 0.6199516861 0.593286777 0.5666218679 0.5399569588 0.5317547185 0.5346300795 0.5375054406 0.5403808016 0.5432561626 0.5461315237 0.5490068847 0.5513272282 0.5691328046 0.5916652458 0.6139209016 0.6361765574 0.6584322132 0.6806878691 0.7029435249 0.7251991807 0.7581702354 0.7926720614 0.8271738874 0.8616757134 0.8961775394 0.9306793654 0.9652164116 1 
7.21827291 6.761483128 6.304693345 5.847903563 5.391113781 4.934323998 4.477534216 4.020744433 3.595531474 3.391356276 3.187181078 2.98300588 2.778830682 2.574655483 2.370480285 2.166305087 1.986462959 1.879620041 1.772777122 1.665934204 1.559091285 1.452248366 1.345405448 1.238562529 1.151242458 1.096460467 1.041678475 0.9868964838 0.9321144923 0.8773325007 0.8225505092 0.7677685176 0.7270450673 0.7003801582 0.6737152491 0.64705034 0.6203854309 0.5937205217 0.5670556126 0.5403907035 0.5321884632 0.5350638243 0.5379391853 0.5408145464 0.5436899074 0.5465652684 0.5494406295 0.5523159905 0.5697265726 0.5919822284 0.6142378843 0.6364935401 0.6587491959 0.6810048517 0.7032605075 0.7255161633 0.7584872181 0.7929890441 0.82749087 0.861992696 0.896494522 0.930996348 0.965498174 1 
7.22978662 6.770435711 6.313645928 5.856856146 5.400066364 4.943276581 4.486486799 4.029697016 3.604484057 3.400308859 3.196133661 2.991958463 2.787783265 2.583608067 2.379432868 2.17525767 1.989393055 1.880945193 1.774102274 1.667259355 1.560416437 1.453573518 1.3467306 1.239887681 1.15256761 1.097785619 1.043003627 0.9882216357 0.9334396442 0.8786576527 0.8238756611 0.7689603402 0.7278922209 0.7013175575 0.6746526484 0.6479877393 0.6213228302 0.5946579211 0.567993012 0.5413281028 0.5331258626 0.5360012236 0.5388765846 0.5417519457 0.5446273067 0.5475026678 0.5503780288 0.553182938 0.5705371586 0.5927928144 0.6150484702 0.6373041261 0.6595597819 0.6818154377 0.7040710935 0.7263651428 0.7584872181 0.7929890441 0.82749087 0.861992696 0.896494522 0.930996348 0.965498174 1 
7.241300331 6.779957433 6.322598512 5.865808729 5.409018947 4.952229164 4.495439382 4.038649599 3.61343664 3.409261442 3.205086244 3.000911046 2.796735848 2.59256065 2.388385452 2.181051232 1.993607106 1.882270345 1.775427426 1.668584507 1.561741589 1.45489867 1.348055752 1.241212833 1.153892762 1.099110771 1.044328779 0.9895467877 0.9347647961 0.8799828046 0.8252008131 0.7690855277 0.7280174084 0.7022549568 0.6755900477 0.6489251386 0.6222602295 0.5955953204 0.5689304113 0.5422655022 0.5340632619 0.5369386229 0.539813984 0.542689345 0.545564706 0.5484400671 0.5513154281 0.553993524 0.5713477446 0.5936034004 0.6158590562 0.638114712 0.6603703679 0.6826260237 0.7048816795 0.7272250919 0.7588694176 0.7929890441 0.82749087 0.861992696 0.896494522 0.930996348 0.965498174 1 
7.252814041 6.791471143 6.331551095 5.874761312 5.41797153 4.961181747 4.504391965 4.047602182 3.622389223 3.418214025 3.214038827 3.009863629 2.805688431 2.601513233 2.397338035 2.185265283 1.997821157 1.885842418 1.776752578 1.669909659 1.563066741 1.456223822 1.349380904 1.242537985 1.155217914 1.100435923 1.045653931 0.9908719396 0.9360899481 0.8813079565 0.8261259768 0.7692107151 0.7281425958 0.7029216189 0.6765274471 0.6498625379 0.6231976288 0.5965327197 0.5698678106 0.5432029015 0.5350006612 0.5378760222 0.5407513833 0.5436267443 0.5465021054 0.5493774664 0.5521541948 0.5548041099 0.5721583306 0.5944139864 0.6166696422 0.638925298 0.6611809539 0.6834366097 0.7057416285 0.7280850409 0.7597293667 0.7929890441 0.82749087 0.861992696 0.896494522 0.930996348 0.965498174 1 
7.264327751 6.802984854 6.341641956 5.883713895 5.426924113 4.97013433 4.513344548 4.056554765 3.631341806 3.427166608 3.22299141 3.018816212 2.814641014 2.610465816 2.402078589 2.189479334 2.002035207 1.890056469 1.77807773 1.671234811 1.564391893 1.457548974 1.350706056 1.243863137 1.156543066 1.101761075 1.046979083 0.9921970915 0.9374151 0.8826331085 0.8262511643 0.7693359026 0.7282677833 0.7030468064 0.6774648464 0.6507999373 0.6241350281 0.597470119 0.5708052099 0.5441403008 0.5359380605 0.5388134216 0.5416887826 0.5445641436 0.5474395047 0.5503148657 0.5529647808 0.5556146959 0.5729689166 0.5952245724 0.6174802282 0.639735884 0.6619915398 0.6842581652 0.7066015776 0.72894499 0.7605893157 0.7935623434 0.82749087 0.861992696 0.896494522 0.930996348 0.965498174 1 
7.275841461 6.814498564 6.353155666 5.892666478 5.435876696 4.979086913 4.522297131 4.065507349 3.640294389 3.436119191 3.231943993 3.027768795 2.823593597 2.618891895 2.40629264 2.193693385 2.006249258 1.894270519 1.782291781 1.672559963 1.565717045 1.458874126 1.352031208 1.245188289 1.157868218 1.103086227 1.048304235 0.9935222435 0.9387402519 0.8832916135 0.8263763518 0.7694610901 0.7283929708 0.7031719938 0.6779510169 0.6517373366 0.6250724275 0.5984075183 0.5717426092 0.5450777001 0.5368754598 0.5397508209 0.5426261819 0.545501543 0.548376904 0.5511254517 0.5537753668 0.5564252819 0.5737795026 0.5960351584 0.6182908142 0.64054647 0.6628021258 0.6851181143 0.7074615266 0.729804939 0.7614492648 0.7944222925 0.82749087 0.861992696 0.896494522 0.930996348 0.965498174 1 
7.287355171 6.826012274 6.364669377 5.903326479 5.444829279 4.988039496 4.531249714 4.074459932 3.649246972 3.445071774 3.240896576 3.036721378 2.83254618 2.623105946 2.410506691 2.197907435 2.010463309 1.89848457 1.786505831 1.674527093 1.567042197 1.460199278 1.35335636 1.246513441 1.15919337 1.104411378 1.049629387 0.9948473954 0.9400654039 0.883416801 0.8265015393 0.7695862776 0.7285181583 0.7032971813 0.6780762044 0.6526747359 0.6260098268 0.5993449177 0.5726800086 0.5460150994 0.5378128592 0.5406882202 0.5435635812 0.5464389423 0.5492861226 0.5519360377 0.5545859528 0.5572358679 0.5745900885 0.5968457444 0.6191014002 0.641357056 0.663634651 0.6859780633 0.7083214757 0.730664888 0.7623092138 0.7952822415 0.8282552692 0.861992696 0.896494522 0.930996348 0.965498174 1 
7.298868881 6.837525984 6.376183087 5.914840189 5.453781862 4.99699208 4.540202297 4.083412515 3.658199555 3.454024357 3.249849159 3.045673961 2.839919252 2.627319997 2.414720742 2.202121486 2.01467736 1.902698621 1.790719882 1.678741144 1.568367349 1.46152443 1.354681511 1.247838593 1.160518522 1.10573653 1.050954539 0.9961725473 0.9404572501 0.8835419884 0.8266267267 0.7697114651 0.7286433457 0.7034223688 0.6782013918 0.6529804149 0.6269472261 0.600282317 0.5736174079 0.5469524988 0.5387502585 0.5416256195 0.5445009806 0.5473763416 0.5500967086 0.5527466237 0.5553965388 0.5580464539 0.5754006745 0.5976563303 0.6199119862 0.642167642 0.6644946 0.6868380124 0.7091814247 0.7315248371 0.7631691629 0.7961421906 0.8291152182 0.8620882459 0.896494522 0.930996348 0.965498174 1 
7.310382591 6.849039694 6.387696797 5.9263539 5.465011002 5.005944663 4.54915488 4.092365098 3.667152138 3.46297694 3.258801742 3.054626544 2.844133303 2.631534048 2.418934792 2.206335537 2.018891411 1.906912672 1.794933933 1.682955194 1.570976456 1.462849582 1.356006663 1.249163745 1.161843674 1.107061682 1.052279691 0.9974976993 0.9405824376 0.8836671759 0.8267519142 0.7698366525 0.7287685332 0.7035475563 0.6783265793 0.6531056024 0.6278846254 0.6012197163 0.5745548072 0.5478898981 0.5396876578 0.5425630188 0.5454383799 0.5482573794 0.5509072945 0.5535572097 0.5562071248 0.5588570399 0.5762112605 0.5984669163 0.6207225722 0.6430111367 0.665354549 0.6876979614 0.7100413738 0.7323847861 0.7640291119 0.7970021396 0.8299751673 0.862948195 0.896494522 0.930996348 0.965498174 1 
7.321896301 6.860553404 6.399210507 5.93786761 5.476524713 5.015181815 4.558107463 4.101317681 3.676104721 3.471929523 3.267754325 3.060946609 2.848347354 2.635748099 2.423148843 2.210549588 2.023105462 1.911126723 1.799147984 1.687169245 1.575190506 1.464174734 1.357331815 1.250488897 1.163168826 1.108386834 1.053604843 0.9976228868 0.9407076251 0.8837923634 0.8268771017 0.76996184 0.7288937207 0.7036727437 0.6784517668 0.6532307898 0.6280098129 0.6021571156 0.5754922065 0.5488272974 0.5406250571 0.5435004182 0.5463757792 0.5490679654 0.5517178805 0.5543677956 0.5570177108 0.5596676259 0.5770218465 0.5992775023 0.6215331581 0.6438710857 0.6662144981 0.6885579105 0.7109013228 0.7332447352 0.764889061 0.7978620886 0.8308351163 0.863808144 0.8967811717 0.930996348 0.965498174 1 
7.333410011 6.872067114 6.410724217 5.94938132 5.488038423 5.026695525 4.567060046 4.110270264 3.685057304 3.480882106 3.276706908 3.06516066 2.852561405 2.639962149 2.427362894 2.214763639 2.027319512 1.915340774 1.803362035 1.691383296 1.579404557 1.467425818 1.358656967 1.251814049 1.164493978 1.109711986 1.054663336 0.9977480742 0.9408328125 0.8839175509 0.8270022892 0.7700870275 0.7290189082 0.7037979312 0.6785769543 0.6533559773 0.6281350004 0.6029140234 0.5764296058 0.5497646967 0.5415624564 0.5444378175 0.5472286363 0.5498785514 0.5525284665 0.5551783816 0.5578282967 0.5604782119 0.5778324325 0.6000880883 0.6223876224 0.6447310348 0.6670744471 0.6894178595 0.7117612719 0.7341046842 0.76574901 0.7987220377 0.8316950654 0.8646680931 0.8976411208 0.930996348 0.965498174 1 
7.344923721 6.883580824 6.422237927 5.96089503 5.499552133 5.038209236 4.576866338 4.119222847 3.694009888 3.489834689 3.281973966 3.069374711 2.856775456 2.6441762 2.431576945 2.218977689 2.031533563 1.919554824 1.807576086 1.695597347 1.583618608 1.471639869 1.359982119 1.253139201 1.16581913 1.111037138 1.054788523 0.9978732617 0.940958 0.8840427383 0.8271274766 0.770212215 0.7291440956 0.7039231187 0.6787021417 0.6534811648 0.6282601879 0.6030392109 0.5773670052 0.550702096 0.5424998558 0.5453752168 0.5480392223 0.5506891374 0.5533390525 0.5559889676 0.5586388827 0.5612887978 0.5786430185 0.6009041591 0.6232475714 0.6455909838 0.6679343962 0.6902778085 0.7126212209 0.7349646333 0.766608959 0.7995819867 0.8325550144 0.8655280421 0.8985010698 0.9314740975 0.965498174 1 
7.356437432 6.895094534 6.433751637 5.97240874 5.511065843 5.049722946 4.588380048 4.12817543 3.702962471 3.498787273 3.286188017 3.073588762 2.860989506 2.648390251 2.435790996 2.22319174 2.035747614 1.923768875 1.811790136 1.699811398 1.587832659 1.47585392 1.363875181 1.254464353 1.167144282 1.111828973 1.054913711 0.9979984492 0.9410831875 0.8841679258 0.8272526641 0.7703374024 0.7292692831 0.7040483062 0.6788273292 0.6536063523 0.6283853753 0.6031643984 0.5779434214 0.5516394954 0.5434372551 0.5461998932 0.5488498083 0.5514997234 0.5541496385 0.5567995536 0.5594494687 0.5620993838 0.5794536045 0.6017641081 0.6241075205 0.6464509329 0.6687943452 0.6911377576 0.71348117 0.7358245823 0.7674689081 0.8004419358 0.8334149635 0.8663879912 0.8993610188 0.9323340465 0.965498174 1 
7.367951142 6.906608245 6.445265347 5.98392245 5.522579553 5.061236656 4.599893759 4.138550861 3.711915054 3.503001323 3.290402068 3.077802813 2.865203557 2.652604302 2.440005047 2.227405791 2.039961665 1.927982926 1.816004187 1.704025448 1.59204671 1.480067971 1.368089232 1.256110493 1.168469434 1.11195416 1.055038898 0.9981236367 0.941208375 0.8842931133 0.8273778516 0.7704625899 0.7293944706 0.7041734936 0.6789525167 0.6537315397 0.6285105628 0.6032895859 0.5780686089 0.5525768947 0.544360564 0.5470104791 0.5496603943 0.5523103094 0.5549602245 0.5576101396 0.5602600547 0.5629099698 0.5802806448 0.6026240572 0.6249674695 0.6473108819 0.6696542943 0.6919977066 0.714341119 0.7366845314 0.7683288571 0.8013018848 0.8342749125 0.8672479402 0.9002209679 0.9331939956 0.9661670233 1 
7.379464852 6.918121955 6.456779057 5.99543616 5.534093263 5.072750366 4.611407469 4.150064571 3.71981463 3.507215374 3.294616119 3.082016863 2.869417608 2.656818353 2.444219097 2.231619842 2.044175716 1.932196977 1.820218238 1.708239499 1.596260761 1.484282022 1.372303283 1.260324544 1.168994609 1.112079348 1.055164086 0.9982488241 0.9413335625 0.8844183008 0.8275030391 0.7705877774 0.7295196581 0.7042986811 0.6790777042 0.6538567272 0.6286357503 0.6034147733 0.5781937964 0.5529728194 0.54517115 0.5478210651 0.5504709802 0.5531208954 0.5557708105 0.5584207256 0.5610706407 0.5637205558 0.5811405938 0.6034840062 0.6258274186 0.6481708309 0.6705142433 0.6928576557 0.715201068 0.7375444804 0.7691888062 0.8021618339 0.8351348616 0.8681078892 0.9010809169 0.9340539446 0.9670269723 1 
7.394423653 6.923020726 6.461677829 6.000334932 5.538992035 5.077649137 4.61630624 4.154963343 3.724713401 3.512114146 3.29951489 3.086915635 2.87431638 2.661717124 2.449117869 2.236518614 2.045493995 1.932907679 1.82092894 1.708950202 1.596971463 1.484992724 1.373013985 1.261035246 1.169705312 1.11279005 1.055874788 0.9989595265 0.9420442648 0.8851290031 0.8282137414 0.7713043459 0.7309582358 0.7058216438 0.6806006669 0.65537969 0.630158713 0.6049377361 0.5797167591 0.5544957822 0.5466941128 0.5493440279 0.551993943 0.5546438581 0.5572937732 0.5599436883 0.5625936034 0.5650876591 0.5823830095 0.6047264219 0.6270698343 0.6494132466 0.671756659 0.6941000714 0.7164434837 0.7381982204 0.7691888062 0.8021618339 0.8351348616 0.8681078892 0.9010809169 0.9340539446 0.9670269723 1 
7.409382453 6.93015506 6.466576601 6.005233703 5.543890806 5.082547909 4.621205012 4.159862115 3.729612173 3.517012917 3.304413662 3.091814407 2.879215151 2.666615896 2.45401664 2.239354431 2.047298335 1.933618382 1.821639643 1.709660904 1.597682165 1.485703426 1.373724688 1.261745949 1.170416014 1.113500752 1.05658549 0.9996702288 0.9427549671 0.8858397054 0.8289244437 0.772067844 0.7317217339 0.7073446066 0.6821236296 0.6569026527 0.6316816757 0.6064606988 0.5812397218 0.5560187449 0.5482170755 0.5508669906 0.5535169057 0.5561668208 0.5588167359 0.561466651 0.5641165661 0.5663300747 0.5836254252 0.6059688376 0.6283122499 0.6506556623 0.6729990747 0.695342487 0.7176858994 0.7386837674 0.7694046048 0.8021618339 0.8351348616 0.8681078892 0.9010809169 0.9340539446 0.9670269723 1 
7.424341254 6.94511386 6.471475372 6.010132475 5.548789578 5.087446681 4.626103783 4.164760886 3.734510944 3.521911689 3.309312433 3.096713178 2.884113923 2.671514667 2.458915412 2.241158771 2.049102675 1.935179691 1.822350345 1.710371606 1.598392867 1.486414129 1.37443539 1.262456651 1.171126716 1.114211455 1.057296193 1.000380931 0.9434656694 0.8865504077 0.8296527446 0.7728313421 0.732485232 0.7086144144 0.6836465924 0.6584256154 0.6332046385 0.6079836615 0.5827626846 0.5575417076 0.5497400382 0.5523899533 0.5550398684 0.5576897835 0.5603396987 0.5629896138 0.5654213256 0.5675724904 0.5848678409 0.6072112533 0.6295546656 0.651898078 0.6742414904 0.6965849027 0.7181714464 0.7391693143 0.7698901518 0.8021618339 0.8351348616 0.8681078892 0.9010809169 0.9340539446 0.9670269723 1 
7.439300055 6.960072661 6.480845268 6.015031246 5.553688349 5.092345452 4.631002555 4.169659658 3.739409716 3.52681046 3.314211205 3.10161195 2.889012694 2.676413439 2.461063578 2.242963112 2.050907016 1.936984032 1.823061047 1.711082309 1.59910357 1.487124831 1.375146092 1.263167353 1.171837419 1.114922157 1.058006895 1.001091633 0.9441763718 0.8872611101 0.8304162427 0.7735948402 0.7332487301 0.7093779125 0.6851695551 0.6599485781 0.6347276012 0.6095066242 0.5842856473 0.5590646704 0.5512630009 0.5539129161 0.5565628312 0.5592127463 0.5618626614 0.5645125765 0.5666637413 0.5688149061 0.5861102566 0.6084536689 0.6307970813 0.6531404937 0.675483906 0.6976591253 0.7186569933 0.7396548613 0.7703756987 0.8024855318 0.8351348616 0.8681078892 0.9010809169 0.9340539446 0.9670269723 1 
7.454258855 6.975031462 6.495804068 6.019930018 5.558587121 5.097244224 4.635901326 4.174558429 3.744308487 3.531709232 3.319109977 3.106510721 2.893911466 2.680968385 2.462867918 2.244767452 2.052711356 1.938788372 1.824865388 1.711793011 1.599814272 1.487835533 1.375856795 1.263878056 1.172548121 1.115632859 1.058717597 1.001802336 0.9448870741 0.8880011434 0.8311797408 0.7743583383 0.7340122282 0.7101414106 0.686270593 0.6614715409 0.6362505639 0.611029587 0.58580861 0.5605876331 0.5527859637 0.5554358788 0.5580857939 0.560735709 0.5633856241 0.5657549922 0.567906157 0.5700573218 0.5873526722 0.6096960846 0.632039497 0.6543829093 0.6767263217 0.6981446723 0.7191425403 0.7401404082 0.7708612457 0.8029710788 0.8351348616 0.8681078892 0.9010809169 0.9340539446 0.9670269723 1 
7.469217656 6.989990263 6.510762869 6.031535476 5.563485892 5.102142995 4.640800098 4.179457201 3.749207259 3.536608004 3.324008748 3.111409493 2.898810237 2.682772725 2.464672259 2.246571792 2.054515696 1.940592712 1.826669728 1.712746744 1.600524974 1.488546236 1.376567497 1.264588758 1.173258823 1.116343561 1.0594283 1.002513038 0.9455977764 0.8887646415 0.8319432389 0.7751218364 0.7347757263 0.7109049087 0.6870340911 0.6629945036 0.6377735267 0.6125525497 0.5873315728 0.5621105958 0.5543089264 0.5569588415 0.5596087566 0.5622586717 0.5648462431 0.5669974079 0.5691485727 0.5712997375 0.5885950879 0.6109385003 0.6332819127 0.655625325 0.6776323513 0.6986302193 0.7196280872 0.7406259552 0.7713467926 0.8034566257 0.8355664588 0.8681078892 0.9010809169 0.9340539446 0.9670269723 1 
7.484176457 7.004949063 6.52572167 6.046494276 5.568384664 5.107041767 4.64569887 4.184355972 3.75410603 3.541506775 3.32890752 3.116308264 2.902677532 2.684577065 2.466476599 2.248376133 2.056320037 1.942397053 1.828474068 1.714551084 1.601235677 1.489256938 1.377278199 1.26529946 1.173969526 1.117054264 1.060139002 1.00322374 0.9463495421 0.8895281396 0.832706737 0.7758853345 0.7355392244 0.7116684068 0.6877975892 0.6639267716 0.6392964894 0.6140755124 0.5888545355 0.5636335585 0.5558318891 0.5584818042 0.5611317194 0.5637816345 0.5660886587 0.5682398235 0.5703909883 0.5725421531 0.5898375036 0.612180916 0.6345243283 0.6568677407 0.6781178982 0.6991157662 0.7201136342 0.7411115021 0.7718323396 0.8039421727 0.8360520058 0.8681618389 0.9010809169 0.9340539446 0.9670269723 1 
7.499135258 7.019907864 6.540680471 6.061453077 5.582225684 5.111940538 4.650597641 4.189254744 3.759004802 3.546405547 3.333806291 3.121207036 2.904481872 2.686381406 2.468280939 2.250180473 2.058124377 1.944201393 1.830278409 1.716355425 1.60243244 1.48996764 1.377988902 1.266010163 1.174680228 1.117764966 1.060849704 1.003934443 0.9471130402 0.8902916377 0.8334702351 0.7766488326 0.7363027225 0.7124319049 0.6885610873 0.6646902697 0.6408194521 0.6155984752 0.5903774982 0.5651565213 0.5573548519 0.560004767 0.5626546821 0.5651799096 0.5673310744 0.5694822392 0.571633404 0.5737845688 0.5910799193 0.6134233317 0.635766744 0.6576055772 0.6786034452 0.6996013132 0.7205991811 0.7415970491 0.7723178865 0.8044277196 0.8365375528 0.8686473859 0.9010809169 0.9340539446 0.9670269723 1 
7.514094058 7.034866665 6.555639271 6.076411878 5.597184484 5.117957091 4.655496413 4.194153516 3.763903574 3.551304318 3.338705063 3.124386679 2.906286213 2.688185746 2.47008528 2.251984813 2.059928717 1.946005733 1.832082749 1.718159765 1.604236781 1.490678343 1.378699604 1.266720865 1.17539093 1.118475668 1.061560407 1.004697941 0.9478765383 0.8910551358 0.8342337332 0.7774123307 0.7370662206 0.713195403 0.6893245854 0.6654537678 0.6415829502 0.6171214379 0.5919004609 0.566679484 0.5588778146 0.5615277297 0.5641776448 0.5664223253 0.5685734901 0.5707246549 0.5728758197 0.5750269845 0.592322335 0.6146657473 0.6370091597 0.6580911242 0.6790889921 0.7000868601 0.7210847281 0.742082596 0.7728034335 0.8049132666 0.8370230997 0.8691329328 0.9012427659 0.9340539446 0.9670269723 1 
7.529052859 7.049825466 6.570598072 6.091370679 5.612143285 5.132915892 4.660395184 4.199052287 3.768802345 3.55620309 3.343603834 3.126191019 2.908090553 2.689990086 2.47188962 2.253789154 2.061733058 1.947810074 1.833887089 1.719964105 1.606041121 1.492118137 1.379410306 1.267431567 1.176101632 1.119186371 1.062282842 1.005461439 0.9486400364 0.8918186339 0.8349972313 0.7781758288 0.7378297187 0.7139589011 0.6900880835 0.6662172659 0.6423464483 0.6184756307 0.5934234237 0.5682024467 0.5604007773 0.5630506924 0.5655135762 0.567664741 0.5698159058 0.5719670706 0.5741182354 0.5762694002 0.5935647506 0.615908163 0.6375788032 0.6585766711 0.6795745391 0.7005724071 0.721570275 0.742568143 0.7732889804 0.8053988135 0.8375086467 0.8696184798 0.9017283129 0.9340539446 0.9670269723 1 
7.54401166 7.064784266 6.585556873 6.106329479 5.627102086 5.147874692 4.668647299 4.203951059 3.773701117 3.561101861 3.346095826 3.12799536 2.909894893 2.691794427 2.47369396 2.255593494 2.063537398 1.949614414 1.83569143 1.721768446 1.607845461 1.493922477 1.380121009 1.26814227 1.176812335 1.119897073 1.06304634 1.006224937 0.9494035345 0.892582132 0.8357607294 0.7789393269 0.7385932168 0.7147223992 0.6908515816 0.666980764 0.6431099464 0.6192391288 0.5949463864 0.5697254095 0.56192374 0.5645736552 0.5667559919 0.5689071567 0.5710583215 0.5732094863 0.5753606511 0.5775118159 0.5948071663 0.6170664822 0.6380643501 0.6590622181 0.680060086 0.701057954 0.722055822 0.7430536899 0.7737745274 0.8058843605 0.8379941936 0.8701040267 0.9022138598 0.9343236929 0.9670269723 1 
7.558970461 7.079743067 6.600515674 6.12128828 5.642060887 5.162833493 4.6836061 4.20884983 3.778599888 3.566000633 3.347900166 3.1297997 2.911699234 2.693598767 2.475498301 2.257397834 2.065341738 1.951418754 1.83749577 1.723572786 1.609649802 1.495726818 1.381803834 1.268852972 1.177523037 1.12063124 1.063809838 1.006988435 0.9501670326 0.8933456301 0.8365242275 0.779702825 0.7393567149 0.7154858973 0.6916150797 0.6677442621 0.6438734445 0.6200026269 0.5961318093 0.5712483722 0.5634467028 0.5658472427 0.5679984075 0.5701495723 0.5723007371 0.5744519019 0.5766030667 0.5787542315 0.596049582 0.6175520291 0.6385498971 0.659547765 0.680545633 0.701543501 0.7225413689 0.7435392369 0.7742600743 0.8063699075 0.8384797406 0.8705895737 0.9026994068 0.9348092399 0.9670269723 1 
7.573929261 7.094701868 6.615474474 6.136247081 5.657019687 5.177792294 4.6985649 4.219337507 3.78349866 3.567804973 3.349704507 3.13160404 2.913503574 2.695403107 2.477302641 2.259202175 2.067146079 1.953223095 1.83930011 1.725377126 1.611454142 1.497531158 1.383608174 1.26968519 1.178233739 1.121394738 1.064573336 1.007751933 0.9509305307 0.8941091282 0.8372877256 0.7804663231 0.740120213 0.7162493954 0.6923785778 0.6685077602 0.6446369426 0.620766125 0.5968953074 0.5727713349 0.5649384936 0.5670896584 0.5692408232 0.571391988 0.5735431528 0.5756943176 0.5778454824 0.5799966472 0.5970397081 0.6180375761 0.639035444 0.660033312 0.68103118 0.7020290479 0.7230269159 0.7440247838 0.7747456213 0.8068554544 0.8389652875 0.8710751206 0.9031849537 0.9352947868 0.9674046199 1 
7.588888062 7.109660669 6.630433275 6.151205882 5.671978488 5.192751095 4.713523701 4.234296308 3.78770978 3.569609314 3.351508847 3.133408381 2.915307914 2.697207448 2.479106981 2.261006515 2.068950419 1.955027435 1.841104451 1.727181467 1.613258483 1.499335498 1.385412514 1.27148953 1.178979639 1.122158236 1.065336834 1.008515431 0.9516940288 0.8948726263 0.8380512237 0.7812298212 0.7408837111 0.7170128935 0.6931420759 0.6692712583 0.6454004407 0.6215296231 0.5976588055 0.5737879879 0.5661809093 0.5683320741 0.5704832389 0.5726344037 0.5747855685 0.5769367333 0.5790878981 0.5812390629 0.5975252551 0.618523123 0.639520991 0.6605188589 0.6815167269 0.7025145949 0.7235124628 0.7445103308 0.7752311682 0.8073410014 0.8394508345 0.8715606676 0.9036705007 0.9357803338 0.9678901669 1 
