2.144098891 2.189250343 2.234401795 2.279553247 2.324704699 2.369856151 2.415007603 2.460159055 2.505310507 2.550461959 2.592433681 2.577170251 2.561906822 2.546643392 2.531379963 2.516116533 2.500853104 2.485589674 2.470326245 2.455062815 2.439799386 2.424535957 2.409272527 2.394009098 2.3631004 2.328019631 2.292938861 2.257858092 2.222777323 2.187696554 2.152615784 2.117535015 2.082454246 2.047373477 2.012292707 1.977211938 1.942131169 1.90725188 1.872553923 1.837855966 1.803158009 1.768460052 1.733762095 1.699064138 1.664366181 1.629668224 1.594970267 1.56027231 1.525574353 1.490876396 1.456077149 1.420994292 1.385911434 1.350828576 1.315745719 1.280662861 1.245580004 1.210497146 1.175414288 1.140331431 1.105248573 1.070165715 1.035082858 1 
1.998387303 2.043538755 2.088690207 2.133841659 2.178993111 2.224144563 2.269296015 2.314447467 2.359598919 2.398379895 2.427610664 2.412347235 2.397083805 2.381820376 2.366556946 2.351293517 2.336030087 2.320766658 2.305503228 2.290239799 2.274976369 2.25971294 2.255777023 2.257069189 2.249891598 2.240455406 2.208074065 2.172993296 2.137912527 2.102831758 2.067750988 2.032670219 1.99758945 1.962508681 1.927427911 1.892347142 1.857266373 1.822387084 1.787689127 1.75299117 1.718293213 1.683595256 1.648897299 1.614199342 1.579501385 1.544803428 1.510105471 1.475407514 1.444373605 1.432881286 1.42086096 1.407362219 1.385911434 1.350828576 1.315745719 1.280662861 1.245580004 1.210497146 1.175414288 1.140331431 1.105248573 1.070165715 1.035082858 1 
1.852675715 1.897827167 1.942978619 1.988130071 2.033281523 2.078432975 2.123584427 2.168735879 2.20185421 2.233556878 2.262787647 2.247524218 2.232260789 2.216997359 2.20173393 2.1864705 2.171207071 2.155943641 2.140680212 2.125416782 2.119738171 2.121030337 2.122322503 2.123614669 2.116437078 2.107000885 2.097564693 2.0881285 2.053047731 2.017966962 1.982886192 1.947805423 1.912724654 1.877643885 1.842563115 1.807482346 1.772401577 1.737522288 1.702824331 1.668126374 1.633428417 1.59873046 1.564032503 1.529334546 1.494636589 1.459938632 1.426462024 1.414969705 1.403477386 1.391985066 1.379964741 1.366465999 1.352967257 1.339468515 1.315745719 1.280662861 1.245580004 1.210497146 1.175414288 1.140331431 1.105248573 1.070165715 1.035082858 1 
1.706964127 1.752115579 1.797267031 1.842418483 1.887569935 1.932721387 1.973625855 2.005328524 2.037031193 2.068733862 2.097964631 2.082701202 2.067437772 2.052174343 2.036910913 2.021647484 2.006384054 1.991120625 1.983699319 1.984991485 1.986283651 1.987575817 1.988867983 1.990160149 1.982982558 1.973546365 1.964110173 1.95467398 1.945237787 1.933102166 1.898021396 1.862940627 1.827859858 1.792779089 1.757698319 1.72261755 1.687536781 1.652657492 1.617959535 1.583261578 1.548563621 1.513865664 1.479167707 1.44446975 1.409771793 1.397058124 1.385565805 1.374073486 1.362581166 1.351088847 1.339068522 1.32556978 1.312071038 1.298572296 1.285073554 1.271574812 1.245580004 1.210497146 1.175414288 1.140331431 1.105248573 1.070165715 1.035082858 1 
1.561252539 1.606403991 1.651555443 1.696706895 1.741858347 1.77710017 1.808802839 1.840505508 1.872208177 1.903910845 1.933141614 1.917878185 1.902614756 1.887351326 1.872087897 1.856824467 1.847660468 1.848952633 1.850244799 1.851536965 1.852829131 1.854121297 1.855413463 1.856705628 1.849528038 1.840091845 1.830655652 1.82121946 1.811783267 1.802347075 1.792910882 1.778075831 1.742995062 1.707914293 1.672833523 1.637752754 1.602671985 1.567792696 1.533094739 1.498396782 1.463698825 1.429000868 1.394302911 1.379146543 1.367654224 1.356161905 1.344669586 1.333177266 1.321684947 1.310192628 1.298172302 1.28467356 1.271174819 1.257676077 1.244177335 1.230678593 1.217179851 1.203681109 1.175414288 1.140331431 1.105248573 1.070165715 1.035082858 1 
1.415540951 1.460692403 1.505843855 1.548871815 1.580574484 1.612277153 1.643979822 1.675682491 1.70738516 1.739087829 1.768318598 1.753055168 1.737791739 1.72252831 1.711621616 1.712913782 1.714205947 1.715498113 1.716790279 1.718082445 1.719374611 1.720666777 1.721958942 1.723251108 1.716073517 1.706637325 1.697201132 1.68776494 1.678328747 1.668892554 1.659456362 1.650020169 1.640583977 1.623049497 1.587968727 1.552887958 1.517807189 1.4829279 1.448229943 1.413531986 1.378834029 1.361234963 1.349742643 1.338250324 1.326758005 1.315265685 1.303773366 1.292281047 1.280788728 1.269296408 1.257276083 1.243777341 1.230278599 1.216779857 1.203281116 1.189782374 1.176283632 1.16278489 1.149286148 1.135787406 1.105248573 1.070165715 1.035082858 1 
1.269829363 1.314980815 1.35234613 1.384048799 1.415751468 1.447454137 1.479156806 1.510859475 1.542562143 1.574264812 1.603495581 1.588232152 1.575582764 1.57687493 1.578167095 1.579459261 1.580751427 1.582043593 1.583335759 1.584627925 1.585920091 1.587212256 1.588504422 1.589796588 1.582618997 1.573182805 1.563746612 1.554310419 1.544874227 1.535438034 1.526001842 1.516565649 1.507129456 1.497693264 1.488257071 1.468023162 1.432942393 1.398063104 1.363365147 1.343323382 1.331831063 1.320338743 1.308846424 1.297354105 1.285861785 1.274369466 1.262877147 1.251384827 1.239892508 1.228400189 1.216379864 1.202881122 1.18938238 1.175883638 1.162384896 1.148886154 1.135387412 1.121888671 1.108389929 1.094891187 1.081392445 1.067893703 1.035082858 1 
1.124117776 1.155820444 1.187523113 1.219225782 1.250928451 1.28263112 1.314333789 1.346036458 1.377739127 1.409441796 1.439543912 1.440836078 1.442128244 1.443420409 1.444712575 1.446004741 1.447296907 1.448589073 1.449881239 1.451173405 1.45246557 1.453757736 1.455049902 1.456342068 1.449164477 1.439728284 1.430292092 1.420855899 1.411419707 1.401983514 1.392547321 1.383111129 1.373674936 1.364238744 1.354802551 1.345366358 1.335930166 1.325411801 1.313919482 1.302427163 1.290934843 1.279442524 1.267950205 1.256457885 1.244965566 1.233473247 1.221980927 1.210488608 1.198996289 1.187503969 1.175483644 1.161984902 1.14848616 1.134987419 1.121488677 1.107989935 1.094491193 1.080992451 1.067493709 1.053994967 1.040496226 1.026997484 1.013498742 1 
1.106896214 1.137824827 1.169527496 1.201230165 1.232932834 1.264635503 1.296338172 1.328040841 1.35974351 1.391446178 1.421548295 1.42284046 1.424132626 1.425424792 1.426716958 1.428009124 1.42930129 1.430593455 1.431885621 1.433177787 1.434469953 1.435762119 1.437054285 1.441192242 1.437010609 1.428010991 1.418574798 1.409138606 1.399702413 1.390266221 1.380830028 1.371393835 1.361957643 1.35252145 1.343085258 1.333649065 1.324212872 1.313694508 1.302202189 1.290709869 1.27921755 1.267725231 1.256232911 1.244740592 1.233248273 1.221755953 1.210263634 1.198771315 1.187278995 1.176806953 1.170337054 1.161984902 1.14848616 1.134987419 1.121488677 1.107989935 1.094491193 1.080992451 1.067493709 1.053994967 1.040496226 1.026997484 1.013498742 1 
1.089674653 1.12028791 1.151531879 1.183234548 1.214937217 1.246639885 1.278342554 1.310045223 1.341747892 1.373450561 1.403552677 1.404844843 1.406137009 1.407429175 1.408721341 1.410013506 1.411305672 1.412597838 1.413890004 1.41518217 1.416474336 1.417766501 1.421701188 1.4268555 1.422673867 1.416002648 1.406857505 1.397421312 1.38798512 1.378548927 1.369112735 1.359676542 1.350240349 1.340804157 1.331367964 1.321931772 1.312495579 1.301977214 1.290484895 1.278992576 1.267500257 1.256007937 1.244515618 1.233023299 1.221530979 1.21003866 1.198546341 1.187054021 1.17632691 1.169680905 1.163211007 1.157234204 1.14848616 1.134987419 1.121488677 1.107989935 1.094491193 1.080992451 1.067493709 1.053994967 1.040496226 1.026997484 1.013498742 1 
1.072453092 1.103066348 1.133679605 1.16523893 1.196941599 1.228644268 1.260346937 1.292049606 1.323752275 1.355454944 1.38555706 1.386849226 1.388141392 1.389433557 1.390725723 1.392017889 1.393310055 1.394602221 1.395894387 1.397186552 1.398478718 1.402210134 1.407364446 1.412518758 1.408337125 1.401665906 1.394994687 1.385704019 1.376267827 1.366831634 1.357395441 1.347959249 1.338523056 1.329086863 1.319650671 1.310214478 1.300778286 1.290259921 1.278767602 1.267275282 1.255782963 1.244290644 1.232798325 1.221306005 1.209813686 1.198321367 1.186829047 1.175846866 1.169200862 1.162554858 1.156084959 1.150108156 1.144131354 1.134987419 1.121488677 1.107989935 1.094491193 1.080992451 1.067493709 1.053994967 1.040496226 1.026997484 1.013498742 1 
1.055231531 1.085844787 1.116458044 1.147243313 1.178945982 1.210648651 1.24235132 1.274053989 1.305756657 1.337459326 1.367561443 1.368853608 1.370145774 1.37143794 1.372730106 1.374022272 1.375314438 1.376606603 1.377898769 1.379190935 1.38271908 1.387873392 1.393027704 1.398182016 1.394000383 1.387329164 1.380657945 1.373986726 1.364550533 1.355114341 1.345678148 1.336241955 1.326805763 1.31736957 1.307933378 1.298497185 1.289060992 1.278542628 1.267050308 1.255557989 1.24406567 1.23257335 1.221081031 1.209588712 1.198096393 1.186604073 1.175366823 1.168720819 1.162074814 1.15542881 1.148958912 1.142982109 1.137005306 1.131028503 1.121488677 1.107989935 1.094491193 1.080992451 1.067493709 1.053994967 1.040496226 1.026997484 1.013498742 1 
1.03800997 1.068623226 1.099236483 1.129849739 1.160950364 1.192653033 1.224355702 1.256058371 1.28776104 1.319463709 1.349565825 1.350857991 1.352150157 1.353442323 1.354734489 1.356026654 1.35731882 1.358610986 1.359903152 1.363228026 1.368382338 1.37353665 1.378690962 1.383845274 1.379663641 1.372992422 1.366321203 1.359649984 1.35283324 1.343397047 1.333960855 1.324524662 1.315088469 1.305652277 1.296216084 1.286779892 1.277343699 1.266825334 1.255333015 1.243840696 1.232348376 1.220856057 1.209363738 1.197871418 1.186379099 1.17488678 1.168240776 1.161594771 1.154948767 1.148302763 1.141832864 1.135856061 1.129879258 1.123902456 1.117925653 1.107989935 1.094491193 1.080992451 1.067493709 1.053994967 1.040496226 1.026997484 1.013498742 1 
1.020788408 1.051401665 1.082014921 1.112628178 1.143241435 1.174657416 1.206360085 1.238062754 1.269765423 1.301468092 1.331570208 1.332862374 1.33415454 1.335446705 1.336738871 1.338031037 1.339323203 1.340615369 1.343736972 1.348891284 1.354045596 1.359199908 1.36435422 1.369508532 1.365326899 1.35865568 1.351984461 1.345313242 1.338642023 1.331679754 1.322243561 1.312807369 1.303371176 1.293934983 1.284498791 1.275062598 1.265626406 1.255108041 1.243615722 1.232123402 1.220631083 1.209138764 1.197646444 1.186154125 1.174661806 1.167760732 1.161114728 1.154468724 1.147822719 1.141176715 1.134706816 1.128730014 1.122753211 1.116776408 1.110799605 1.104822803 1.094491193 1.080992451 1.067493709 1.053994967 1.040496226 1.026997484 1.013498742 1 
1.003566847 1.034180104 1.06479336 1.095406617 1.126019873 1.156661799 1.188364468 1.220067137 1.251769805 1.283472474 1.31357459 1.314866756 1.316158922 1.317451088 1.318743254 1.32003542 1.321327586 1.324245918 1.32940023 1.334554542 1.339708854 1.344863166 1.350017478 1.35517179 1.350990157 1.344318938 1.337647719 1.3309765 1.324305281 1.317634062 1.310526268 1.301090075 1.291653883 1.28221769 1.272781497 1.263345305 1.253909112 1.243390748 1.231898428 1.220406109 1.20891379 1.19742147 1.185929151 1.174436832 1.167280689 1.160634685 1.15398868 1.147342676 1.140696672 1.134050667 1.127580769 1.121603966 1.115627163 1.109650361 1.103673558 1.097696755 1.091719952 1.080992451 1.067493709 1.053994967 1.040496226 1.026997484 1.013498742 1 
0.9863452859 1.016958542 1.047571799 1.078185056 1.108798312 1.139411569 1.17036885 1.202071519 1.233774188 1.265476857 1.295578973 1.296871139 1.298163305 1.299455471 1.300747636 1.302039802 1.304754864 1.309909176 1.315063488 1.3202178 1.325372112 1.330526424 1.335680736 1.340835048 1.336653414 1.329982195 1.323310976 1.316639757 1.309968539 1.30329732 1.296626101 1.289372782 1.279936589 1.270500397 1.261064204 1.251628011 1.242191819 1.231673454 1.220181135 1.208688816 1.197196496 1.185704177 1.174211858 1.166800646 1.160154641 1.153508637 1.146862633 1.140216628 1.133570624 1.12692462 1.120454721 1.114477918 1.108501116 1.102524313 1.09654751 1.090570707 1.084593905 1.078617102 1.067493709 1.053994967 1.040496226 1.026997484 1.013498742 1 
0.9691237247 0.9997369812 1.030350238 1.060963494 1.091576751 1.122190008 1.152803264 1.184075902 1.215778571 1.24748124 1.277583356 1.278875522 1.280167687 1.281459853 1.282752019 1.28526381 1.290418122 1.295572434 1.300726746 1.305881058 1.31103537 1.316189682 1.321343994 1.326498306 1.322316672 1.315645453 1.308974234 1.302303015 1.295631796 1.288960577 1.282289358 1.27561814 1.268219296 1.258783103 1.249346911 1.239910718 1.230474525 1.219956161 1.208463842 1.196971522 1.185479203 1.173986884 1.166320602 1.159674598 1.153028594 1.14638259 1.139736585 1.133090581 1.126444577 1.119798572 1.113328674 1.107351871 1.101375068 1.095398265 1.089421463 1.08344466 1.077467857 1.071491054 1.065514252 1.053994967 1.040496226 1.026997484 1.013498742 1 
0.9519021635 0.98251542 1.013128677 1.043741933 1.07435519 1.104968446 1.135581703 1.166194959 1.197782953 1.229485622 1.259587738 1.260879904 1.26217207 1.263464236 1.265772756 1.270927068 1.27608138 1.281235692 1.286390004 1.291544316 1.296698628 1.30185294 1.307007252 1.312161564 1.30797993 1.301308711 1.294637492 1.287966273 1.281295054 1.274623835 1.267952616 1.261281397 1.254610178 1.24706581 1.237629617 1.228193425 1.218757232 1.208238868 1.196746548 1.185254229 1.17376191 1.165840559 1.159194555 1.152548551 1.145902546 1.139256542 1.132610538 1.125964533 1.119318529 1.112672525 1.106202626 1.100225823 1.094249021 1.088272218 1.082295415 1.076318612 1.07034181 1.064365007 1.058388204 1.052411401 1.040496226 1.026997484 1.013498742 1 
0.9346806022 0.9652938588 0.9959071154 1.026520372 1.057133629 1.087746885 1.118360142 1.148973398 1.179787336 1.211490005 1.241592121 1.242884287 1.244176453 1.246281702 1.251436014 1.256590326 1.261744638 1.26689895 1.272053262 1.277207574 1.282361886 1.287516198 1.29267051 1.297824822 1.293643188 1.286971969 1.28030075 1.273629531 1.266958312 1.260287093 1.253615874 1.246944655 1.240273436 1.233602217 1.225912324 1.216476131 1.207039939 1.196521574 1.185029255 1.173536936 1.165360516 1.158714512 1.152068507 1.145422503 1.138776499 1.132130494 1.12548449 1.118838486 1.112192481 1.105546477 1.099076578 1.093099776 1.087122973 1.08114617 1.075169367 1.069192565 1.063215762 1.057238959 1.051262156 1.045285354 1.039308551 1.026997484 1.013498742 1 
0.917459041 0.9480722976 0.9786855542 1.009298811 1.039912067 1.070525324 1.10113858 1.131751837 1.162365094 1.193494388 1.223596504 1.22488867 1.226790648 1.23194496 1.237099272 1.242253584 1.247407896 1.252562208 1.25771652 1.262870832 1.268025144 1.273179456 1.278333768 1.28348808 1.279306446 1.272635227 1.265964008 1.259292789 1.25262157 1.245950351 1.239279132 1.232607913 1.225936694 1.219265475 1.212594256 1.204758838 1.195322645 1.184804281 1.173311961 1.164880473 1.158234468 1.151588464 1.14494246 1.138296455 1.131650451 1.125004447 1.118358442 1.111712438 1.105066434 1.098420429 1.091950531 1.085973728 1.079996925 1.074020123 1.06804332 1.062066517 1.056089714 1.050112912 1.044136109 1.038159306 1.032182503 1.026205701 1.013498742 1 
0.9002374798 0.9308507364 0.961463993 0.9920772495 1.022690506 1.053303763 1.083917019 1.114530276 1.145143532 1.175756789 1.205600886 1.207299594 1.212453906 1.217608218 1.22276253 1.227916842 1.233071154 1.238225466 1.243379778 1.24853409 1.253688402 1.258842714 1.263997026 1.269151338 1.264969704 1.258298485 1.251627266 1.244956047 1.238284828 1.231613609 1.22494239 1.218271171 1.211599952 1.204928733 1.198257514 1.191586295 1.183605352 1.173086987 1.164400429 1.157754425 1.151108421 1.144462416 1.137816412 1.131170408 1.124524404 1.117878399 1.111232395 1.104586391 1.097940386 1.091294382 1.084824483 1.078847681 1.072870878 1.066894075 1.060917272 1.05494047 1.048963667 1.042986864 1.037010061 1.031033259 1.025056456 1.019079653 1.01310285 1 
0.8830159186 0.9136291752 0.9442424317 0.9748556883 1.005468945 1.036082201 1.066695458 1.097308715 1.127921971 1.158535228 1.18780854 1.192962852 1.198117164 1.203271476 1.208425788 1.2135801 1.218734412 1.223888724 1.229043036 1.234197348 1.23935166 1.244505972 1.249660284 1.254814596 1.250632962 1.243961743 1.237290524 1.230619305 1.223948086 1.217276867 1.210605648 1.203934429 1.19726321 1.190591991 1.183920772 1.177249553 1.170578334 1.163920386 1.157274382 1.150628378 1.143982373 1.137336369 1.130690365 1.12404436 1.117398356 1.110752352 1.104106347 1.097460343 1.090814339 1.084168334 1.077698436 1.071721633 1.06574483 1.059768027 1.053791225 1.047814422 1.041837619 1.035860816 1.029884014 1.023907211 1.017930408 1.011953605 1.005976803 1 
0.8819503981 0.9125636547 0.9431769113 0.9737901678 1.004403424 1.035016681 1.065629938 1.096243194 1.126856451 1.153185478 1.173890332 1.179044644 1.184198956 1.189353268 1.19450758 1.199661892 1.204816204 1.209970516 1.215124828 1.22027914 1.225433452 1.230587764 1.240713915 1.25313476 1.250863616 1.244674609 1.238054149 1.23138293 1.224711711 1.218040492 1.211369273 1.204698054 1.198026835 1.191355616 1.184684397 1.178013178 1.171341959 1.164684011 1.158038006 1.151392002 1.144745998 1.138099993 1.131453989 1.124807985 1.11816198 1.111515976 1.104869972 1.098223968 1.091481063 1.084221359 1.077354701 1.071588574 1.06574483 1.059768027 1.053791225 1.047814422 1.041837619 1.035860816 1.029884014 1.023907211 1.017930408 1.011953605 1.005976803 1 
0.8808848777 0.9114981342 0.9421113908 0.9727246474 1.003337904 1.033951161 1.064564417 1.095177674 1.117698497 1.13926727 1.159972124 1.165126436 1.170280748 1.17543506 1.180589372 1.185743684 1.190897996 1.196052308 1.20120662 1.206360932 1.215722185 1.22814303 1.240563876 1.252984722 1.250713578 1.24452457 1.238335562 1.232146554 1.225475335 1.218804116 1.212132897 1.205461678 1.198790459 1.19211924 1.185448021 1.178776802 1.172105583 1.165447635 1.158801631 1.152155627 1.145509622 1.138863618 1.132217614 1.125571609 1.118925605 1.112279601 1.105601296 1.098341592 1.091081888 1.083822183 1.076955526 1.071189399 1.065423272 1.059657145 1.053791225 1.047814422 1.041837619 1.035860816 1.029884014 1.023907211 1.017930408 1.011953605 1.005976803 1 
0.8798193572 0.9104326138 0.9410458703 0.9716591269 1.002272383 1.03288564 1.060642744 1.082211517 1.10378029 1.125349062 1.146053916 1.151208228 1.15636254 1.161516852 1.166671164 1.171825476 1.176979788 1.1821341 1.190730454 1.2031513 1.215572146 1.227992992 1.240413838 1.252834683 1.250563539 1.244374531 1.238185524 1.231996516 1.225807508 1.219567741 1.212896522 1.206225303 1.199554084 1.192882865 1.186211646 1.179540427 1.172869208 1.16621126 1.159565256 1.152919251 1.146273247 1.139627243 1.132981238 1.126335234 1.11968923 1.112461825 1.105202121 1.097942416 1.090682712 1.083423008 1.07655635 1.070790223 1.065024096 1.05925797 1.053491843 1.047725716 1.041837619 1.035860816 1.029884014 1.023907211 1.017930408 1.011953605 1.005976803 1 
0.8787538367 0.9093670933 0.9399803499 0.9705936064 1.001206863 1.025155763 1.046724536 1.068293309 1.089862082 1.111430855 1.132135708 1.13729002 1.142444332 1.147598644 1.152752956 1.157907268 1.165738724 1.17815957 1.190580416 1.203001262 1.215422107 1.227842953 1.240263799 1.252684645 1.250413501 1.244224493 1.238035485 1.231846477 1.225657469 1.219468461 1.213279453 1.206988927 1.200317708 1.193646489 1.18697527 1.180304051 1.173632833 1.166974884 1.16032888 1.153682876 1.147036871 1.140390867 1.133744863 1.126582058 1.119322354 1.11206265 1.104802945 1.097543241 1.090283536 1.083023832 1.076157174 1.070391048 1.064624921 1.058858794 1.053092667 1.047326541 1.041560414 1.035794287 1.029884014 1.023907211 1.017930408 1.011953605 1.005976803 1 
0.8776883162 0.9083015728 0.9389148294 0.9681000096 0.9896687824 1.011237555 1.032806328 1.054375101 1.075943874 1.097512647 1.118217501 1.123371813 1.128526124 1.133680436 1.140746994 1.15316784 1.165588686 1.178009532 1.190430377 1.202851223 1.215272069 1.227692915 1.24011376 1.252534606 1.250263462 1.244074454 1.237885446 1.231696439 1.225507431 1.219318423 1.213129415 1.206940407 1.200751399 1.194410114 1.187738895 1.181067676 1.174396457 1.167738509 1.161092505 1.1544465 1.147800496 1.140702292 1.133442587 1.126182883 1.118923178 1.111663474 1.10440377 1.097144065 1.089884361 1.082624656 1.075757999 1.069991872 1.064225745 1.058459618 1.052693492 1.046927365 1.041161238 1.035395112 1.029628985 1.023862858 1.017930408 1.011953605 1.005976803 1 
0.8766227958 0.9072360523 0.9326130289 0.9541818017 0.9757505746 0.9973193474 1.01888812 1.040456893 1.062025666 1.083594439 1.104299293 1.109453605 1.115755264 1.12817611 1.140596956 1.153017801 1.165438647 1.177859493 1.190280339 1.202701185 1.21512203 1.227542876 1.239963722 1.252384568 1.250113424 1.243924416 1.237735408 1.2315464 1.225357392 1.219168384 1.212979376 1.206790368 1.200601361 1.194412353 1.188223345 1.181831301 1.175160082 1.168502134 1.161856129 1.154822525 1.14756282 1.140303116 1.133043412 1.125783707 1.118524003 1.111264298 1.104004594 1.09674489 1.089485185 1.082225481 1.075358823 1.069592696 1.06382657 1.058060443 1.052294316 1.046528189 1.040762063 1.034995936 1.029229809 1.023463683 1.017697556 1.011931429 1.005976803 1 
0.8755572753 0.8971260482 0.918694821 0.9402635939 0.9618323667 0.9834011396 1.004969912 1.026538685 1.048107458 1.069676231 1.090763534 1.10318438 1.115605226 1.128026071 1.140446917 1.152867763 1.165288609 1.177709454 1.1901303 1.202551146 1.214971992 1.227392838 1.239813683 1.252234529 1.249963385 1.243774377 1.237585369 1.231396361 1.225207354 1.219018346 1.212829338 1.20664033 1.200451322 1.194262314 1.188073306 1.181884298 1.17569529 1.168942758 1.161683054 1.154423349 1.147163645 1.13990394 1.132644236 1.125384532 1.118124827 1.110865123 1.103605418 1.096345714 1.08908601 1.081826305 1.074959647 1.069193521 1.063427394 1.057661267 1.051895141 1.046129014 1.040362887 1.03459676 1.028830634 1.023064507 1.01729838 1.011532253 1.005766127 1 
0.8862071033 0.9038425114 0.9237551307 0.9453239036 0.9668926764 0.9884614493 1.010030222 1.031598995 1.053167768 1.074736541 1.095823844 1.108244689 1.120665535 1.133086381 1.145507227 1.157928073 1.170348918 1.182769764 1.19519061 1.207611456 1.220032301 1.232453147 1.240844255 1.247375484 1.243864421 1.237675413 1.231486405 1.225297397 1.219108389 1.212919382 1.206730374 1.200541366 1.194352358 1.18816335 1.181974342 1.176307355 1.171358148 1.165714931 1.159447107 1.152552832 1.145293128 1.138033423 1.130773719 1.123514015 1.11625431 1.108994606 1.101734901 1.094475197 1.087215493 1.079955788 1.073348925 1.068570015 1.063427394 1.057661267 1.051895141 1.046129014 1.040362887 1.03459676 1.028830634 1.023064507 1.01729838 1.011532253 1.005766127 1 
0.8968569313 0.9144923394 0.9321277476 0.9503842133 0.9719529861 0.993521759 1.015090532 1.036659305 1.058228078 1.07979685 1.100884153 1.113304999 1.125725845 1.138146691 1.150567537 1.162988382 1.175409228 1.187830074 1.20025092 1.212671765 1.221682833 1.228214062 1.234745291 1.24127652 1.237765457 1.231576449 1.225387441 1.219198433 1.213009425 1.206820417 1.20063141 1.194442402 1.188253394 1.182455902 1.177506694 1.172557486 1.167608279 1.161965062 1.155697238 1.149429414 1.14316159 1.136162906 1.128903202 1.121643498 1.114383793 1.107124089 1.099864384 1.09260468 1.085344976 1.078085271 1.071478408 1.066699498 1.061920589 1.057141679 1.051895141 1.046129014 1.040362887 1.03459676 1.028830634 1.023064507 1.01729838 1.011532253 1.005766127 1 
0.9075067593 0.9251421675 0.9427775756 0.9604129837 0.9780483918 0.9985820687 1.020150842 1.041719614 1.063288387 1.08485716 1.105944463 1.118365309 1.130786155 1.143207 1.155627846 1.168048692 1.180469538 1.192890384 1.202521411 1.20905264 1.215583869 1.222115098 1.228646327 1.235177556 1.231666493 1.225477485 1.219288477 1.213099469 1.206910461 1.200721453 1.194532445 1.188604448 1.18365524 1.178706033 1.173756825 1.168807617 1.163858409 1.158215193 1.151947369 1.145679545 1.139411721 1.133143897 1.126876072 1.119772981 1.112513276 1.105253572 1.097993867 1.090734163 1.083474459 1.076214754 1.069607891 1.064828981 1.060050072 1.055271162 1.050492253 1.045713343 1.040362887 1.03459676 1.028830634 1.023064507 1.01729838 1.011532253 1.005766127 1 
0.9181565873 0.9357919955 0.9534274036 0.9710628117 0.9886982198 1.006333628 1.025211151 1.046779924 1.068348697 1.08991747 1.111004773 1.123425619 1.135846464 1.14826731 1.160688156 1.173109002 1.183359989 1.189891218 1.196422447 1.202953676 1.209484905 1.216016134 1.222547363 1.229078592 1.225567529 1.219378521 1.213189513 1.207000505 1.200811497 1.194752994 1.189803787 1.184854579 1.179905371 1.174956164 1.170006956 1.165057748 1.16010854 1.154465324 1.1481975 1.141929676 1.135661852 1.129394027 1.123126203 1.116858379 1.110590555 1.103383055 1.09612335 1.088863646 1.081603942 1.074344237 1.067737374 1.062958464 1.058179555 1.053400645 1.048621736 1.043842826 1.039063917 1.034285008 1.028830634 1.023064507 1.01729838 1.011532253 1.005766127 1 
0.9288064153 0.9464418235 0.9640772316 0.9817126397 0.9993480479 1.016983456 1.034618864 1.052254272 1.073409007 1.09497778 1.116065083 1.128485928 1.140906774 1.15332762 1.164198567 1.170729796 1.177261025 1.183792254 1.190323483 1.196854712 1.203385941 1.20991717 1.216448399 1.222979628 1.219468564 1.213279557 1.207090549 1.200901541 1.195952333 1.191003125 1.186053918 1.18110471 1.176155502 1.171206295 1.166257087 1.161307879 1.156358671 1.150715455 1.144447631 1.138179807 1.131911983 1.125644158 1.119376334 1.11310851 1.106840686 1.100572862 1.094252833 1.086993129 1.079733425 1.07247372 1.065866857 1.061087947 1.056309038 1.051530128 1.046751219 1.041972309 1.0371934 1.032414491 1.027635581 1.022856672 1.01729838 1.011532253 1.005766127 1 
0.9394562434 0.9570916515 0.9747270596 0.9923624677 1.009997876 1.027633284 1.045268692 1.0629041 1.080539508 1.100038089 1.121125392 1.133546238 1.145037144 1.151568373 1.158099602 1.164630831 1.17116206 1.177693289 1.184224518 1.190755748 1.197286977 1.203818206 1.210349435 1.216880664 1.2133696 1.207180592 1.202100879 1.197151672 1.192202464 1.187253256 1.182304049 1.177354841 1.172405633 1.167456425 1.162507218 1.15755801 1.152608802 1.146965586 1.140697762 1.134429938 1.128162114 1.121894289 1.115626465 1.109358641 1.103090817 1.096822993 1.090555169 1.084287344 1.077862908 1.070603203 1.06399634 1.05921743 1.054438521 1.049659611 1.044880702 1.040101792 1.035322883 1.030543974 1.025765064 1.020986155 1.016207245 1.011428336 1.005766127 1 
0.9501060714 0.9677414795 0.9853768876 1.003012296 1.020647704 1.038283112 1.05591852 1.073553928 1.091189336 1.108824745 1.125875722 1.132406951 1.13893818 1.145469409 1.152000638 1.158531867 1.165063096 1.171594325 1.178125554 1.184656783 1.191188012 1.197719241 1.20425047 1.2107817 1.208249426 1.203300218 1.19835101 1.193401803 1.188452595 1.183503387 1.17855418 1.173604972 1.168655764 1.163706556 1.158757349 1.153808141 1.148858933 1.143215717 1.136947893 1.130680069 1.124412244 1.11814442 1.111876596 1.105608772 1.099340948 1.093073124 1.0868053 1.080537475 1.074269651 1.068001827 1.062125823 1.057346913 1.052568004 1.047789094 1.043010185 1.038231275 1.033452366 1.028673457 1.023894547 1.019115638 1.014336728 1.009557819 1.004778909 1 
0.9508432172 0.9682662602 0.9859016683 1.003537076 1.021172485 1.038807893 1.056443301 1.074078709 1.091714117 1.109349525 1.126400503 1.132931732 1.139462961 1.14599419 1.152525419 1.159056648 1.165587877 1.172119106 1.178650335 1.185181564 1.191712793 1.198244022 1.204775251 1.209829926 1.20687578 1.201926572 1.196977365 1.192028157 1.187078949 1.182129742 1.177180534 1.172231326 1.167282118 1.162332911 1.157383703 1.152434495 1.147585501 1.142286189 1.136213316 1.129945492 1.123677668 1.117409844 1.11114202 1.104874195 1.098606371 1.092338547 1.086070723 1.079802899 1.073535075 1.067267251 1.061595295 1.057346913 1.052568004 1.047789094 1.043010185 1.038231275 1.033452366 1.028673457 1.023894547 1.019115638 1.014336728 1.009557819 1.004778909 1 
0.9515803629 0.9689168868 0.9864264489 1.004061857 1.021697265 1.039332673 1.056968081 1.07460349 1.092238898 1.109874306 1.126925283 1.133456513 1.139987742 1.146518971 1.1530502 1.159581429 1.166112658 1.172643887 1.179175116 1.185706345 1.192237574 1.198768803 1.203928946 1.208456281 1.205502134 1.200552927 1.195603719 1.190654511 1.185705303 1.180756096 1.175806888 1.17085768 1.165908473 1.160959265 1.156010057 1.151149928 1.146412283 1.14111297 1.135308157 1.129210915 1.122943091 1.116675267 1.110407443 1.104139619 1.097871795 1.09160397 1.085336146 1.079068322 1.072800498 1.066532674 1.060860718 1.056857195 1.052568004 1.047789094 1.043010185 1.038231275 1.033452366 1.028673457 1.023894547 1.019115638 1.014336728 1.009557819 1.004778909 1 
0.9523175087 0.9696540326 0.9869905565 1.004586638 1.022222046 1.039857454 1.057492862 1.07512827 1.092763678 1.110399086 1.127450064 1.133981293 1.140512522 1.147043751 1.15357498 1.160106209 1.166637438 1.173168667 1.179699896 1.186231125 1.192762354 1.198027966 1.2025553 1.207082635 1.204128489 1.199179281 1.194230073 1.189280865 1.184331658 1.17938245 1.174433242 1.169484035 1.164534827 1.159585619 1.154714356 1.14997671 1.145239065 1.139939752 1.134134939 1.128330125 1.122208515 1.11594069 1.109672866 1.103405042 1.097137218 1.090869394 1.08460157 1.078333746 1.072065921 1.065798097 1.060126142 1.056122619 1.052119096 1.047789094 1.043010185 1.038231275 1.033452366 1.028673457 1.023894547 1.019115638 1.014336728 1.009557819 1.004778909 1 
0.9530546545 0.9703911784 0.9877277023 1.005111418 1.022746827 1.040382235 1.058017643 1.075653051 1.093288459 1.110923867 1.127974845 1.134506074 1.141037303 1.147568532 1.154099761 1.16063099 1.167162219 1.173693448 1.180224677 1.186755906 1.192126986 1.19665432 1.201181655 1.205708989 1.202754843 1.197805635 1.192856427 1.18790722 1.182958012 1.178008804 1.173059597 1.168110389 1.163161181 1.158278783 1.153541137 1.148803492 1.144065847 1.138766534 1.132961721 1.127156907 1.121352093 1.115206114 1.10893829 1.102670466 1.096402641 1.090134817 1.083866993 1.077599169 1.071331345 1.065063521 1.059391565 1.055388042 1.051384519 1.047380996 1.043010185 1.038231275 1.033452366 1.028673457 1.023894547 1.019115638 1.014336728 1.009557819 1.004778909 1 
0.9537918003 0.9711283242 0.9884648481 1.005801372 1.023271607 1.040907015 1.058542423 1.076177832 1.09381324 1.111448648 1.128499625 1.135030854 1.141562084 1.148093313 1.154624542 1.161155771 1.167687 1.174218229 1.180749458 1.186226005 1.19075334 1.195280674 1.199808009 1.204335343 1.201381197 1.196431989 1.191482782 1.186533574 1.181584366 1.176635159 1.171685951 1.166736743 1.16184321 1.157105565 1.152367919 1.147630274 1.142892629 1.137593316 1.131788502 1.125983689 1.120178875 1.114374061 1.108203713 1.101935889 1.095668065 1.089400241 1.083132416 1.076864592 1.070596768 1.064328944 1.058656989 1.054653466 1.050649943 1.04664642 1.042642897 1.038231275 1.033452366 1.028673457 1.023894547 1.019115638 1.014336728 1.009557819 1.004778909 1 
0.9545289461 0.97186547 0.9892019938 1.006538518 1.023875042 1.041431796 1.059067204 1.076702612 1.09433802 1.111973428 1.129024406 1.135555635 1.142086864 1.148618093 1.155149322 1.161680551 1.16821178 1.174743009 1.180325025 1.18485236 1.189379694 1.193907029 1.198434363 1.202961698 1.200007551 1.195058344 1.190109136 1.185159928 1.18021072 1.175261513 1.170312305 1.165407637 1.160669992 1.155932346 1.151194701 1.146457056 1.141719411 1.136420098 1.130615284 1.124810471 1.119005657 1.113200843 1.10739603 1.101201312 1.094933488 1.088665664 1.08239784 1.076130016 1.069862192 1.063594367 1.057922412 1.053918889 1.049915366 1.045911843 1.04190832 1.037904797 1.033452366 1.028673457 1.023894547 1.019115638 1.014336728 1.009557819 1.004778909 1 
0.9552660919 0.9726026158 0.9899391396 1.007275664 1.024612187 1.041956577 1.059591985 1.077227393 1.094862801 1.112498209 1.129549187 1.136080416 1.142611645 1.149142874 1.155674103 1.162205332 1.168736561 1.174424045 1.178951379 1.183478714 1.188006048 1.192533383 1.197060717 1.201588052 1.198633906 1.193684698 1.18873549 1.183786282 1.178837075 1.173887867 1.168972064 1.164234419 1.159496774 1.154759128 1.150021483 1.145283838 1.140546193 1.13524688 1.129442066 1.123637253 1.117832439 1.112027625 1.106222811 1.100417998 1.094198912 1.087931087 1.081663263 1.075395439 1.069127615 1.062859791 1.057187835 1.053184312 1.049180789 1.045177266 1.041173743 1.03717022 1.033166697 1.028673457 1.023894547 1.019115638 1.014336728 1.009557819 1.004778909 1 
0.9560032377 0.9733397615 0.9906762854 1.008012809 1.025349333 1.042685857 1.060116765 1.077752174 1.095387582 1.11302299 1.130073967 1.136605196 1.143136426 1.149667655 1.156198884 1.162730113 1.168523065 1.173050399 1.177577734 1.182105068 1.186632403 1.191159737 1.195687072 1.200214406 1.19726026 1.192311052 1.187361844 1.182412637 1.177463429 1.172536491 1.167798846 1.163061201 1.158323555 1.15358591 1.148848265 1.14411062 1.139372975 1.134073662 1.128268848 1.122464034 1.116659221 1.110854407 1.105049593 1.09924478 1.093439966 1.087196511 1.080928687 1.074660862 1.068393038 1.062125214 1.056453259 1.052449736 1.048446213 1.04444269 1.040439167 1.036435644 1.032432121 1.028428598 1.023894547 1.019115638 1.014336728 1.009557819 1.004778909 1 
0.9567403835 0.9740769073 0.9914134312 1.008749955 1.026086479 1.043423003 1.060759527 1.078276954 1.095912362 1.11354777 1.130598748 1.137129977 1.143661206 1.150192435 1.156723664 1.162622084 1.167149419 1.171676753 1.176204088 1.180731422 1.185258757 1.189786091 1.194313426 1.19884076 1.195886614 1.190937406 1.185988199 1.181038991 1.176100918 1.171363273 1.166625628 1.161887983 1.157150337 1.152412692 1.147675047 1.142937402 1.138199757 1.132900444 1.12709563 1.121290816 1.115486003 1.109681189 1.103876375 1.098071562 1.092266748 1.086461934 1.08019411 1.073926286 1.067658462 1.061390638 1.055718682 1.051715159 1.047711636 1.043708113 1.03970459 1.035701067 1.031697544 1.027694021 1.023690498 1.019115638 1.014336728 1.009557819 1.004778909 1 
0.9574775292 0.9748140531 0.992150577 1.009487101 1.026823625 1.044160149 1.061496673 1.078833196 1.096437143 1.114072551 1.131123529 1.137654758 1.144185987 1.150717216 1.156721104 1.161248439 1.165775773 1.170303108 1.174830442 1.179357777 1.183885111 1.188412446 1.19293978 1.197467114 1.194512968 1.189563761 1.184614553 1.179665345 1.1749277 1.170190055 1.16545241 1.160714764 1.155977119 1.151239474 1.146501829 1.141764184 1.137026539 1.131727226 1.125922412 1.120117598 1.114312785 1.108507971 1.102703157 1.096898343 1.09109353 1.085288716 1.079459533 1.073191709 1.066923885 1.060656061 1.054984106 1.050980583 1.04697706 1.042973537 1.038970014 1.034966491 1.030962968 1.026959444 1.022955921 1.018952398 1.014336728 1.009557819 1.004778909 1 
0.958214675 0.9755511989 0.9928877228 1.010224247 1.027560771 1.044897294 1.062233818 1.079570342 1.096961924 1.114597332 1.131648309 1.138179538 1.144710767 1.150820124 1.155347458 1.159874793 1.164402127 1.168929462 1.173456796 1.177984131 1.182511465 1.1870388 1.191566134 1.196093469 1.193139323 1.188190115 1.183240907 1.178492127 1.173754482 1.169016837 1.164279192 1.159541546 1.154803901 1.150066256 1.145328611 1.140590966 1.13585332 1.130554008 1.124749194 1.11894438 1.113139567 1.107334753 1.101529939 1.095725125 1.089920312 1.084115498 1.078310684 1.072457133 1.066189308 1.059921484 1.054249529 1.050246006 1.046242483 1.04223896 1.038235437 1.034231914 1.030228391 1.026224868 1.022221345 1.018217822 1.014214299 1.009557819 1.004778909 1 
0.9589518208 0.9762883447 0.9936248686 1.010961392 1.028297916 1.04563444 1.062970964 1.080307488 1.097644012 1.115122112 1.13217309 1.138704319 1.144919144 1.149446478 1.153973813 1.158501147 1.163028482 1.167555816 1.172083151 1.176610485 1.18113782 1.185665154 1.190192489 1.194719823 1.191765677 1.186816469 1.182056554 1.177318909 1.172581264 1.167843619 1.163105973 1.158368328 1.153630683 1.148893038 1.144155393 1.139417748 1.134680102 1.12938079 1.123575976 1.117771162 1.111966348 1.106161535 1.100356721 1.094551907 1.088747094 1.08294228 1.077137466 1.071332652 1.065454732 1.059186908 1.053514952 1.049511429 1.045507906 1.041504383 1.03750086 1.033497337 1.029493814 1.025490291 1.021486768 1.017483245 1.013479722 1.009476199 1.004778909 1 
0.9596889666 0.9770254905 0.9943620144 1.011698538 1.029035062 1.046371586 1.06370811 1.081044634 1.098381158 1.115717681 1.132697871 1.139018164 1.143545498 1.148072832 1.152600167 1.157127501 1.161654836 1.16618217 1.170709505 1.175236839 1.179764174 1.184291508 1.188818843 1.193346177 1.190392031 1.185620981 1.180883336 1.176145691 1.171408046 1.166670401 1.161932755 1.15719511 1.152457465 1.14771982 1.142982175 1.138244529 1.133506884 1.128207571 1.122402758 1.116597944 1.11079313 1.104988317 1.099183503 1.093378689 1.087573876 1.081769062 1.075964248 1.070159434 1.064354621 1.058452331 1.052780376 1.048776853 1.04477333 1.040769807 1.036766284 1.032762761 1.028759238 1.024755715 1.020752192 1.016748669 1.012745146 1.008741623 1.0047381 1 
0.9604261124 0.9777626363 0.9950991601 1.012435684 1.029772208 1.047108732 1.064445256 1.08178178 1.099118303 1.116454827 1.133117183 1.137644518 1.142171852 1.146699187 1.151226521 1.155753856 1.16028119 1.164808525 1.169335859 1.173863194 1.178390528 1.182917863 1.187445197 1.191972531 1.189185408 1.184447763 1.179710118 1.174972473 1.170234828 1.165497182 1.160759537 1.156021892 1.151284247 1.146546602 1.141808957 1.137071311 1.132333666 1.127034353 1.12122954 1.115424726 1.109619912 1.103815099 1.098010285 1.092205471 1.086400657 1.080595844 1.07479103 1.068986216 1.063181403 1.057376589 1.052045799 1.048042276 1.044038753 1.04003523 1.036031707 1.032028184 1.028024661 1.024021138 1.020017615 1.016014092 1.012010569 1.008007046 1.004003523 1 
0.9650207988 0.9826270235 0.9999635473 1.017300071 1.034636595 1.051973119 1.069309643 1.086646167 1.103982691 1.121319214 1.13798157 1.142508905 1.147036239 1.151563574 1.156090908 1.160618243 1.165145577 1.169672912 1.174200246 1.178727581 1.183254915 1.18778225 1.192309584 1.193963853 1.190355854 1.185618209 1.180880563 1.176142918 1.171405273 1.166667628 1.161929983 1.157192337 1.152454692 1.147717047 1.142979402 1.138241757 1.133066542 1.127486305 1.121806808 1.116001995 1.110197181 1.104392367 1.098587553 1.09278274 1.086977926 1.081173112 1.075368299 1.069563485 1.063758671 1.057953858 1.052462715 1.048042276 1.044038753 1.04003523 1.036031707 1.032028184 1.028024661 1.024021138 1.020017615 1.016014092 1.012010569 1.008007046 1.004003523 1 
0.9696154852 0.987331588 1.004827935 1.022164458 1.039500982 1.056837506 1.07417403 1.091510554 1.108847078 1.126183602 1.142845958 1.147373292 1.151900627 1.156427961 1.160955296 1.16548263 1.170009965 1.174537299 1.179064633 1.183591968 1.188119302 1.192646637 1.194506125 1.195134298 1.191526299 1.186788654 1.182051009 1.177313364 1.172575718 1.167838073 1.163100428 1.158362783 1.153625138 1.148887492 1.144149847 1.139023251 1.133361848 1.127781612 1.122274425 1.116579263 1.11077445 1.104969636 1.099164822 1.093360008 1.087555195 1.081750381 1.075945567 1.070140754 1.06433594 1.058531126 1.053039984 1.048427122 1.044038753 1.04003523 1.036031707 1.032028184 1.028024661 1.024021138 1.020017615 1.016014092 1.012010569 1.008007046 1.004003523 1 
0.9742101715 0.9919262743 1.009642377 1.027028846 1.044365369 1.061701893 1.079038417 1.096374941 1.113711465 1.131047989 1.147710345 1.152237679 1.156765014 1.161292348 1.165819683 1.170347017 1.174874352 1.179401686 1.183929021 1.188456355 1.19298369 1.195048396 1.19567657 1.196304744 1.192696744 1.187959099 1.183221454 1.178483809 1.173746164 1.169008519 1.164270873 1.159533228 1.154795583 1.150057938 1.144979961 1.139318558 1.133657155 1.128076918 1.122569731 1.117062544 1.111351718 1.105546905 1.099742091 1.093937277 1.088132463 1.08232765 1.076522836 1.070718022 1.064913209 1.059108395 1.053617253 1.04900439 1.044391528 1.04003523 1.036031707 1.032028184 1.028024661 1.024021138 1.020017615 1.016014092 1.012010569 1.008007046 1.004003523 1 
0.9788048579 0.9965209607 1.014237064 1.031893233 1.049229757 1.066566281 1.083902804 1.101239328 1.118575852 1.135912376 1.152574732 1.157102067 1.161629401 1.166156736 1.17068407 1.175211404 1.179738739 1.184266073 1.188793408 1.193320742 1.195590668 1.196218842 1.196847015 1.197475189 1.19386719 1.189129545 1.184391899 1.179654254 1.174916609 1.170178964 1.165441319 1.160703674 1.155966028 1.15093667 1.145275267 1.139613864 1.133952461 1.128372224 1.122865038 1.117357851 1.111850664 1.106124173 1.100319359 1.094514546 1.088709732 1.082904918 1.077100105 1.071295291 1.065490477 1.059685664 1.054194521 1.049581659 1.044968797 1.040355935 1.036031707 1.032028184 1.028024661 1.024021138 1.020017615 1.016014092 1.012010569 1.008007046 1.004003523 1 
0.9833995443 1.001115647 1.01883175 1.036547853 1.054094144 1.071430668 1.088767192 1.106103716 1.123440239 1.140776763 1.157439119 1.161966454 1.166493788 1.171021123 1.175548457 1.180075792 1.184603126 1.189130461 1.193657795 1.19613294 1.196761113 1.197389287 1.198017461 1.198645634 1.195037635 1.19029999 1.185562345 1.1808247 1.176087054 1.171349409 1.166611764 1.161874119 1.15689338 1.151231977 1.145570574 1.13990917 1.134247767 1.128667531 1.123160344 1.117653157 1.11214597 1.106638784 1.100896628 1.095091814 1.089287001 1.083482187 1.077677373 1.07187256 1.066067746 1.060262932 1.05477179 1.050158928 1.045546066 1.040933204 1.036320341 1.032028184 1.028024661 1.024021138 1.020017615 1.016014092 1.012010569 1.008007046 1.004003523 1 
0.9879942307 1.005710334 1.023426436 1.041142539 1.058858642 1.076295055 1.093631579 1.110968103 1.128304627 1.14564115 1.162303506 1.166830841 1.171358175 1.17588551 1.180412844 1.184940179 1.189467513 1.193994848 1.196675211 1.197303385 1.197931559 1.198559732 1.199187906 1.19981608 1.196208081 1.191470435 1.18673279 1.181995145 1.1772575 1.172519855 1.16778221 1.162850089 1.157188686 1.151527283 1.14586588 1.140204477 1.134543074 1.128962837 1.12345565 1.117948464 1.112441277 1.10693409 1.101426903 1.095669083 1.089864269 1.084059456 1.078254642 1.072449828 1.066645015 1.060840201 1.055349059 1.050736196 1.046123334 1.041510472 1.03689761 1.032284748 1.028024661 1.024021138 1.020017615 1.016014092 1.012010569 1.008007046 1.004003523 1 
0.9925889171 1.01030502 1.028021123 1.045737225 1.063453328 1.081159442 1.098495966 1.11583249 1.133169014 1.150505538 1.167167894 1.171695228 1.176222563 1.180749897 1.185277232 1.189804566 1.194331901 1.197217483 1.197845657 1.19847383 1.199102004 1.199730178 1.200358351 1.200986525 1.197378526 1.192640881 1.187903236 1.18316559 1.178427945 1.1736903 1.168806798 1.163145395 1.157483992 1.151822589 1.146161186 1.140499783 1.13483838 1.129258144 1.123750957 1.11824377 1.112736583 1.107229396 1.101722209 1.096215023 1.090441538 1.084636724 1.078831911 1.073027097 1.067222283 1.06141747 1.055926327 1.051313465 1.046700603 1.042087741 1.037474879 1.032862017 1.028249154 1.024021138 1.020017615 1.016014092 1.012010569 1.008007046 1.004003523 1 
0.9971836035 1.014899706 1.032615809 1.050331912 1.068048015 1.085764117 1.103360353 1.120696877 1.138033401 1.155369925 1.172032281 1.176559615 1.18108695 1.185614284 1.190141619 1.194668953 1.197759755 1.198387928 1.199016102 1.199644276 1.200272449 1.200900623 1.201528797 1.20215697 1.198548971 1.193811326 1.189073681 1.184336036 1.179598391 1.174763508 1.169102105 1.163440702 1.157779299 1.152117896 1.146456493 1.14079509 1.135133686 1.12955345 1.124046263 1.118539076 1.113031889 1.107524703 1.102017516 1.096510329 1.091003142 1.085213993 1.079409179 1.073604366 1.067799552 1.061994738 1.056503596 1.051890734 1.047277872 1.042665009 1.038052147 1.033439285 1.028826423 1.024213561 1.020017615 1.016014092 1.012010569 1.008007046 1.004003523 1 
1.00177829 1.019494393 1.037210495 1.054926598 1.072642701 1.090358804 1.108074907 1.125561264 1.142897788 1.160234312 1.176896668 1.181424003 1.185951337 1.190478672 1.195006006 1.198302027 1.1989302 1.199558374 1.200186548 1.200814721 1.201442895 1.202071068 1.202699242 1.203327416 1.199719417 1.194981772 1.190244126 1.185506481 1.180720217 1.175058814 1.169397411 1.163736008 1.158074605 1.152413202 1.146751799 1.141090396 1.135428993 1.129848756 1.124341569 1.118834383 1.113327196 1.107820009 1.102312822 1.096805635 1.091298448 1.085791262 1.079986448 1.074181634 1.068376821 1.062572007 1.057080865 1.052468002 1.04785514 1.043242278 1.038629416 1.034016554 1.029403692 1.02479083 1.020177967 1.016014092 1.012010569 1.008007046 1.004003523 1 
1.006372976 1.024089079 1.041805182 1.059521285 1.077237387 1.09495349 1.112669593 1.130385696 1.147762175 1.165098699 1.181761055 1.18628839 1.190815724 1.195343059 1.198844298 1.199472472 1.200100646 1.200728819 1.201356993 1.201985167 1.20261334 1.203241514 1.203869688 1.204497861 1.200889862 1.196152217 1.191414572 1.186676927 1.181015523 1.17535412 1.169692717 1.164031314 1.158369911 1.152708508 1.147047105 1.141385702 1.135724299 1.130144063 1.124636876 1.119129689 1.113622502 1.108115315 1.102608128 1.097100942 1.091593755 1.086086568 1.080563717 1.074758903 1.068954089 1.063149276 1.057658133 1.053045271 1.048432409 1.043819547 1.039206685 1.034593823 1.02998096 1.025368098 1.020755236 1.016142374 1.012010569 1.008007046 1.004003523 1 
1.010967663 1.028683765 1.046399868 1.064115971 1.081832074 1.099548177 1.117264279 1.134980382 1.152626563 1.169963086 1.186625442 1.191152777 1.195680111 1.19938657 1.200014744 1.200642917 1.201271091 1.201899265 1.202527438 1.203155612 1.203783786 1.204411959 1.205040133 1.205668307 1.202060307 1.197322662 1.192585017 1.186972233 1.18131083 1.175649427 1.169988024 1.164326621 1.158665218 1.153003815 1.147342412 1.141681009 1.136019606 1.130439369 1.124932182 1.119424995 1.113917808 1.108410622 1.102903435 1.097396248 1.091889061 1.086381874 1.080874688 1.075336172 1.069531358 1.063726544 1.058235402 1.05362254 1.049009678 1.044396815 1.039783953 1.035171091 1.030558229 1.025945367 1.021332505 1.016719643 1.01210678 1.008007046 1.004003523 1 
1.015562349 1.033278452 1.050994555 1.068710657 1.08642676 1.104142863 1.121858966 1.139575069 1.157291171 1.174827474 1.19148983 1.196017164 1.199928842 1.200557015 1.201185189 1.201813363 1.202441536 1.20306971 1.203697884 1.204326057 1.204954231 1.205582405 1.206210578 1.206838752 1.203230753 1.198493108 1.192928942 1.187267539 1.181606136 1.175944733 1.17028333 1.164621927 1.158960524 1.153299121 1.147637718 1.141976315 1.136314912 1.130734675 1.125227488 1.119720302 1.114213115 1.108705928 1.103198741 1.097691554 1.092184368 1.086677181 1.081169994 1.075662807 1.070108627 1.064303813 1.058812671 1.054199808 1.049586946 1.044974084 1.040361222 1.03574836 1.031135498 1.026522636 1.021909773 1.017296911 1.012684049 1.008071187 1.004003523 1 
1.020157035 1.037873138 1.055589241 1.073305344 1.091021447 1.108737549 1.126453652 1.144169755 1.161885858 1.179601961 1.196354217 1.200471113 1.201099287 1.201727461 1.202355634 1.202983808 1.203611982 1.204240155 1.204868329 1.205496503 1.206124676 1.20675285 1.207381024 1.208009197 1.204401198 1.198885652 1.193224249 1.187562846 1.181901443 1.17624004 1.170578636 1.164917233 1.15925583 1.153594427 1.147933024 1.142271621 1.136610218 1.131029982 1.125522795 1.120015608 1.114508421 1.109001234 1.103494048 1.097986861 1.092479674 1.086972487 1.0814653 1.075958113 1.070450927 1.064881081 1.059389939 1.054777077 1.050164215 1.045551353 1.040938491 1.036325629 1.031712766 1.027099904 1.022487042 1.01787418 1.013261318 1.008648456 1.004035593 1 
1.024751722 1.042467825 1.060183927 1.07790003 1.095616133 1.113332236 1.131048339 1.148764441 1.166480544 1.184196647 1.201013385 1.201641559 1.202269732 1.202897906 1.20352608 1.204154253 1.204782427 1.205410601 1.206038774 1.206666948 1.207295122 1.207923295 1.208551469 1.209179643 1.204842361 1.199180958 1.193519555 1.187858152 1.182196749 1.176535346 1.170873943 1.16521254 1.159551137 1.153889734 1.148228331 1.142566928 1.136905525 1.131325288 1.125818101 1.120310914 1.114803728 1.109296541 1.103789354 1.098282167 1.09277498 1.087267793 1.081760607 1.07625342 1.070746233 1.065239046 1.059967208 1.055354346 1.050741484 1.046128621 1.041515759 1.036902897 1.032290035 1.027677173 1.023064311 1.018451449 1.013838586 1.009225724 1.004612862 1 
