0.1021680297 0.09189716957 0.08162630944 0.07135544931 0.06108458919 0.05081372906 0.04054286893 0.0302720088 0.02000114867 0.009730288543 -7.989173416e-023 -9.065128768e-023 -1.014108412e-022 -1.121703947e-022 -1.229299482e-022 -1.336895018e-022 -1.444490553e-022 -1.552086088e-022 -1.659681623e-022 -1.767277158e-022 -1.874872693e-022 -1.982468229e-022 -2.090063764e-022 -2.197659299e-022 -2.182779322e-022 -2.135239207e-022 -2.087699093e-022 -2.040158979e-022 -1.992618865e-022 -1.945078751e-022 -1.897538636e-022 -1.849998522e-022 -1.802458408e-022 -1.754918294e-022 -1.70737818e-022 -1.659838065e-022 -1.612297951e-022 -1.531693972e-022 -1.421332514e-022 -1.310971056e-022 -1.200609598e-022 -1.09024814e-022 -9.798866815e-023 -8.695252235e-023 -7.591637654e-023 -6.488023073e-023 -5.384408492e-023 -4.280793912e-023 -3.177179331e-023 -2.07356475e-023 -1.235367617e-023 -1.140339339e-023 -1.045311061e-023 -9.502827825e-024 -8.552545043e-024 -7.60226226e-024 -6.651979478e-024 -5.701696695e-024 -4.751413913e-024 -3.80113113e-024 -2.850848348e-024 -1.900565565e-024 -9.502827825e-025 0 
0.8938695662 0.7832142802 0.6725589943 0.5793755956 0.5793755956 0.5793755956 0.5793755956 0.5793755956 0.5793755956 0.5793755956 0.5793755956 0.5793755956 0.5793755956 0.5793755956 0.5793755956 0.5793755956 0.5793755956 0.5793755956 0.5793755956 0.5793755956 0.5635280432 0.5361549981 0.5087819531 0.4814089081 0.4367745397 0.3875371518 0.3382997639 0.2890623759 0.2967809489 0.3044995218 0.3122180948 0.3199366677 0.3276552406 0.3353738136 0.3430923865 0.3508109594 0.3585295324 0.3581232922 0.3504047202 0.3426861483 0.3349675763 0.3272490043 0.3195304323 0.3118118604 0.3040932884 0.2963747164 0.2864641618 0.2370979202 0.1877316786 0.138365437 0.09032211628 0.04598297409 0.001643831899 -0.04269531029 -0.06273011588 -0.055760103 -0.04879009013 -0.04182007725 -0.03485006438 -0.0278800515 -0.02091003863 -0.01394002575 -0.006970012875 0 
3.932438523 3.821783237 3.711127951 3.600472665 3.489817379 3.379162093 3.268506807 3.157851521 3.047196235 2.919120107 2.778006411 2.750633366 2.723260321 2.695887276 2.668514231 2.641141186 2.613768141 2.586395095 2.55902205 2.531649005 2.50427596 2.476902915 2.414540102 2.336028166 2.227261211 2.11042625 2.054073329 2.004835941 1.955598553 1.906361165 1.857123777 1.807886389 1.758649001 1.709411613 1.660174225 1.610936837 1.561699449 1.512394244 1.463028002 1.413661761 1.364295519 1.314929277 1.265563036 1.216196794 1.166830552 1.117464311 1.068098069 1.018731828 0.9572631006 0.8312477846 0.7058487888 0.5821754896 0.4877305641 0.4433914219 0.3990522797 0.3547131375 0.3103739953 0.2660348532 0.221695711 0.1773565688 0.1330174266 0.08867828438 0.04433914219 0 
9.576185898 9.47020382 9.364221742 9.258239664 9.152257585 9.046275507 8.940293429 8.834311351 8.691241945 8.543809324 8.400004107 8.321492171 8.242980235 8.164468298 8.074520817 7.95255381 7.830586803 7.708619796 7.586652789 7.464685782 7.342718776 7.220751769 7.098784762 6.976817755 6.858902364 6.742067404 6.625232443 6.508397483 6.329119049 6.149840616 5.970562182 5.791283748 5.612005314 5.432726881 5.253448447 5.074170013 4.894891579 4.703822367 4.502141455 4.300460543 4.09877963 3.897098718 3.695417805 3.493736893 3.29205598 3.090375068 2.892676555 2.766661239 2.640645923 2.514630607 2.367523869 2.161361149 1.955198429 1.749035709 1.54287299 1.33671027 1.13054755 0.9243848301 0.7182221103 0.5120593904 0.3710198974 0.2473465983 0.1236732991 0 
16.82665121 16.6896206 16.55259 16.41555939 16.27852879 16.14149818 16.00446758 15.8862295 15.78024742 15.67426535 15.56744196 15.44547495 15.32350794 15.20154093 15.07957393 14.92102253 14.68320497 14.44538741 14.20756984 13.96975228 13.73193472 13.49411715 13.25629959 13.01848203 12.82687957 12.64760113 12.4683227 12.28904427 12.10083371 11.75184504 11.40285638 11.05386771 10.70487904 10.35589037 10.0069017 9.657913029 9.30892436 8.929348314 8.522243629 8.115138944 7.708034259 7.300929574 6.893824889 6.486720204 6.079615519 5.672510834 5.470829922 5.269149009 5.067468097 4.865787184 4.601728963 4.163014279 3.724299594 3.285584909 2.846870224 2.408155539 1.969440854 1.53072617 1.092011485 0.8246508793 0.6184881595 0.4123254397 0.2061627198 0 
23.75244694 23.51757029 23.28269365 23.047817 22.81294035 22.65016079 22.51313019 22.37609958 22.23906898 22.10203837 21.95970319 21.72188563 21.48406806 21.2462505 21.00843294 20.77061537 20.53279781 20.29498025 20.01932363 19.70162364 19.38392364 19.06622364 18.74852364 18.43082364 18.08842206 17.73943339 17.39044472 17.04145605 16.69246738 16.34347871 15.99449004 15.62059506 15.15330137 14.68600769 14.21871401 13.75142033 13.28412665 12.77039299 12.21486335 11.65933372 11.10380408 10.54827444 9.992744805 9.562204602 9.155099917 8.747995232 8.340890547 7.933785862 7.526681177 7.119576492 6.65781716 6.043024816 5.428232472 4.813440128 4.198647784 3.58385544 3.071002794 2.632288109 2.193573424 1.754858739 1.316144055 0.8774293697 0.4387146848 0 
29.48939344 29.28554162 29.05270608 28.81782944 28.58295279 28.34807614 28.1131995 27.87832285 27.64344621 27.40856956 27.16933379 26.85163379 26.53393379 26.21623379 25.89853379 25.58083379 25.26313379 24.9454338 24.6277338 24.3100338 23.9923338 23.6746338 23.32754203 22.87023113 22.24469117 21.64911917 21.18182548 20.7145318 20.24723812 19.77994444 19.31265076 18.84535708 18.37806339 17.91076971 17.44347603 16.97618235 16.50888867 15.86490149 15.08794087 14.53241124 13.9768816 13.42135196 12.86582232 12.31029269 11.75476305 11.19923341 10.64370378 10.08817414 9.532644503 8.977114866 8.40598978 7.791197436 7.176405092 6.561612748 5.946820404 5.332028061 4.717235717 4.102443373 3.487651029 2.872858685 2.258066341 1.643273997 0.9059070429 0 
33.9602648 33.75641298 33.55256117 33.34870935 33.14485754 32.94018928 32.70531263 32.47043599 32.23555934 32.00068269 31.76144692 31.44374692 31.12604692 30.80834693 30.49064693 30.17294693 29.85524693 29.47876339 29.02145249 28.56414158 28.10683068 27.64951977 27.19220887 26.73489796 26.10935801 25.43895698 24.76855594 24.09815491 23.42775388 22.75735285 22.1190214 21.65172772 21.18443403 20.71714035 20.24984667 19.78255299 19.31525931 18.67127213 17.86826081 17.06524948 16.26223816 15.45922684 14.65621551 13.85320419 13.27162385 12.71609421 12.16056458 11.60503494 11.0495053 10.49397567 9.92285058 9.308058236 8.693265892 8.078473548 7.463681204 6.84888886 6.234096517 5.435442257 4.529535215 3.623628172 2.717721129 1.811814086 0.9059070429 0 
38.43113615 38.22728434 38.02343252 37.81958071 37.61572889 37.41187708 37.20802526 37.00417345 36.80032163 36.59279583 36.35356006 36.03586006 35.62998475 35.17267384 34.71536294 34.25805203 33.80074113 33.34343022 32.88611932 32.42880842 31.97149751 31.51418661 31.0568757 30.5995648 29.97402484 29.30362381 28.63322278 27.96282175 27.29242071 26.62201968 25.95161865 25.28121762 24.61081659 23.94041555 23.27001452 22.59961349 22.12162995 21.47764277 20.67463145 19.87162012 19.0686088 18.26559748 17.46258615 16.65957483 15.85656351 15.05355218 14.25054086 13.44752954 12.64451821 12.01083647 11.43971138 10.82491904 9.964977472 9.059070429 8.153163386 7.247256343 6.3413493 5.435442257 4.529535215 3.623628172 2.717721129 1.811814086 0.9059070429 0 
42.3701252 42.04356204 41.72991586 41.52606404 41.32221223 41.11836041 40.9145086 40.71065679 40.50680497 40.30295316 40.08576139 39.62845048 39.17113958 38.71382867 38.25651777 37.79920686 37.34189596 36.88458505 36.42727415 35.96996324 35.51265234 35.00377672 34.38317756 33.76257839 32.9252641 32.03015912 31.19418676 30.52378572 29.85338469 29.18298366 28.51258263 27.8421816 27.17178056 26.50137953 25.8309785 25.16057747 24.49017644 23.74998051 22.94696919 22.14395787 21.34094654 20.53793522 19.7349239 18.93191257 18.12890125 17.32588993 16.5228786 15.71986728 14.69877391 13.61952532 12.58589292 11.67998588 10.77407884 9.868171796 8.962264753 8.05635771 7.150450667 6.244543624 5.338636581 4.432729539 3.526822496 2.452352668 1.226176334 0 
46.10965839 45.78309522 45.45653206 45.12996889 44.80340573 44.53819824 44.33434643 44.13049461 43.9266428 43.72279098 43.50559922 43.04828831 42.59097741 42.1336665 41.6763556 41.21904469 40.76173379 40.30442288 39.71820019 39.09760103 38.47700186 37.8564027 37.23580353 36.61520437 35.77789008 34.8827851 33.98768011 33.09257513 32.19747014 31.30236516 30.58465803 29.914257 29.24385597 28.57345494 27.9030539 27.23265287 26.56225184 25.82205592 25.01904459 24.21603327 23.41302195 22.61001062 21.8069993 21.00398798 20.12828264 19.04903405 17.96978546 16.89053687 15.81128828 14.7320397 13.6984073 12.79250026 11.88659322 10.98068618 10.07477913 9.16887209 8.262965047 7.357058004 6.13088167 4.904705336 3.678529002 2.452352668 1.226176334 0 
49.84919157 49.52262841 49.19606524 48.86950208 48.54293891 48.21637575 47.88981259 47.56324942 47.34648063 47.14262881 46.92543704 46.46812614 46.01081523 45.55350433 45.05322283 44.43262366 43.8120245 43.19142533 42.57082617 41.950227 41.32962784 40.70902867 40.08842951 39.46783034 38.63051606 37.73541107 36.84030609 35.9452011 35.05009612 34.15499114 33.25988615 32.36478117 31.46967618 30.64553034 29.97512931 29.30472828 28.63432725 27.89413132 27.09112 26.28810868 25.48509735 24.47854278 23.39929419 22.32004561 21.24079702 20.16154843 19.08229984 18.00305125 16.92380266 15.84455408 14.81092168 13.90501464 12.9991076 12.09320056 11.03558701 9.809410672 8.583234338 7.357058004 6.13088167 4.904705336 3.678529002 2.452352668 1.226176334 0 
53.58872475 53.26216159 52.93559843 52.60903526 52.2824721 51.95590894 51.62934577 51.30278261 50.97621944 50.64965628 50.34527487 49.7676463 49.14704714 48.52644797 47.90584881 47.28524964 46.66465047 46.04405131 45.42345214 44.80285298 44.18225381 43.56165465 42.94105548 42.32045632 41.48314203 40.58803705 39.69293206 38.79782708 37.9027221 37.00761711 36.11251213 35.21740714 34.32230216 33.42719717 32.53209219 31.63698721 30.74188222 29.90805151 28.82880293 27.74955434 26.67030575 25.59105716 24.51180857 23.43255998 22.3533114 21.27406281 20.19481422 19.11556563 18.03631704 16.95706846 15.92343606 14.71411601 13.48793967 12.26176334 11.03558701 9.809410672 8.583234338 7.357058004 6.13088167 4.904705336 3.678529002 2.452352668 1.226176334 0 
53.75351586 53.42695269 53.10038953 52.77382637 52.4472632 52.12070004 51.79413688 51.46757371 51.14101055 50.85362591 50.58994422 49.96934506 49.34874589 48.72814673 48.10754756 47.4869484 46.86634923 46.24575006 45.6251509 45.00455173 44.38395257 43.7633534 43.2025485 42.66934096 41.90886529 41.0877848 40.20047187 39.30536688 38.4102619 37.51515691 36.62005193 35.72494694 34.82984196 33.93473698 33.03963199 32.14452701 31.24942202 30.24398406 29.13924643 28.05060714 26.97135855 25.89210996 24.81286137 23.73361278 22.65436419 21.57511561 20.49586702 19.41661843 18.33736984 17.25812125 16.14020747 14.91403114 13.6878548 12.46167847 11.23550213 10.0093258 8.783149465 7.556973131 6.330796797 5.104620463 3.878444129 2.652267795 1.331687096 0 
53.56083276 53.23426959 52.90770643 52.58114326 52.2545801 51.92801694 51.60145377 51.27793783 51.03408489 50.79023194 50.52655025 49.90595109 49.28535192 48.66475276 48.04415359 47.42355443 46.80295526 46.1823561 45.56175693 44.94115777 44.38771216 43.85450462 43.32129707 42.78808952 42.02761386 41.20653336 40.38545287 39.56437237 38.68329308 37.7881881 36.89308311 35.99797813 35.10287314 34.20776816 33.31266318 32.41755819 31.52245321 30.51701525 29.41227761 28.30753997 27.20280234 26.1120166 25.03276801 23.95351942 22.87427083 21.79502225 20.71577366 19.63652507 18.55727648 17.47802789 16.36011411 15.13393777 13.90776144 12.68158511 11.45540877 10.22923244 9.003056105 7.776879771 6.550703437 5.324527103 3.995061287 2.663374191 1.331687096 0 
53.36814965 53.04158649 52.71502333 52.38846016 52.061897 51.73533383 51.4583968 51.21454386 50.97069092 50.72683798 50.46315629 49.84255712 49.22195796 48.60135879 47.98075963 47.36016046 46.7395613 46.11896213 45.57287582 45.03966827 44.50646073 43.97325318 43.44004564 42.90683809 42.14636242 41.32528193 40.50420143 39.68312094 38.86204044 38.04095995 37.1661143 36.27100931 35.37590433 34.48079934 33.58569436 32.69058938 31.79548439 30.79004643 29.68530879 28.58057116 27.47583352 26.37109588 25.26635825 24.17342606 23.09417747 22.01492889 20.9356803 19.85643171 18.77718312 17.69793453 16.58002075 15.35384441 14.12766808 12.90149175 11.67531541 10.44913908 9.222962745 7.990122573 6.658435478 5.326748382 3.995061287 2.663374191 1.331687096 0 
53.17546655 52.84890339 52.52234022 52.19577706 51.88270872 51.63885578 51.39500284 51.1511499 50.90729695 50.66344401 50.39976232 49.77916316 49.15856399 48.53796483 47.91736566 47.29676649 46.75803948 46.22483193 45.69162439 45.15841684 44.62520929 44.09200175 43.5587942 43.02558665 42.26511099 41.44403049 40.62295 39.8018695 38.98078901 38.15970851 37.33862802 36.51754752 35.64893551 34.75383053 33.85872554 32.96362056 32.06851558 31.06307762 29.95833998 28.85360234 27.7488647 26.64412707 25.53938943 24.43465179 23.32991416 22.23483553 21.15558694 20.07633835 18.99708976 17.91784117 16.79992739 15.57375105 14.34757472 13.12139839 11.89522205 10.65349676 9.321809669 7.990122573 6.658435478 5.326748382 3.995061287 2.663374191 1.331687096 0 
52.98278345 52.65622028 52.32965712 52.0631677 51.81931475 51.57546181 51.33160887 51.08775593 50.84390299 50.60005004 50.33636835 49.71576919 49.09517002 48.47641068 47.94320314 47.40999559 46.87678804 46.3435805 45.81037295 45.2771654 44.74395786 44.21075031 43.67754277 43.14433522 42.38385956 41.56277906 40.74169856 39.92061807 39.09953757 38.27845708 37.45737658 36.63629609 35.81521559 34.9941351 34.13175673 33.23665174 32.34154676 31.3361088 30.23137116 29.12663353 28.02189589 26.91715825 25.81242061 24.70768298 23.60294534 22.4982077 21.39347006 20.29624499 19.2169964 18.13774781 17.01983403 15.79365769 14.56748136 13.31687096 11.98518386 10.65349676 9.321809669 7.990122573 6.658435478 5.326748382 3.995061287 2.663374191 1.331687096 0 
52.79010034 52.48747961 52.24362667 51.99977373 51.75592079 51.51206785 51.2682149 51.02436196 50.78050902 50.53665608 50.27297439 49.66157434 49.12836679 48.59515925 48.0619517 47.52874415 46.99553661 46.46232906 45.92912152 45.39591397 44.86270642 44.32949888 43.79629133 43.26308378 42.50260812 41.68152763 40.86044713 40.03936663 39.21828614 38.39720564 37.57612515 36.75504465 35.93396416 35.11288366 34.29180317 33.47072267 32.61457794 31.60913998 30.50440235 29.39966471 28.29492707 27.19018944 26.0854518 24.98071416 23.87597652 22.77123889 21.66650125 20.56176361 19.45702597 18.35765445 17.23974067 15.98024515 14.64855805 13.31687096 11.98518386 10.65349676 9.321809669 7.990122573 6.658435478 5.326748382 3.995061287 2.663374191 1.331687096 0 
48.24820435 48.18551877 47.94166582 47.69781288 47.45395994 47.210107 46.96625406 46.72240111 46.47854817 46.23469523 45.9756131 45.44240555 44.90919801 44.37599046 43.84278291 43.30957537 42.77636782 42.24316027 41.70995273 41.17674518 40.64353764 40.11033009 39.57712254 39.53026571 39.52465631 38.9870819 38.16600141 37.34492091 36.52384042 35.70275992 34.88167942 34.06059893 33.23951843 32.41843794 31.59735744 30.77627695 29.95519645 29.56322596 29.12943607 28.02469843 26.9199608 25.81522316 24.71048552 23.60574789 22.50101025 21.39627261 20.29153497 19.18679734 18.0820597 16.97732206 15.81286088 14.48117379 13.14948669 11.8177996 10.4861125 9.154425406 7.82273831 6.491051215 5.159364119 3.827677024 2.495989928 1.164302833 0.01305951166 0 
40.08196428 40.05059157 40.01921886 39.86371297 39.61986002 39.37600708 39.13215414 38.8883012 38.64444826 38.40059531 38.14151318 37.60830564 37.07509809 36.54189054 36.008683 35.47547545 34.94226791 34.40906036 33.87585281 33.34264527 32.81496443 32.80679459 32.79862475 32.79045491 32.78484551 32.77991889 32.77499228 32.30614661 31.48506612 30.66398562 29.84290513 29.02182463 28.20074414 27.37966364 26.55858314 25.73750265 24.91642215 24.52445166 24.51868017 24.51290868 24.17166331 23.06692567 21.96218803 20.8574504 19.75271276 18.64797512 17.54323748 16.43849985 15.33376221 14.22902457 13.06456339 11.7328763 10.4011892 9.069502106 7.737815011 6.406127915 5.07444082 3.742753724 2.411066629 1.079379533 0.03917853498 0.02611902332 0.01305951166 0 
31.91572421 31.8843515 31.8529788 31.82160609 31.78576011 31.54190717 31.29805423 31.05420128 30.81034834 30.5664954 30.30741327 29.77420572 29.24099818 28.70779063 28.17458308 27.64137554 27.10816799 26.57496044 26.09149331 26.08332347 26.07515363 26.06698379 26.05881395 26.05064411 26.04503471 26.04010809 26.03518147 26.03025486 26.02532824 25.62521132 24.80413083 23.98305033 23.16196984 22.34088934 21.51980885 20.69872835 19.87764786 19.48567736 19.47990587 19.47413438 19.46836288 19.46259139 19.21389054 18.1091529 17.00441527 15.89967763 14.79493999 13.69020236 12.58546472 11.48072708 10.3162659 8.984578807 7.652891711 6.321204616 4.98951752 3.657830425 2.326143329 0.9944562335 0.0652975583 0.05223804664 0.03917853498 0.02611902332 0.01305951166 0 
23.74948415 23.71811144 23.68673873 23.65536602 23.62399331 23.5926206 23.46395431 23.22010137 22.97624843 22.73239548 22.47331335 21.94010581 21.40689826 20.87369071 20.34048317 19.80727562 19.36802219 19.35985235 19.35168251 19.34351267 19.33534283 19.32717299 19.31900315 19.3108333 19.3052239 19.30029729 19.29537067 19.29044405 19.28551744 19.28059082 19.2756642 18.94427604 18.12319554 17.30211504 16.48103455 15.65995405 14.83887356 14.44690306 14.44113157 14.43536008 14.42958859 14.42381709 14.4180456 14.41227411 14.25611778 13.15138014 12.0466425 10.94190487 9.837167228 8.732429591 7.567968412 6.236281316 4.904594221 3.572907125 2.24122003 0.909532934 0.09141658162 0.07835706996 0.0652975583 0.05223804664 0.03917853498 0.02611902332 0.01305951166 0 
15.58324408 15.55187137 15.52049866 15.48912595 15.45775324 15.42638053 15.39500782 15.36363511 15.14214851 14.89829557 14.63921344 14.10600589 13.57279835 13.0395908 12.64455107 12.63638123 12.62821139 12.62004155 12.61187171 12.60370187 12.59553202 12.58736218 12.57919234 12.5710225 12.5654131 12.56048648 12.55555987 12.55063325 12.54570663 12.54078002 12.5358534 12.53092678 12.52600017 12.26334075 11.44226025 10.62117976 9.80009926 9.408128767 9.402357274 9.396585782 9.390814289 9.385042797 9.379271305 9.373499812 9.36772832 9.361956827 9.298345012 8.193607374 7.088869737 5.9841321 4.819670921 3.487983826 2.15629673 0.8246096344 0.1175356049 0.1044760933 0.09141658162 0.07835706996 0.0652975583 0.05223804664 0.03917853498 0.02611902332 0.01305951166 0 
7.417004008 7.385631299 7.35425859 7.322885881 7.291513172 7.260140463 7.228767754 7.197395044 7.166022335 7.064195654 6.805113523 6.271905976 5.921079949 5.912910108 5.904740267 5.896570426 5.888400585 5.880230744 5.872060903 5.863891062 5.855721221 5.84755138 5.839381539 5.831211698 5.825602297 5.820675681 5.815749064 5.810822447 5.805895831 5.800969214 5.796042597 5.791115981 5.786189364 5.781262748 5.776336131 5.582405458 4.761324963 4.369354469 4.363582976 4.357811484 4.352039992 4.346268499 4.340497007 4.334725514 4.328954022 4.32318253 4.317411037 4.311639545 4.305868053 3.235834609 2.07137343 0.7396863349 0.1436546283 0.1305951166 0.1175356049 0.1044760933 0.09141658162 0.07835706996 0.0652975583 0.05223804664 0.03917853498 0.02611902332 0.01305951166 0 
1.02118182 0.9969619686 0.9655892595 0.9342165504 0.9028438413 0.8714711322 0.840098423 0.8087257139 0.7773530048 0.7459802957 0.7158287902 0.7076589492 0.6994891082 0.6913192672 0.6831494262 0.6749795853 0.6668097443 0.6586399033 0.6504700623 0.6423002214 0.6341303804 0.6259605394 0.6177906984 0.5950737931 0.5205654184 0.5156388018 0.5107121851 0.5057855685 0.5008589518 0.4959323352 0.4910057185 0.4860791019 0.4811524852 0.4762258686 0.4712992519 0.4663726353 0.4614460186 0.4560747306 0.4503032382 0.4445317458 0.4387602534 0.432988761 0.4272172686 0.4214457762 0.4156742838 0.4099027915 0.4041312991 0.3983598067 0.3925883143 0.3868168219 0.2960047953 0.2829452837 0.269885772 0.2568262604 0.2437667487 0.230707237 0.2176477254 0.2045882137 0.191528702 0.1784691904 0.1654096787 0.1523501671 0.1392906554 0 
2.592240095 2.586034847 2.57598825 2.544615541 2.513242832 2.481870122 2.450497413 2.419124704 2.387751995 2.356379286 2.32622778 2.318057939 2.309888098 2.301718258 2.293548417 2.285378576 2.277208735 2.269038894 2.260869053 2.252699212 2.244529371 2.214538933 2.119995897 2.025452862 1.896003082 1.757244836 1.662157965 1.657231348 1.652304732 1.647378115 1.642451498 1.637524882 1.632598265 1.627671648 1.622745032 1.617818415 1.612891798 1.60752051 1.601749018 1.595977526 1.590206033 1.584434541 1.578663048 1.572891556 1.567120064 1.561348571 1.555577079 1.549805586 1.384715711 1.159592823 0.9902760859 0.9772165743 0.9641570626 0.951097551 0.9380380393 0.9249785276 0.911919016 0.8988595043 0.8857999927 0.872740481 0.8596809693 0.6923389486 0.3461694743 0 
4.16329837 4.157093122 4.150887874 4.144682626 4.123641822 4.092269113 4.060896404 4.029523695 3.998150985 3.966778276 3.936626771 3.92845693 3.920287089 3.912117248 3.903947407 3.895777566 3.887607725 3.879437884 3.871268043 3.834004073 3.739461037 3.644918002 3.550374966 3.45583193 3.32638215 3.187623905 3.04886566 2.910107415 2.803750511 2.798823895 2.793897278 2.788970661 2.784044045 2.779117428 2.774190811 2.769264195 2.764337578 2.75896629 2.753194798 2.747423305 2.741651813 2.73588032 2.730108828 2.724337336 2.718565843 2.712794351 2.529232779 2.304109891 2.078987002 1.853864113 1.684547377 1.671487865 1.658428353 1.645368842 1.63230933 1.619249818 1.606190307 1.593130795 1.580071283 1.384677897 1.038508423 0.6923389486 0.3461694743 0 
5.734356645 5.728151397 5.721946149 5.715740901 5.709535653 5.702668103 5.671295394 5.639922685 5.608549976 5.577177267 5.547025761 5.53885592 5.530686079 5.522516238 5.514346397 5.506176556 5.498006715 5.453469213 5.358926177 5.264383142 5.169840106 5.07529707 4.980754035 4.886210999 4.756761219 4.618002974 4.479244728 4.340486483 4.201728238 4.062969993 3.945343058 3.940416441 3.935489824 3.930563208 3.925636591 3.920709974 3.915783358 3.91041207 3.904640577 3.898869085 3.893097593 3.8873261 3.881554608 3.875783115 3.673749847 3.448626959 3.22350407 2.998381181 2.773258293 2.548135404 2.378818667 2.365759155 2.352699644 2.339640132 2.326580621 2.313521109 2.300461597 2.077016846 1.730847372 1.384677897 1.038508423 0.6923389486 0.3461694743 0 
7.30541492 7.299209672 7.293004424 7.286799176 7.280593928 7.27438868 7.268183431 7.250321675 7.218948966 7.187576257 7.157424751 7.14925491 7.141085069 7.132915228 7.124745387 7.072934353 6.978391318 6.883848282 6.789305246 6.69476221 6.600219175 6.505676139 6.411133103 6.316590067 6.187140287 6.048382042 5.909623797 5.770865552 5.632107307 5.493349062 5.354590817 5.215832571 5.086935604 5.082008987 5.077082371 5.072155754 5.067229138 5.061857849 5.056086357 5.050314865 5.044543372 5.03877188 4.818266915 4.593144027 4.368021138 4.142898249 3.917775361 3.692652472 3.467529583 3.242406695 3.073089958 3.060030446 3.046970934 3.033911423 3.020851911 2.769355795 2.42318632 2.077016846 1.730847372 1.384677897 1.038508423 0.6923389486 0.3461694743 0 
8.876473195 8.870267947 8.864062699 8.857857451 8.851652203 8.845446955 8.839241706 8.833036458 8.82683121 8.797975247 8.767823742 8.759653901 8.75148406 8.692399493 8.597856458 8.503313422 8.408770386 8.31422735 8.219684315 8.125141279 8.030598243 7.936055207 7.841512172 7.746969136 7.617519356 7.478761111 7.340002866 7.20124462 7.062486375 6.92372813 6.784969885 6.64621164 6.507453395 6.36869515 6.229936905 6.223601534 6.218674917 6.213303629 6.207532137 6.187906872 5.962783983 5.737661095 5.512538206 5.287415317 5.062292429 4.83716954 4.612046651 4.386923763 4.161800874 3.936677985 3.767361248 3.754301737 3.741242225 3.461694743 3.115525269 2.769355795 2.42318632 2.077016846 1.730847372 1.384677897 1.038508423 0.6923389486 0.3461694743 0 
10.44753147 10.44132622 10.43512097 10.42891573 10.42271048 10.41650523 10.41029998 10.40409473 10.39788949 10.39168424 10.37822273 10.31186463 10.2173216 10.12277856 10.02823553 9.93369249 9.839149455 9.744606419 9.650063383 9.555520347 9.460977312 9.366434276 9.27189124 9.177348204 9.047898424 8.909140179 8.770381934 8.631623689 8.492865444 8.354107199 8.215348954 8.076590709 7.937832463 7.799074218 7.660315973 7.521557728 7.382799483 7.33242394 7.107301051 6.882178163 6.657055274 6.431932385 6.206809497 5.981686608 5.756563719 5.531440831 5.306317942 5.081195053 4.856072164 4.630949276 4.461632539 4.154033692 3.807864218 3.461694743 3.115525269 2.769355795 2.42318632 2.077016846 1.730847372 1.384677897 1.038508423 0.6923389486 0.3461694743 0 
9.473409763 9.499849982 9.502751101 9.496545853 9.490340605 9.484135356 9.477930108 9.47172486 9.465519612 9.459314364 9.453036564 9.445452831 9.407662182 9.313119146 9.21857611 9.124033074 9.029490039 8.934947003 8.840403967 8.745860931 8.651317896 8.55677486 8.462231824 8.367688788 8.238239008 8.099480763 7.960722518 7.821964273 7.683206028 7.544447783 7.405689538 7.266931292 7.128173047 6.989414802 6.850656557 6.740010391 6.722645217 6.699787904 6.671987668 6.482175148 6.25705226 6.031929371 5.806806482 5.581683593 5.356560705 5.131437816 4.906314927 4.681192039 4.45606915 4.230946261 3.973969008 3.627799534 3.281630059 2.935460585 2.589291111 2.243121636 1.896952162 1.550782688 1.204613213 0.8584437391 0.5122742648 0.1661047905 0.03757536924 0 
7.933692505 7.960132723 7.986572942 8.007858613 8.001653365 7.995448117 7.989242869 7.983037621 7.976832373 7.970627125 7.964349325 7.956765591 7.949181858 7.941598124 7.911130364 7.816587328 7.722044293 7.627501257 7.532958221 7.438415185 7.34387215 7.249329114 7.154786078 7.060243042 6.930793262 6.792035017 6.653276772 6.514518527 6.375760282 6.237002037 6.098243792 5.959485546 5.820727301 5.72030371 5.702938536 5.685573361 5.668208187 5.645350874 5.617550637 5.5897504 5.561950164 5.388754289 5.1636314 4.938508511 4.713385623 4.488262734 4.263139845 4.038016957 3.812894068 3.587771179 3.330793926 2.984624452 2.638454977 2.292285503 1.946116029 1.599946554 1.25377708 0.9076076056 0.5614381313 0.215268657 0.1127261077 0.07515073848 0.03757536924 0 
6.393975246 6.420415465 6.446855684 6.473295902 6.499736121 6.506760878 6.50055563 6.494350382 6.488145134 6.481939885 6.475662085 6.468078352 6.460494619 6.452910885 6.445327152 6.437743418 6.414598547 6.320055511 6.225512475 6.130969439 6.036426404 5.941883368 5.847340332 5.752797296 5.623347516 5.484589271 5.345831026 5.207072781 5.068314536 4.929556291 4.790798046 4.700597029 4.683231854 4.66586668 4.648501505 4.631136331 4.613771156 4.590913844 4.563113607 4.53531337 4.507513133 4.479712897 4.45191266 4.295333429 4.07021054 3.845087652 3.619964763 3.394841874 3.169718986 2.944596097 2.687618844 2.341449369 1.995279895 1.649110421 1.302940946 0.9567714721 0.6106019978 0.2644325234 0.1878768462 0.150301477 0.1127261077 0.07515073848 0.03757536924 0 
4.854257988 4.880698206 4.907138425 4.933578644 4.960018863 4.986459081 5.011868391 5.005663142 4.999457894 4.993252646 4.986974846 4.979391113 4.971807379 4.964223646 4.956639912 4.949056179 4.941472446 4.933888712 4.918066729 4.823523693 4.728980658 4.634437622 4.539894586 4.44535155 4.31590177 4.177143525 4.03838528 3.899627035 3.76086879 3.680890347 3.663525173 3.646159998 3.628794824 3.611429649 3.594064475 3.576699301 3.559334126 3.536476814 3.508676577 3.48087634 3.453076103 3.425275866 3.397475629 3.369675393 3.341875156 3.20191257 2.976789681 2.751666792 2.526543904 2.301421015 2.044443762 1.698274287 1.352104813 1.005935339 0.6597658642 0.3135963899 0.2630275847 0.2254522154 0.1878768462 0.150301477 0.1127261077 0.07515073848 0.03757536924 0 
3.314540729 3.340980948 3.367421167 3.393861385 3.420301604 3.446741823 3.473182041 3.49962226 3.510770655 3.504565407 3.498287607 3.490703873 3.48312014 3.475536407 3.467952673 3.46036894 3.452785206 3.445201473 3.43761774 3.430034006 3.421534912 3.326991876 3.23244884 3.137905804 3.008456024 2.869697779 2.730939534 2.661183666 2.643818491 2.626453317 2.609088143 2.591722968 2.574357794 2.556992619 2.539627445 2.52226227 2.504897096 2.482039783 2.454239546 2.42643931 2.398639073 2.370838836 2.343038599 2.315238362 2.287438126 2.259637889 2.231837652 2.10849171 1.883368821 1.658245933 1.401268679 1.055099205 0.7089297307 0.3757536924 0.3381783231 0.3006029539 0.2630275847 0.2254522154 0.1878768462 0.150301477 0.1127261077 0.07515073848 0.03757536924 0 
1.774823471 1.801263689 1.827703908 1.854144127 1.880584346 1.907024564 1.933464783 1.959905002 1.98634522 2.012785439 2.009600368 2.002016634 1.994432901 1.986849167 1.979265434 1.971681701 1.964097967 1.956514234 1.9489305 1.941346767 1.933763033 1.9261793 1.918595567 1.830460058 1.701010278 1.641476985 1.62411181 1.606746636 1.589381461 1.572016287 1.554651112 1.537285938 1.519920763 1.502555589 1.485190414 1.46782524 1.450460066 1.427602753 1.399802516 1.372002279 1.344202043 1.316401806 1.288601569 1.260801332 1.233001095 1.205200858 1.177400622 1.149600385 1.121800148 1.01507085 0.7580935972 0.4509044309 0.4133290616 0.3757536924 0.3381783231 0.3006029539 0.2630275847 0.2254522154 0.1878768462 0.150301477 0.1127261077 0.07515073848 0.03757536924 0 
0.9341787977 0.9508382664 0.9772784852 1.003718704 1.030158923 1.056599141 1.08303936 1.109479579 1.135919798 1.162360016 1.187009501 1.179425767 1.171842034 1.1642583 1.156674567 1.149090834 1.1415071 1.133923367 1.126339633 1.1187559 1.111172166 1.103588433 1.0960047 1.080036636 1.059599727 1.041687461 1.024322286 1.006957112 0.9895919372 0.9722267627 0.9548615883 0.9374964138 0.9201312394 0.9027660649 0.8854008904 0.868035716 0.8506705415 0.8341921253 0.8114950056 0.7836947688 0.755894532 0.7280942952 0.7002940583 0.6724938215 0.6446935847 0.6168933479 0.5890931111 0.5612928743 0.5334926375 0.5056924007 0.4753197606 0.4377443913 0.4001690221 0.3625936529 0.3250182836 0.2874429144 0.2498675452 0.2122921759 0.1747168067 0.1371414374 0.0995660682 0.06199069897 0.02441532973 0 
0.9324212275 0.9450959463 0.957770665 0.9804434838 1.006883702 1.033323921 1.05976414 1.086204359 1.112644577 1.139084796 1.163734281 1.156150547 1.148566814 1.14098308 1.133399347 1.125815613 1.11823188 1.110648147 1.103064413 1.09548068 1.087896946 1.070970674 1.052008207 1.03304574 1.012608831 0.9917787378 0.9709486447 0.9527445952 0.9353794207 0.9180142463 0.9006490718 0.8832838974 0.8659187229 0.8485535484 0.831188374 0.8138231995 0.796458025 0.7799796089 0.7642992751 0.7486189414 0.726942445 0.6991422082 0.6713419714 0.6435417346 0.6157414978 0.587941261 0.5601410242 0.5323407874 0.5045405506 0.4767403137 0.4463676737 0.4087923044 0.3712169352 0.333641566 0.2960661967 0.2584908275 0.2209154582 0.183340089 0.1457647198 0.1081893505 0.07105264927 0.04736843285 0.02368421642 0 
0.9306636574 0.9433383761 0.9560130949 0.9686878136 0.9836084824 1.010048701 1.03648892 1.062929139 1.089369357 1.115809576 1.14045906 1.132875327 1.125291594 1.11770786 1.110124127 1.102540393 1.09495666 1.087372926 1.079789193 1.061904711 1.042942244 1.023979777 1.00501731 0.9860548429 0.9656179343 0.9447878412 0.9239577481 0.903127655 0.8822975619 0.8638017298 0.8464365554 0.8290713809 0.8117062064 0.794341032 0.7769758575 0.759610683 0.7422455086 0.7257670924 0.7100867586 0.6944064249 0.6787260911 0.6630457574 0.6423898845 0.6145896477 0.5867894109 0.5589891741 0.5311889373 0.5033887004 0.4755884636 0.4477882268 0.4174155867 0.3798402175 0.3422648483 0.304689479 0.2671141098 0.2295387406 0.1919633713 0.1543880021 0.1184210821 0.09473686569 0.07105264927 0.04736843285 0.02368421642 0 
0.9289060873 0.941580806 0.9542555247 0.9669302435 0.9796049622 0.992279681 1.0132137 1.039653918 1.066094137 1.092534356 1.11718384 1.109600107 1.102016373 1.09443264 1.086848907 1.079265173 1.07168144 1.052838749 1.033876282 1.014913815 0.9959513476 0.9769888805 0.9580264134 0.9390639463 0.9186270377 0.8977969446 0.8769668515 0.8561367584 0.8353066653 0.8144765722 0.7936464792 0.7748588644 0.75749369 0.7401285155 0.722763341 0.7053981666 0.6880329921 0.6715545759 0.6558742422 0.6401939084 0.6245135747 0.6088332409 0.5931529072 0.5774725734 0.557837324 0.5300370871 0.5022368503 0.4744366135 0.4466363767 0.4188361399 0.3884634998 0.3508881306 0.3133127613 0.2757373921 0.2381620229 0.2005866536 0.165789515 0.1421052985 0.1184210821 0.09473686569 0.07105264927 0.04736843285 0.02368421642 0 
0.9271485171 0.9398232358 0.9524979546 0.9651726733 0.9778473921 0.9905221108 1.00319683 1.016378698 1.042818917 1.069259136 1.09390862 1.086324887 1.078741153 1.07115742 1.062735253 1.043772786 1.024810319 1.005847852 0.9868853851 0.967922918 0.948960451 0.9299979839 0.9110355168 0.8920730497 0.8716361411 0.850806048 0.8299759549 0.8091458618 0.7883157687 0.7674856756 0.7466555826 0.7258254895 0.7049953964 0.685915999 0.6685508246 0.6511856501 0.6338204757 0.6173420595 0.6016617257 0.585981392 0.5703010582 0.5546207245 0.5389403907 0.523260057 0.5075797232 0.4918993895 0.4732847634 0.4454845266 0.4176842898 0.389884053 0.3595114129 0.3219360437 0.2843606744 0.2467853052 0.2131579478 0.1894737314 0.165789515 0.1421052985 0.1184210821 0.09473686569 0.07105264927 0.04736843285 0.02368421642 0 
0.925390947 0.9380656657 0.9507403844 0.9634151032 0.9760898219 0.9887645407 1.001439259 1.014113978 1.026788697 1.045983916 1.0706334 1.063049667 1.053669291 1.034706824 1.015744357 0.9967818898 0.9778194227 0.9588569556 0.9398944885 0.9209320214 0.9019695544 0.8830070873 0.8640446202 0.8450821531 0.8246452445 0.8038151514 0.7829850583 0.7621549652 0.7413248721 0.720494779 0.699664686 0.6788345929 0.6580044998 0.6371744067 0.6163443136 0.5969731337 0.5796079592 0.563129543 0.5474492093 0.5317688755 0.5160885418 0.500408208 0.4847278743 0.4690475405 0.4533672068 0.437686873 0.4220065393 0.4063262055 0.3887322029 0.3609319661 0.330559326 0.2929839567 0.2605263807 0.2368421642 0.2131579478 0.1894737314 0.165789515 0.1421052985 0.1184210821 0.09473686569 0.07105264927 0.04736843285 0.02368421642 0 
0.9143218115 0.9291985161 0.9418732349 0.9545479536 0.9672226723 0.9798973911 0.9925721098 1.005246829 1.017921547 1.030596266 1.04160587 1.022643403 1.003680936 0.9847184685 0.9657560014 0.9467935343 0.9278310672 0.9088686002 0.8899061331 0.870943666 0.8519811989 0.8330187318 0.8140562648 0.7950937977 0.7787254558 0.7578953628 0.7370652697 0.7162351766 0.6954050835 0.6745749904 0.6537448973 0.6329148043 0.6120847112 0.5912546181 0.570424525 0.5495944319 0.5287643389 0.5106446454 0.4949643117 0.4792839779 0.4636036442 0.4479233104 0.4322429767 0.4165626429 0.4008823092 0.3852019754 0.3695216417 0.3538413079 0.3381609742 0.3224806405 0.3066592156 0.2829749992 0.2592907828 0.2356065664 0.2119223499 0.1882381335 0.1645539171 0.1408697007 0.1171854842 0.09350126782 0.06981705139 0.04613283497 0.02244861855 0 
0.8101370235 0.8383071982 0.8619102911 0.8745850098 0.8872597286 0.8999344473 0.912609166 0.9252838848 0.9379586035 0.9506333223 0.961642926 0.9426804589 0.9237179918 0.9047555247 0.8857930576 0.8668305906 0.8478681235 0.8289056564 0.8099431893 0.7909807222 0.7720182551 0.7533769507 0.7394995595 0.7256221682 0.71919363 0.7147514527 0.7018565609 0.6810264678 0.6601963748 0.6393662817 0.6185361886 0.5977060955 0.5768760024 0.5560459093 0.5352158163 0.5143857232 0.4935556301 0.4754359367 0.4597556029 0.4440752692 0.4283949354 0.4127146017 0.3970342679 0.3813539342 0.3656736004 0.3499932667 0.3343129329 0.3186325992 0.3085203146 0.3032118372 0.293067639 0.2693834226 0.2456992061 0.2220149897 0.1983307733 0.1746465569 0.1509623405 0.127278124 0.1035939076 0.07990969119 0.05622547476 0.03432601083 0.01716300541 0 
0.7059522354 0.7341224101 0.7622925848 0.7904627595 0.8072967848 0.8199715035 0.8326462223 0.845320941 0.8579956597 0.8706703785 0.8816799822 0.8627175151 0.843755048 0.8247925809 0.8058301139 0.7868676468 0.7679051797 0.7489427126 0.7299802455 0.711767158 0.6978897668 0.6840123755 0.6701349842 0.6562575929 0.6498290547 0.6453868774 0.6409447001 0.6365025228 0.624987666 0.6041575729 0.5833274798 0.5624973868 0.5416672937 0.5208372006 0.5000071075 0.4791770144 0.4583469213 0.4402272279 0.4245468942 0.4088665604 0.3931862267 0.3775058929 0.3618255592 0.3461452254 0.3304648917 0.3147845579 0.3055456928 0.3002372154 0.294928738 0.2896202606 0.2794760624 0.2557918459 0.2321076295 0.2084234131 0.1847391967 0.1610549802 0.1373707638 0.1136865474 0.09000233098 0.06865202165 0.05148901624 0.03432601083 0.01716300541 0 
0.6017674474 0.6299376221 0.6581077967 0.6862779714 0.7144481461 0.7400085597 0.7526832785 0.7653579972 0.778032716 0.7907074347 0.8017170384 0.7827545713 0.7637921042 0.7448296372 0.7258671701 0.706904703 0.6879422359 0.6701573653 0.656279974 0.6424025828 0.6285251915 0.6146478002 0.6007704089 0.5868930176 0.5804644795 0.5760223021 0.5715801248 0.5671379475 0.5626957702 0.5582535928 0.5481187711 0.527288678 0.5064585849 0.4856284918 0.4647983988 0.4439683057 0.4231382126 0.4050185192 0.3893381854 0.3736578517 0.3579775179 0.3422971842 0.3266168504 0.3109365167 0.3025710711 0.2972625936 0.2919541162 0.2866456388 0.2813371614 0.2760286839 0.2658844857 0.2422002693 0.2185160529 0.1948318365 0.17114762 0.1474634036 0.1237791872 0.1029780325 0.08581502707 0.06865202165 0.05148901624 0.03432601083 0.01716300541 0 
0.4975826593 0.525752834 0.5539230087 0.5820931834 0.610263358 0.6384335327 0.6666037074 0.6853950534 0.6980697722 0.7107444909 0.7217540946 0.7027916275 0.6838291605 0.6648666934 0.6459042263 0.6285475726 0.6146701813 0.6007927901 0.5869153988 0.5730380075 0.5591606162 0.5452832249 0.5314058336 0.5175284423 0.5110999042 0.5066577269 0.5022155495 0.4977733722 0.4933311949 0.4888890175 0.4844468402 0.4800046629 0.4712498762 0.4504197831 0.42958969 0.4087595969 0.3879295038 0.3698098104 0.3541294767 0.3384491429 0.3227688092 0.3070884754 0.2995964493 0.2942879719 0.2889794944 0.283671017 0.2783625396 0.2730540622 0.2677455847 0.2624371073 0.2522929091 0.2286086927 0.2049244763 0.1812402598 0.1575560434 0.1373040433 0.1201410379 0.1029780325 0.08581502707 0.06865202165 0.05148901624 0.03432601083 0.01716300541 0 
0.3933978713 0.421568046 0.4497382206 0.4779083953 0.50607857 0.5342487446 0.5624189193 0.590589094 0.6181068284 0.6307815471 0.6417911508 0.6228286838 0.6038662167 0.5869377799 0.5730603886 0.5591829973 0.5453056061 0.5314282148 0.5175508235 0.5036734322 0.4897960409 0.4759186496 0.4620412583 0.4481638671 0.4417353289 0.4372931516 0.4328509742 0.4284087969 0.4239666196 0.4195244423 0.4150822649 0.4106400876 0.4061979103 0.401755733 0.3943809812 0.3735508882 0.3527207951 0.3346011016 0.3189207679 0.3032404341 0.2966218275 0.2913133501 0.2860048727 0.2806963952 0.2753879178 0.2700794404 0.264770963 0.2594624855 0.2541540081 0.2488455307 0.2387013325 0.215017116 0.1913328996 0.1716300541 0.1544670487 0.1373040433 0.1201410379 0.1029780325 0.08581502707 0.06865202165 0.05148901624 0.03432601083 0.01716300541 0 
0.2892130832 0.3173832579 0.3455534326 0.3737236073 0.4018937819 0.4300639566 0.4582341313 0.4864043059 0.5145744806 0.5427446553 0.5618282071 0.5453279872 0.5314505959 0.5175732046 0.5036958134 0.4898184221 0.4759410308 0.4620636395 0.4481862482 0.4343088569 0.4204314656 0.4065540744 0.3926766831 0.3787992918 0.3723707536 0.3679285763 0.363486399 0.3590442216 0.3546020443 0.350159867 0.3457176897 0.3412755123 0.336833335 0.3323911577 0.3279489804 0.323506803 0.3175120863 0.2993923929 0.2936472057 0.2883387283 0.2830302509 0.2777217734 0.272413296 0.2671048186 0.2617963412 0.2564878638 0.2511793863 0.2458709089 0.2405624315 0.2352539541 0.2251097558 0.205956065 0.1887930595 0.1716300541 0.1544670487 0.1373040433 0.1201410379 0.1029780325 0.08581502707 0.06865202165 0.05148901624 0.03432601083 0.01716300541 0 
0.2463125096 0.2593283812 0.2874985559 0.3156687306 0.3438389052 0.3720090799 0.4001792546 0.4283494292 0.4565196039 0.4846897786 0.5113584615 0.5070156799 0.4931382886 0.4792608974 0.4653835061 0.4515061148 0.4376287235 0.4237513322 0.4098739409 0.3959965496 0.3821191584 0.3682417671 0.3543643758 0.3404869845 0.3340584463 0.329616269 0.3251740917 0.3207319144 0.316289737 0.3118475597 0.3074053824 0.3029632051 0.2985210277 0.2940788504 0.2896366731 0.2851944957 0.2818608067 0.2788101624 0.2735016849 0.2681932075 0.2628847301 0.2575762527 0.2522677752 0.2469592978 0.2416508204 0.236342343 0.2310338655 0.2257253881 0.2204169107 0.2152124187 0.2148318911 0.205956065 0.1887930595 0.1716300541 0.1544670487 0.1373040433 0.1201410379 0.1029780325 0.08581502707 0.06865202165 0.05148901624 0.03432601083 0.01716300541 0 
0.2263935164 0.2279033431 0.2467423959 0.2749125706 0.3030827453 0.33125292 0.3594230946 0.3875932693 0.415763444 0.4439336186 0.4706023016 0.470244133 0.4664705819 0.4525931906 0.4387157993 0.424838408 0.4109610167 0.3970836254 0.3832062341 0.3693288429 0.3554514516 0.3415740603 0.327696669 0.3138192777 0.3073907395 0.3029485622 0.2985063849 0.2940642076 0.2896220302 0.2851798529 0.2807376756 0.2762954983 0.2718533209 0.2674111436 0.2629689663 0.2597994977 0.2592575568 0.2562069125 0.2508984351 0.2455899577 0.2402814802 0.2349730028 0.2296645254 0.224356048 0.2190475705 0.2137390931 0.2084306157 0.2031221383 0.198125617 0.1977564454 0.1973759178 0.1969635939 0.1887930595 0.1716300541 0.1544670487 0.1373040433 0.1201410379 0.1029780325 0.08581502707 0.06865202165 0.05148901624 0.03432601083 0.01716300541 0 
0.2064745232 0.2079843499 0.2094941765 0.2341564107 0.2623265853 0.29049676 0.3186669347 0.3468371094 0.375007284 0.4031774587 0.4298461416 0.4294879731 0.4291298045 0.4259254838 0.4120480925 0.3981707012 0.3842933099 0.3704159186 0.3565385273 0.3426611361 0.3287837448 0.3149063535 0.3010289622 0.2871515709 0.2807230328 0.2762808554 0.2718386781 0.2673965008 0.2629543235 0.2585121461 0.2540699688 0.2496277915 0.2451856142 0.2407434368 0.2377381887 0.2371962479 0.236654307 0.2336036627 0.2282951853 0.2229867078 0.2176782304 0.212369753 0.2070612756 0.2017527981 0.1964443207 0.1911358433 0.1858273659 0.1810388154 0.1806696437 0.1803004721 0.1799199445 0.1795076206 0.1790952966 0.1716300541 0.1544670487 0.1373040433 0.1201410379 0.1029780325 0.08581502707 0.06865202165 0.05148901624 0.03432601083 0.01716300541 0 
0.18655553 0.1880653567 0.1895751833 0.1934002507 0.2215704254 0.2497406001 0.2779107747 0.3060809494 0.3342511241 0.3624212988 0.3890899817 0.3887318131 0.3883736446 0.388015476 0.3853803857 0.3715029944 0.3576256031 0.3437482118 0.3298708206 0.3159934293 0.302116038 0.2882386467 0.2743612554 0.2604838641 0.254055326 0.2496131486 0.2451709713 0.240728794 0.2362866167 0.2318444393 0.227402262 0.2229600847 0.2185179074 0.2156768797 0.2151349389 0.214592998 0.2140510572 0.2110004128 0.2056919354 0.200383458 0.1950749806 0.1897665031 0.1844580257 0.1791495483 0.1738410709 0.1685325934 0.1639520137 0.1635828421 0.1632136704 0.1628444988 0.1624639713 0.1620516473 0.1616393233 0.1612269993 0.1544670487 0.1373040433 0.1201410379 0.1029780325 0.08581502707 0.06865202165 0.05148901624 0.03432601083 0.01716300541 0 
0.1666365368 0.1681463635 0.1696561901 0.1711660168 0.1808142655 0.2089844401 0.2371546148 0.2653247895 0.2934949641 0.3216651388 0.3483338217 0.3479756532 0.3476174846 0.347259316 0.3469011475 0.3448352876 0.3309578963 0.3170805051 0.3032031138 0.2893257225 0.2754483312 0.2615709399 0.2476935486 0.2338161573 0.2273876192 0.2229454419 0.2185032645 0.2140610872 0.2096189099 0.2051767326 0.2007345552 0.1962923779 0.1936155708 0.1930736299 0.192531689 0.1919897482 0.1914478073 0.188397163 0.1830886856 0.1777802081 0.1724717307 0.1671632533 0.1618547759 0.1565462984 0.151237821 0.1468652121 0.1464960404 0.1461268688 0.1457576971 0.1453885255 0.145007998 0.144595674 0.14418335 0.143771026 0.1433587021 0.1373040433 0.1201410379 0.1029780325 0.08581502707 0.06865202165 0.05148901624 0.03432601083 0.01716300541 0 
0.1467175436 0.1482273703 0.1497371969 0.1512470236 0.1527568502 0.1682282802 0.1963984549 0.2245686295 0.2527388042 0.2809089789 0.3075776618 0.3072194932 0.3068613247 0.3065031561 0.3061449875 0.305786819 0.3042901896 0.2904127983 0.276535407 0.2626580157 0.2487806244 0.2349032331 0.2210258418 0.2071484506 0.2007199124 0.1962777351 0.1918355577 0.1873933804 0.1829512031 0.1785090258 0.1740668484 0.1715542618 0.1710123209 0.1704703801 0.1699284392 0.1693864983 0.1688445575 0.1657939132 0.1604854357 0.1551769583 0.1498684809 0.1445600035 0.139251526 0.1339430486 0.1297784104 0.1294092388 0.1290400671 0.1286708955 0.1283017238 0.1279325522 0.1275520247 0.1271397007 0.1267273767 0.1263150528 0.1259027288 0.1254904048 0.1201410379 0.1029780325 0.08581502707 0.06865202165 0.05148901624 0.03432601083 0.01716300541 0 
0.1267985504 0.1283083771 0.1298182037 0.1313280304 0.132837857 0.1343476837 0.1556422949 0.1838124696 0.2119826443 0.2401528189 0.2668215019 0.2664633333 0.2661051647 0.2657469962 0.2653888276 0.265030659 0.2646724905 0.2637450915 0.2498677002 0.2359903089 0.2221129176 0.2082355263 0.1943581351 0.1804807438 0.1740522056 0.1696100283 0.165167851 0.1607256736 0.1562834963 0.151841319 0.1494929528 0.1489510119 0.1484090711 0.1478671302 0.1473251894 0.1467832485 0.1462413076 0.1431906633 0.1378821859 0.1325737085 0.127265231 0.1219567536 0.1166482762 0.1126916088 0.1123224371 0.1119532655 0.1115840938 0.1112149222 0.1108457505 0.1104765789 0.1100960514 0.1096837274 0.1092714034 0.1088590795 0.1084467555 0.1080344315 0.1076221076 0.1029780325 0.08581502707 0.06865202165 0.05148901624 0.03432601083 0.01716300541 0 
0.1068795572 0.1083893839 0.1098992105 0.1114090372 0.1129188638 0.1144286905 0.1159385171 0.1430563097 0.1712264843 0.199396659 0.2260653419 0.2257071734 0.2253490048 0.2249908362 0.2246326677 0.2242744991 0.2239163305 0.223558162 0.2231999934 0.2093226021 0.1954452108 0.1815678195 0.1676904283 0.153813037 0.1473844988 0.1429423215 0.1385001442 0.1340579668 0.1296157895 0.1274316438 0.126889703 0.1263477621 0.1258058212 0.1252638804 0.1247219395 0.1241799987 0.1236380578 0.1205874135 0.115278936 0.1099704586 0.1046619812 0.09935350377 0.09560480712 0.09523563548 0.09486646383 0.09449729219 0.09412812054 0.09375894889 0.09338977725 0.0930206056 0.09264007808 0.09222775411 0.09181543014 0.09140310617 0.0909907822 0.09057845823 0.09016613426 0.08975381029 0.08581502707 0.06865202165 0.05148901624 0.03432601083 0.01716300541 0 
0.08696056399 0.08847039065 0.08998021731 0.09149004397 0.09299987062 0.09450969728 0.09601952394 0.1023001497 0.1304703244 0.1586404991 0.185309182 0.1849510134 0.1845928449 0.1842346763 0.1838765077 0.1835183392 0.1831601706 0.182802002 0.1824438335 0.1820856649 0.168777504 0.1549001128 0.1410227215 0.1271453302 0.120716792 0.1162746147 0.1118324374 0.1073902601 0.1053703348 0.104828394 0.1042864531 0.1037445123 0.1032025714 0.1026606305 0.1021186897 0.1015767488 0.1010348079 0.09798416363 0.09267568621 0.08736720878 0.08205873136 0.07851800547 0.07814883383 0.07777966218 0.07741049054 0.07704131889 0.07667214725 0.0763029756 0.07593380396 0.07556463231 0.07518410479 0.07477178082 0.07435945685 0.07394713288 0.07353480891 0.07312248494 0.07271016097 0.072297837 0.07188551302 0.06865202165 0.05148901624 0.03432601083 0.01716300541 0 
0.06704157079 0.06855139745 0.07006122411 0.07157105076 0.07308087742 0.07459070408 0.07610053074 0.07761035739 0.08971416445 0.1178843391 0.144553022 0.1441948535 0.1438366849 0.1434785163 0.1431203478 0.1427621792 0.1424040107 0.1420458421 0.1416876735 0.141329505 0.1409713364 0.128232406 0.1143550147 0.1004776234 0.09404908524 0.08960690791 0.08516473059 0.08330902586 0.082767085 0.08222514414 0.08168320328 0.08114126242 0.08059932155 0.08005738069 0.07951543983 0.07897349897 0.07843155811 0.07538091379 0.07007243636 0.06476395894 0.06143120383 0.06106203218 0.06069286054 0.06032368889 0.05995451725 0.0595853456 0.05921617395 0.05884700231 0.05847783066 0.05810865902 0.0577281315 0.05731580753 0.05690348356 0.05649115959 0.05607883562 0.05566651164 0.05525418767 0.0548418637 0.05442953973 0.05401721576 0.05148901624 0.03432601083 0.01716300541 0 
0.04712257759 0.04863240425 0.0501422309 0.05165205756 0.05316188422 0.05467171088 0.05618153753 0.05769136419 0.05920119085 0.07712817918 0.1037968621 0.1034386935 0.103080525 0.1027223564 0.1023641878 0.1020060193 0.1016478507 0.1012896821 0.1009315136 0.100573345 0.1002151765 0.09985700789 0.0876873079 0.07380991661 0.06738137845 0.06293920113 0.06124771689 0.06070577602 0.06016383516 0.0596218943 0.05907995344 0.05853801257 0.05799607171 0.05745413085 0.05691218999 0.05637024913 0.05582830826 0.05277766395 0.04746918652 0.04434440218 0.04397523053 0.04360605889 0.04323688724 0.0428677156 0.04249854395 0.04212937231 0.04176020066 0.04139102902 0.04102185737 0.04065268573 0.04027215821 0.03985983423 0.03944751026 0.03903518629 0.03862286232 0.03821053835 0.03779821438 0.03738589041 0.03697356644 0.03656124247 0.0361489185 0.03432601083 0.01716300541 0 
0.02720358438 0.02871341104 0.0302232377 0.03173306436 0.03324289101 0.03475271767 0.03626254433 0.03777237099 0.03928219765 0.0407920243 0.06304070216 0.0626825336 0.06232436503 0.06196619647 0.0616080279 0.06124985934 0.06089169077 0.06053352221 0.06017535365 0.05981718508 0.05945901652 0.05910084795 0.05874267939 0.04714220982 0.04071367166 0.03918640791 0.03864446704 0.03810252618 0.03756058532 0.03701864446 0.03647670359 0.03593476273 0.03539282187 0.03485088101 0.03430894015 0.03376699928 0.03322505842 0.03017441411 0.02725760053 0.02688842889 0.02651925724 0.0261500856 0.02578091395 0.02541174231 0.02504257066 0.02467339901 0.02430422737 0.02393505572 0.02356588408 0.02319671243 0.02281618491 0.02240386094 0.02199153697 0.021579213 0.02116688903 0.02075456506 0.02034224109 0.01992991712 0.01951759315 0.01910526918 0.01869294521 0.01828062123 0.01716300541 0 
0.007284591181 0.008794417839 0.0103042445 0.01181407115 0.01332389781 0.01483372447 0.01634355113 0.01785337778 0.01936320444 0.0208730311 0.02228454222 0.02192637365 0.02156820509 0.02121003653 0.02085186796 0.0204936994 0.02013553083 0.01977736227 0.0194191937 0.01906102514 0.01870285658 0.01834468801 0.01798651945 0.01762835088 0.01712509893 0.01658315806 0.0160412172 0.01549927634 0.01495733548 0.01441539462 0.01387345375 0.01333151289 0.01278957203 0.01224763117 0.0117056903 0.01116374944 0.01062180858 0.01017079888 0.009801627239 0.009432455594 0.009063283949 0.008694112303 0.008324940658 0.007955769013 0.007586597367 0.007217425722 0.006848254077 0.006479082431 0.006109910786 0.005740739141 0.00536021162 0.004947887649 0.004535563679 0.004123239708 0.003710915737 0.003298591766 0.002886267795 0.002473943825 0.002061619854 0.001649295883 0.001236971912 0.0008246479415 0.0004123239708 0 
