1.932372678 2.732602222 3.532831766 4.33306131 5.133290855 5.933520399 6.733749943 7.233057373 7.603398182 7.973738992 8.344079801 8.71442061 9.08476142 9.412486771 9.676288934 9.940091097 10.20389326 10.46769542 10.73149759 11.04194439 11.77219295 12.50244152 13.23269008 13.96293865 14.69318721 15.42343578 16.44897194 17.54833001 18.64768808 19.77029087 20.90541006 22.04052925 6.27832584 13.45202042 20.625715 25.91759626 27.71468134 29.51176642 31.29114531 32.99969945 34.7082536 36.41680774 38.12536188 39.83391603 41.54247017 42.15874401 42.65365338 43.14856274 43.64347211 44.13838147 44.63329084 45.068076 45.46277836 45.85748072 46.25218308 46.64688544 47.0415878 47.38067453 47.58999147 47.79930841 48.00862535 48.21794229 48.42725923 48.63657618 
1.924496205 3.089775329 3.890004873 4.690234418 5.490463962 6.290693506 7.09092305 7.59023048 7.960571289 8.330912099 8.701252908 9.071593718 9.662792514 10.54109918 10.94098302 11.20478518 11.46858735 11.73238951 11.99619167 12.3437282 13.37069455 14.10094311 14.83119168 15.56144024 16.29168881 17.02193737 18.04747354 19.14683161 20.2212176 20.73796942 21.87308861 23.0082078 8.564525421 15.73822 22.91191459 24.64764812 26.24480962 28.0418947 29.82127359 31.52982774 33.23838188 34.94693602 36.65549017 38.36404431 38.81807707 44.6677421 45.16265147 45.65756083 46.1524702 46.64737956 47.14228893 47.57707409 47.97177645 48.36647881 48.76118117 49.15588353 49.59559857 50.30738178 50.94700288 51.15631982 51.36563676 51.5749537 51.78427064 51.99358758 
1.916619733 3.122459921 4.24717798 5.047407525 5.847637069 6.647866613 7.448096157 7.947403587 8.317744397 8.688085206 9.058426015 9.576005483 10.68253958 11.56084625 12.09681176 12.46947927 12.73328143 12.99708359 13.26088576 13.60842228 14.70956808 15.69944471 16.42969327 17.15994184 17.8901904 18.62043896 19.64597513 20.7453332 21.70734489 21.99367505 22.84076716 23.97588634 10.850725 18.02441958 24.06965384 24.07743251 24.77493791 26.57202299 28.35140188 30.05995602 31.76851016 33.47706431 35.18561845 35.79646638 35.9368688 41.78653383 47.67164955 48.16655892 48.66146828 49.15637765 49.65128702 50.08607218 50.48077454 50.8754769 51.27017925 51.68738796 52.30715373 53.01893694 53.94542749 54.51333123 54.72264817 54.93196511 55.14128205 55.35059899 
1.908743261 3.114583449 4.320423637 5.404580632 6.204810176 7.00503972 7.805269265 8.304576694 8.674917504 9.045258313 9.489218451 10.59575255 11.70228665 12.58059332 13.11655883 13.65252435 13.99797552 14.26177768 14.52557984 14.87311637 15.97426217 17.07540796 18.02819487 18.75844343 19.488692 20.21894056 21.24447673 22.34383479 23.19347218 23.47980234 23.8084457 24.94356489 13.13692458 20.31061917 23.49943823 23.5072169 23.30506619 25.10215127 26.88153016 28.59008431 30.29863845 32.00719259 32.7748557 32.91525811 33.05566053 38.90532556 45.3893531 50.67555701 51.17046637 51.66537574 52.1602851 52.59507026 52.98977262 53.38447498 53.77917734 54.39894312 55.0187089 55.73049211 56.65698265 57.58347319 58.07965958 58.28897652 58.49829346 58.7076104 
1.900866789 3.106706977 4.312547165 5.518387353 6.561983283 7.362212827 8.162442372 8.661749802 9.032090611 9.40243142 10.50896552 11.61549962 12.72203372 13.60034038 14.1363059 14.67227142 15.20823693 15.52647176 15.79027393 16.13781045 17.23895625 18.34010205 19.44124785 20.35694503 21.08719359 21.81744215 22.84297832 23.82996208 24.67959947 24.96592962 24.9489405 25.91124344 15.42312417 22.59681875 22.92922262 22.93700129 22.73485058 23.63227956 25.41165845 27.12021259 28.82876673 29.75324501 29.89364743 30.03404984 30.17445225 36.02411728 42.50814483 48.99217237 53.67946446 54.17437383 54.66928319 55.10406835 55.49877071 55.89347307 56.49073251 57.11049829 57.73026407 58.44204727 59.36853782 60.29502836 61.2215189 61.64598793 61.85530487 62.06462181 
1.892990316 3.098830504 4.304670692 5.51051088 6.716351068 7.719385935 8.519615479 9.018922909 9.389263718 10.42217849 11.52871259 12.63524669 13.74178079 14.62008745 15.15605297 15.69201848 16.227984 16.76394951 17.05496801 17.40250454 18.50365034 19.60479613 20.70594193 21.80708773 22.68569518 23.41594375 24.44147992 25.31608937 26.16572676 26.45205691 26.43506779 26.87892198 17.70932375 22.23818945 22.35900701 22.36678568 22.16463497 22.16240784 23.94178673 25.65034088 26.73163433 26.87203674 27.01243915 27.15284157 27.29324398 33.14290901 39.62693656 46.1109641 52.59499164 56.68337191 57.17828128 57.61306644 58.0077688 58.5825219 59.20228767 59.82205345 60.44181923 61.15360244 62.08009298 63.00658353 63.93307407 64.85956461 65.21231627 65.42163322 
1.885113844 3.090954032 4.29679422 5.502634408 6.708474596 7.914314784 8.876788586 9.376096016 10.33539146 11.44192556 12.54845966 13.65499376 14.76152785 15.63983452 16.17580004 16.71176555 17.24773107 17.78369658 18.3196621 18.66719862 19.76834442 20.86949022 21.97063602 23.07178181 24.17292761 25.01444534 25.95257927 26.80221666 27.65185405 27.9381842 27.92119507 27.90420595 19.99552333 21.66797384 21.7887914 21.79657007 21.59441936 21.39226865 22.47191502 23.71002364 23.85042606 23.99082847 24.13123088 24.2716333 24.41203571 30.26170074 36.74572828 43.22975583 49.71378337 56.19781091 59.68727937 60.12206453 60.67431128 61.29407706 61.91384284 62.53360862 63.1533744 63.8651576 64.79164815 65.71813869 66.64462923 67.57111978 68.49761032 68.77864462 
1.877237372 3.08307756 4.288917748 5.494757936 6.700598124 7.906438312 9.1122785 10.24860443 11.35513853 12.46167262 13.56820672 14.67474082 15.78127492 16.65958159 17.1955471 17.73151262 18.26747814 18.80344365 19.33940917 19.93189271 21.03303851 22.1341843 23.2353301 24.3364759 25.43762169 26.53876749 27.43870656 28.28834395 29.13798134 29.42431149 29.40732236 29.39033324 20.97694066 21.09775823 21.21857579 21.22635446 21.02420375 20.82205304 20.68841296 20.82881537 20.96921778 21.1096202 21.25002261 21.39042502 21.53082744 27.38049247 33.86452001 40.34854756 46.8325751 53.31660264 59.80063018 62.76610067 63.38586645 64.00563223 64.625398 65.24516378 65.86492956 66.57671277 67.50320331 68.42969386 69.3561844 70.28267494 71.20916549 72.13565603 
1.91597507 3.121815258 4.327655446 5.533495634 6.739335822 7.94517601 9.291568451 10.49460016 11.60113425 12.70766835 13.81420245 14.92073655 16.02727065 16.87049011 17.40206973 17.93803524 18.47400076 19.00996627 19.54593179 20.13841533 21.23956113 22.34070693 23.44185272 24.54299852 25.64414432 26.61770236 27.2632683 28.11290568 28.96254307 29.24887323 29.2318841 29.21489497 20.31945812 20.44027568 20.56109325 20.53759869 20.33544798 20.13329727 21.04469969 22.94841904 23.08882145 23.22922386 23.36962628 23.51002869 23.6504311 29.50009613 35.98412368 42.46815122 48.95217876 55.43620631 61.68736114 63.05841738 63.67818315 64.29794893 64.91771471 65.53748049 66.15724627 66.86902948 67.79552002 68.72201056 69.64850111 70.57499165 71.50148219 72.79406227 
1.954712768 3.160552956 4.366393144 5.572233332 6.77807352 7.983913708 9.751962906 10.83588421 11.84712998 12.95366408 14.06019818 15.16673228 16.27326638 17.11648584 17.60859235 18.14455786 18.68052338 19.21648889 19.75245441 20.34493795 21.44608375 22.54722955 23.64837534 24.74952114 25.85066694 26.59456704 27.08783003 27.93746742 28.78710481 29.07343496 29.05644583 29.0394567 19.66197558 19.78279314 19.90361071 19.84884293 19.64669222 19.44454151 19.99033287 25.0680227 25.20842512 25.34882753 25.48922994 25.62963236 25.77003477 31.6196998 38.10372734 44.58775489 51.07178243 57.55580997 61.7111104 63.17168912 63.97049986 64.59026564 65.21003142 65.8297972 66.44956298 67.16134618 68.08783673 69.01432727 69.94081781 70.86730836 71.7937989 73.45246852 
1.993450467 3.199290655 4.405130843 5.610971031 6.816811219 8.069502157 10.21235736 11.29627866 12.09312571 13.19965981 14.30619391 15.41272801 16.51926211 17.36248157 17.81511497 18.35108048 18.887046 19.42301152 19.95897703 20.55146057 21.65260637 22.75375217 23.85489797 24.95604376 25.98063691 26.57143171 26.91239177 27.76202915 28.61166654 28.8979967 28.88100757 29.12420377 19.00449304 19.1253106 19.24612817 19.16008716 18.95793645 18.75578574 18.93596605 26.12963621 27.32802878 27.4684312 27.60883361 27.74923602 27.88963844 33.73930347 40.22333101 46.70735855 53.1913861 59.67541364 61.73485965 63.19543837 64.26281657 64.88258235 65.50234813 66.1221139 66.74187968 67.45366289 68.38015343 69.30664398 70.23313452 71.15962507 72.37085191 74.11087476 
2.032188165 3.238028353 4.443868541 5.649708729 6.855548917 8.529896613 10.67275182 11.75667312 12.3867656 13.44565554 14.55218964 15.65872374 16.76525784 17.6084773 18.0567248 18.55760311 19.09356862 19.62953414 20.16549965 20.7579832 21.85912899 22.96027479 24.06142059 25.16256638 25.95750158 26.54829639 26.8046437 27.58659089 28.43622828 28.72255843 28.7055693 29.28328951 18.3470105 18.46782806 18.56393592 18.47133139 18.26918068 17.90453617 17.88159923 25.07526939 29.44763245 29.58803486 29.72843728 29.86883969 30.0092421 35.85890713 42.34293468 48.82696222 55.31098976 59.93203561 61.75860891 63.21918763 64.43576996 65.17489905 65.79466483 66.41443061 67.03419639 67.7459796 68.67247014 69.59896069 70.52545123 71.45194177 73.02925816 74.769281 
2.070925863 3.276766051 4.482606239 5.688446427 6.894286615 8.990291068 11.13314627 12.21706757 12.84716006 13.69165127 14.79818537 15.90471947 17.01125357 17.85447303 18.30272053 18.76412573 19.30009124 19.83605676 20.37202227 20.96450582 22.06565161 23.16679741 24.26794321 25.34357146 25.93436626 26.52516106 26.78150837 27.41115262 28.26079001 28.54712016 28.53013104 29.44237525 17.68952796 17.81034552 17.87518015 17.78257563 17.58042492 16.85016936 16.82723241 24.02090257 31.21457273 31.70763853 31.84804094 31.98844336 32.12884577 37.9785108 44.46253834 50.94656589 57.43059343 59.95578487 61.78235817 63.24293689 64.45951922 65.46721576 66.08698154 66.70674732 67.3265131 68.03829631 68.96478685 69.89127739 70.81776794 71.94764155 73.6876644 75.42768725 
2.109663561 3.315503749 4.521343937 5.727184125 7.30783032 9.450685523 11.59354073 12.67746203 13.30755451 13.937647 15.0441811 16.1507152 17.2572493 18.10046876 18.54871626 18.99696375 19.50661386 20.04257938 20.5785449 21.17102844 22.27217424 23.37332003 24.47446583 25.32043613 25.91123093 26.50202574 26.75837304 27.23571436 28.08535175 28.3716819 28.35469277 29.60146099 17.03204541 17.15286298 17.18642438 17.09381986 16.89166915 15.79580254 15.7728656 22.96653575 30.16020591 33.82724219 33.96764461 34.10804702 34.24844944 40.09811447 46.58214201 53.06616955 58.15296082 59.97953412 61.80610742 63.26668614 64.48326848 65.69985081 66.37929825 66.99906403 67.6188298 68.33061301 69.25710356 70.1835941 71.11008464 72.6060478 74.34607064 76.08609349 
2.148401259 3.354241447 4.560081635 5.765921823 7.768224775 9.911079979 12.05393518 13.13785648 13.76794897 14.39804145 15.29017683 16.39671093 17.50324503 18.34646449 18.79471198 19.24295948 19.71313649 20.249102 20.78506752 21.37755106 22.47869686 23.57984265 24.68098845 25.2973008 25.88809561 26.47889041 26.73523772 27.06027609 27.90991348 28.19624363 28.29076251 29.76054672 16.37456287 16.49538044 16.49766862 16.40506409 16.20291338 14.74143572 14.71849878 21.91216893 29.10583909 35.94684586 36.08724827 36.22765069 36.3680531 42.21771813 48.70174567 55.18577322 58.17671008 60.00328338 61.82985668 63.2904354 64.50701774 65.72360007 66.67161495 67.29138073 67.91114651 68.62292972 69.54942026 70.47591081 71.5244312 73.26445404 75.00447689 76.74449973 
2.187138958 3.392979146 4.598819334 6.085764026 8.22861923 10.37147443 12.51432964 13.59825094 14.22834342 14.85843591 15.53617256 16.64270666 17.74924076 18.59246021 19.04070771 19.48895521 19.93720271 20.45562462 20.99159014 21.58407368 22.68521948 23.78636528 24.68337068 25.27416548 25.86496028 26.45575508 26.71210239 26.88483783 27.73447522 28.02080537 28.44984824 29.91963246 15.71708033 15.83789789 15.80891285 15.71630833 15.51415762 13.6870689 13.66413196 20.85780212 28.05147227 35.24514243 38.20685194 38.34725435 38.48765677 44.3373218 50.82134934 56.37388604 58.20045934 60.02703264 61.85360594 63.31418466 64.53076699 65.74734933 66.96393166 67.58369744 68.20346322 68.91524643 69.84173697 70.76822751 72.18283744 73.92286028 75.66288313 77.40290597 
2.225876656 3.431716844 4.637557032 6.546158482 8.689013686 10.83186889 12.97472409 14.05864539 14.68873788 15.31883037 15.94892285 16.88870238 17.99523648 18.83845594 19.28670344 19.73495094 20.18319844 20.66214724 21.19811276 21.7905963 22.8917421 23.9928879 24.66023535 25.25103015 25.84182496 26.43261976 26.68896707 26.8617025 27.55903695 27.8453671 28.60893398 30.0787182 15.05959779 15.1537752 15.12015708 15.02755256 14.4597908 12.63270208 12.60976514 19.8034353 26.99710545 34.19077561 40.32645561 40.46685802 40.60726043 46.45692546 52.94095301 56.39763529 58.22420859 60.05078189 61.87735519 63.33793392 64.55451625 65.77109858 66.98768092 67.87601415 68.49577993 69.20756313 70.13405368 71.10122084 72.84124368 74.58126653 76.32128937 78.06131222 
2.264614354 3.470454542 4.863697733 7.006552937 9.149408141 11.29226334 13.43511855 14.51903985 15.14913234 15.77922482 16.40931731 17.13469811 18.24123221 19.08445167 19.53269917 19.98094667 20.42919417 20.87744167 21.40463538 21.99711893 23.09826472 24.04630522 24.63710002 25.22789483 25.81868963 26.40948443 26.66583174 26.83856718 27.38359869 27.66992884 28.76801972 30.23780393 14.40211525 14.46501943 14.43140132 14.33879679 13.40542398 11.57833527 11.55539833 18.74906848 25.94273864 33.13640879 40.33007895 42.58646169 42.7268641 48.57652913 54.59481125 56.42138455 58.24795785 60.07453115 61.90110445 63.36168317 64.57826551 65.79484784 67.01143018 68.16833085 68.78809663 69.49987984 70.42637038 71.75962708 73.49964992 75.23967277 76.97969561 78.71971846 
2.303352052 3.50919224 5.324092188 7.466947392 9.609802596 11.7526578 13.895513 14.97943431 15.60952679 16.23961928 16.86971176 17.49980425 18.48722794 19.3304474 19.7786949 20.2269424 20.6751899 21.1234374 21.611158 22.20364155 23.30478734 24.0231699 24.6139647 25.2047595 25.7955543 26.38634911 26.64269642 26.81543185 27.20816042 27.49449057 28.92710546 30.39688967 13.74463271 13.77626367 13.74264555 13.65004103 12.35105716 10.52396845 10.50103151 17.69470166 24.88837182 32.08204198 39.27571213 44.70606535 44.84646777 50.6961328 54.61856051 56.44513381 58.27170711 60.09828041 61.92485371 63.38543243 64.60201476 65.8185971 67.03517943 68.25176177 69.08041334 69.79219655 70.71868709 72.41803332 74.15805617 75.89807901 77.63810186 79.3781247 
2.34208975 3.64163144 5.784486644 7.927341848 10.07019705 12.21305226 14.35590746 15.43982876 16.06992125 16.70001373 17.33010622 17.9601987 18.73322367 19.57644313 20.02469063 20.47293813 20.92118563 21.36943313 21.81768062 22.41016417 23.40923977 24.00003457 24.59082937 25.18162418 25.77241898 26.36321378 26.61956109 26.79229652 27.03272215 27.61640698 29.08619119 30.55597541 13.08715016 13.0875079 13.05388978 12.96128526 11.29669035 9.469601631 9.446664689 16.64033485 23.834005 31.02767516 38.22134531 45.41501547 46.96607143 52.81573646 54.64230976 56.46888306 58.29545636 60.12202966 61.94860297 63.40918169 64.62576402 65.84234636 67.05892869 68.27551102 69.37273005 70.08451325 71.33641672 73.07643956 74.81646241 76.55648525 78.2965081 80.03653095 
2.380827448 4.102025895 6.244881099 8.387736303 10.53059151 12.67344671 14.81630191 15.90022322 16.5303157 17.16040819 17.79050067 18.42059316 19.05068564 19.82243886 20.27068636 20.71893386 21.16718136 21.61542886 22.06367635 22.61668679 23.38610444 23.97689924 24.56769405 25.15848885 25.74928365 26.34007845 26.59642576 26.7691612 26.94189663 27.77549271 29.24527693 30.71506115 12.42966762 12.39875213 12.36513402 12.06941225 10.24232353 8.415234813 8.392297872 15.58596803 22.77963818 29.97330834 37.1669785 44.36064865 49.0856751 52.83948572 54.66605902 56.49263232 58.31920562 60.14577892 61.97235222 63.43293094 64.64951328 65.86609561 67.08267795 68.29926028 69.51584261 70.37682996 71.99482296 73.73484581 75.47486865 77.2148915 78.95491434 80.69493719 
2.419565147 4.562420351 6.705275555 8.848130758 10.99098596 13.13384117 15.27669637 16.36061767 16.99071016 17.62080264 18.25089513 18.88098761 19.5110801 20.06843459 20.51668209 20.96492959 21.41317709 21.86142458 22.30967208 22.77217431 23.36296912 23.95376392 24.54455872 25.13535352 25.72614833 26.31694313 26.57329044 26.74602587 26.91876131 27.93457845 29.40436267 30.87414688 11.74361448 11.70999637 11.67637825 11.01504543 9.187956711 7.360867995 7.337931054 14.53160121 21.72527137 28.91894152 36.11261168 43.30628183 50.49995199 52.86323498 54.68980828 56.51638158 58.34295488 60.16952818 61.99610148 63.4566802 64.67326253 65.88984487 67.1064272 68.32300954 69.53959187 70.91320636 72.6532292 74.39325205 76.1332749 77.87329774 79.61332059 81.35334343 
2.204147977 2.418433497 4.561288701 6.704143905 8.846999109 10.98985431 13.13270952 14.21663082 14.8467233 15.47681579 16.10690827 16.73700076 17.1780655 17.3573645 17.805612 18.2538595 18.702107 19.15035449 19.59860199 19.65120876 20.081253 20.67204781 21.26284261 21.85363741 22.44443221 23.03522702 23.29157433 23.46430976 23.53877342 23.54923645 25.01902066 26.48880488 10.30964093 10.24988616 10.21626805 10.1364692 8.475533047 6.648444331 6.62550739 13.81917755 21.0128477 28.20651786 35.40018801 42.59385817 44.1058566 44.16941043 45.99598373 47.82255703 49.64913033 51.47570363 53.30227693 54.02816886 54.87740779 56.09399012 57.31057246 58.52715479 59.74373713 61.11735161 62.85737446 64.5973973 66.33742015 68.07744299 69.81746584 70.06170259 
1.988730807 1.988730807 2.417301848 4.560157052 6.703012256 8.84586746 10.98872266 12.07264396 12.70273645 13.33282894 13.96292142 14.46699541 14.46699541 14.64629441 15.09454191 15.54278941 15.9910369 16.4392844 16.49773026 16.55033702 16.94019363 17.39033169 17.9811265 18.5719213 19.1627161 19.75351091 20.00985821 20.18259365 19.81483431 19.5313405 20.63367866 22.10346287 8.89764593 8.789775958 8.756157844 8.676358995 7.763109384 5.936020668 5.913083726 13.10675388 20.30042404 27.49409419 34.68776435 36.90997174 37.00155224 37.06510607 37.30215918 39.12873249 40.95530579 42.78187909 44.60845239 45.33434431 45.32644864 46.29813538 47.51471771 48.73130005 49.94788238 51.32149687 53.06151971 54.80154256 56.5415654 58.28158825 58.69202345 58.77006174 
1.773313637 1.773313637 1.773313637 2.416170198 4.559025402 6.701880606 8.84473581 9.928657111 10.5587496 11.18884208 11.75592532 11.75592532 11.75592532 11.93522432 12.38347182 12.83171932 13.27996681 13.38172396 13.39685852 13.44946529 13.83932189 14.2291785 14.69941039 15.29020519 15.88099999 16.47179479 16.7281421 16.90087754 16.0908952 15.80740139 16.24833665 17.71812087 7.48565093 7.333229843 7.29604764 7.216248791 7.05068572 5.223597004 5.200660062 12.39433022 19.58800037 26.78167053 29.71408689 29.80566738 29.89724788 29.96080171 30.02124147 30.43490794 32.26148124 34.08805454 35.91462784 36.64051976 36.6326241 36.62472843 37.71886297 38.9354453 40.15202764 41.52564212 43.26566497 45.00568781 46.74571066 47.32234431 47.4003826 47.47842089 
1.557896467 1.557896467 1.557896467 1.557896467 2.415038549 4.557893753 6.700748957 7.784670258 8.414762743 9.044855228 9.044855228 9.044855228 9.044855228 9.224154228 9.672401727 10.12064923 10.26571767 10.28085223 10.29598679 10.34859355 10.73845016 11.12830677 11.51816337 12.00848908 12.59928388 13.19007868 13.44642599 13.17693843 12.3669561 12.08346228 12.08346228 13.33277886 6.073655929 5.921234843 5.835937436 5.756138587 5.590575516 4.51117334 4.488236398 11.68190655 18.87557671 22.51820204 22.60978253 22.70136302 22.79294352 22.85649735 22.91693711 22.97737687 23.56765669 25.39423 27.2208033 27.94669522 27.93879955 27.93090389 27.92300822 29.13959056 30.35617289 31.72978738 33.46981022 35.20983307 35.95266518 36.03070347 36.10874176 36.18678005 
1.342479298 1.342479298 1.342479298 1.342479298 1.342479298 2.4139069 4.556762103 5.640683404 6.27077589 6.333785138 6.333785138 6.333785138 6.333785138 6.513084138 6.961331637 7.149711372 7.164845933 7.179980493 7.195115054 7.247721819 7.637578425 8.027435031 8.417291638 8.807148244 9.317567768 9.908362571 10.16470988 9.452999323 8.643016989 8.359523173 8.359523173 8.947436859 4.661660929 4.509239843 4.375827232 4.296028383 4.130465312 3.798749676 3.775812734 10.96948289 15.32231718 15.41389768 15.50547817 15.59705866 15.68863916 15.75219299 15.81263275 15.87307251 15.93351227 16.70040545 18.52697875 19.25287067 19.24497501 19.23707934 19.22918368 19.34373581 20.56031814 21.93393263 23.67395548 24.58298604 24.66102433 24.73906262 24.81710091 24.8951392 
1.127062128 1.127062128 1.127062128 1.127062128 1.127062128 1.127062128 2.41277525 3.496696551 3.622715048 3.622715048 3.622715048 3.622715048 3.622715048 3.802014048 4.033705077 4.048839638 4.063974198 4.079108758 4.094243319 4.146850084 4.53670669 4.926563296 5.316419903 5.706276509 6.096133115 6.626646459 6.539042549 5.729060215 4.919077882 4.635584065 4.635584065 4.635584065 3.249665929 3.097244842 2.944823756 2.835918179 2.670355108 2.504792036 3.063389071 8.126432328 8.218012822 8.309593317 8.401173811 8.492754305 8.5843348 8.647888633 8.708328393 8.768768154 8.829207914 8.889647674 9.833154204 10.55904613 10.55115046 10.54325479 10.53535913 10.52746346 10.7644634 12.13807789 13.21330691 13.2913452 13.36938349 13.44742178 13.52546007 13.60349836 
0.9116449579 0.9116449579 0.9116449579 0.9116449579 0.9116449579 0.9116449579 0.9116449579 0.9116449579 0.9116449579 0.9116449579 0.9116449579 0.9116449579 0.9116449579 0.9176987821 0.9328333425 0.9479679029 0.9631024633 0.9782370237 0.9933715841 1.045978349 1.435834955 1.825691562 2.215548168 2.605404774 2.995261381 3.385117987 2.815103441 2.005121108 1.195138775 0.9116449579 0.9116449579 0.9116449579 1.837670928 1.685249842 1.532828755 1.375807974 1.210244903 1.044681832 0.9305474745 1.022127969 1.113708463 1.205288957 1.296869452 1.388449946 1.480030441 1.543584274 1.604024034 1.664463794 1.724903554 1.785343315 1.845783075 1.86522158 1.857325914 1.849430249 1.841534584 1.833638918 1.825743253 1.843627774 1.921666064 1.999704353 2.077742643 2.155780932 2.233819222 2.311857511 
0.334636045 0.334636045 0.334636045 0.334636045 0.334636045 0.334636045 0.3346360449 0.6652172193 0.7596689834 0.7596689834 0.7596689834 0.7596689834 0.7596689834 0.7657228076 0.780857368 0.7959919284 0.8111264888 0.8262610492 0.8413956096 0.7492649884 1.003498239 1.393354846 1.783211452 2.173068058 2.562924665 2.952781271 2.382766725 1.572784392 0.7360791798 0.3353962375 0.3353962375 0.3353962375 1.774325345 1.655060711 1.502639625 1.345618844 1.180055773 1.014492702 0.9074153082 0.7751768614 0.8667573558 0.9583378501 1.049918344 1.141498839 1.233079333 1.296633167 1.357072927 1.417512687 1.477952447 1.538392207 1.71236147 1.822623577 1.814727912 1.806832247 1.798936582 1.791040916 1.785200233 1.861943327 2.04331389 2.12135218 2.199390469 2.277428759 2.355467048 2.433505338 
-0.2423728679 -0.2423728679 -0.2423728679 -0.2423728679 -0.2423728679 -0.242372868 -0.2423728682 0.08820830622 0.5604671268 0.6076930089 0.6076930089 0.6076930089 0.6076930089 0.6137468331 0.6288813935 0.6440159539 0.6591505143 0.6742850747 0.5616351683 0.469504547 0.6898319592 0.9610181296 1.350874736 1.740731342 2.130587948 2.520444555 1.950430009 1.140447676 0.1834895094 -0.2277085663 -0.240852483 -0.240852483 1.683098199 1.62487158 1.472450494 1.315429713 1.149866642 1.000082512 0.9482314109 0.7200705608 0.6198062484 0.7113867427 0.8029672371 0.8945477314 0.9861282258 1.049682059 1.110121819 1.17056158 1.23100134 1.382264702 1.669763468 1.780025575 1.77212991 1.764234245 1.756338579 1.749470405 1.751849648 1.828592742 2.078851488 2.243000006 2.321038296 2.399076586 2.477114875 2.555153165 
-0.8193817809 -0.8193817809 -0.8193817809 -0.8193817809 -0.8193817809 -0.8193817811 -0.8193817812 -0.4888006068 -0.01654178623 0.4557170344 0.4557170344 0.4557170344 0.4557170344 0.4617708586 0.476905419 0.4920399794 0.5071745398 0.4087229074 0.2818747269 0.1897441056 0.4100715178 0.63039893 0.9185380199 1.308394626 1.698251232 2.088107839 1.518093293 0.7081109599 -0.369100161 -0.7802982367 -0.8171012034 -0.8171012034 1.591871052 1.590161115 1.442261363 1.285240582 1.119677511 1.040898614 0.9890475136 0.7608866635 0.5327258133 0.4644356354 0.5560161297 0.6475966241 0.7391771184 0.802730952 0.8631707121 0.9236104722 1.052167934 1.3396667 1.627165466 1.737427573 1.729531908 1.721636243 1.713740577 1.71611982 1.718499064 1.795242158 2.045500904 2.29575965 2.442686123 2.520724412 2.598762702 2.676800991 
-1.396390694 -1.396390694 -1.396390694 -1.396390694 -1.396390694 -1.396390694 -1.396390694 -1.06580952 -0.5935506993 -0.1212918787 0.3037410599 0.3037410599 0.3037410599 0.309794884 0.3249294444 0.3400640049 0.2558106466 0.1289624661 0.002114285545 -0.09001633571 0.1303110765 0.3506384887 0.5709659009 0.8760579101 1.265914516 1.655771123 1.085756577 0.1555212895 -0.9216898314 -1.332887907 -1.385463574 -1.393349924 1.500643906 1.498933969 1.412072233 1.255051452 1.089488381 1.081714717 1.029863616 0.8017027661 0.573541916 0.3453810658 0.3090650224 0.4006455167 0.492226011 0.5557798446 0.6162196047 0.722071166 1.009569932 1.297068698 1.584567464 1.694829571 1.686933906 1.679038241 1.680389993 1.682769236 1.685148479 1.761891573 2.01215032 2.262409066 2.512667812 2.642372239 2.720410528 2.798448818 
-1.973399607 -1.973399607 -1.973399607 -1.973399607 -1.973399607 -1.973399607 -1.973399607 -1.642818433 -1.170559612 -0.6983007917 -0.2260419711 0.1517650854 0.1517650854 0.1578189095 0.1729534699 0.1028983858 -0.02394979475 -0.1507979753 -0.2776461558 -0.3697767771 -0.1494493649 0.07087804731 0.2912054595 0.5115328717 0.8335778003 1.223434407 0.6534198612 -0.3970683809 -1.474279502 -1.885477577 -1.938053244 -1.969598644 1.40941676 1.407706823 1.381883102 1.224862321 1.130304483 1.12253082 1.070679719 0.8425188688 0.6143580187 0.3861971685 0.1580363183 0.1536944093 0.2452749037 0.3088287372 0.3919743979 0.679473164 0.96697193 1.254470696 1.541969462 1.652231569 1.644335904 1.644660165 1.647039408 1.649418652 1.651797895 1.728540989 1.978799735 2.229058481 2.479317228 2.729575974 2.842058355 2.920096645 
-2.55040852 -2.55040852 -2.55040852 -2.55040852 -2.55040852 -2.55040852 -2.55040852 -2.219827346 -1.747568525 -1.275309705 -0.8030508842 -0.3307920636 -0.0002108891488 0.005842935014 -0.05001387505 -0.1768620556 -0.3037102361 -0.4305584166 -0.5574065972 -0.6495372184 -0.4292098062 -0.208882394 0.01144501815 0.2317724303 0.4520998425 0.7910976906 0.1275530695 -0.9496580513 -2.026869172 -2.438067248 -2.490642915 -2.543218581 1.318189614 1.316479677 1.31476974 1.19467319 1.171120586 1.163346923 1.111495822 0.8833349715 0.6551741214 0.4270132712 0.198852421 -0.02930842914 -0.001676203701 0.06187762985 0.3493763959 0.6368751619 0.9243739279 1.211872694 1.49937146 1.609633567 1.608930338 1.611309581 1.613688824 1.616068067 1.61844731 1.695190404 1.945449151 2.195707897 2.445966643 2.69622539 2.946484136 3.041744471 
-3.127417433 -3.127417433 -3.127417433 -3.127417433 -3.127417433 -3.127417433 -3.127417433 -2.796836259 -2.324577438 -1.852318618 -1.380059797 -0.9078009766 -0.435542156 -0.2029261359 -0.3297743164 -0.4566224969 -0.5834706775 -0.710318858 -0.8371670385 -0.9292976598 -0.7089702476 -0.4886428354 -0.2683154232 -0.04798801101 0.1723394012 0.3926668134 -0.4250366009 -1.502247722 -2.579458843 -2.990656918 -3.043232585 -3.095808252 1.226962468 1.225252531 1.223542594 1.219710352 1.211936689 1.204163025 1.152311924 0.9241510742 0.695990224 0.4678293739 0.2396685237 0.01150767355 -0.2166531766 0.01927962778 0.3067783938 0.5942771598 0.8817759258 1.169274692 1.456773458 1.57320051 1.575579753 1.577958996 1.58033824 1.582717483 1.585096726 1.66183982 1.912098566 2.162357313 2.412616059 2.662874805 2.913133552 3.163392298 
-2.773523775 -1.910371829 -1.910371829 -1.91037183 -1.91037183 -1.91037183 -1.91037183 -1.794512404 -1.322253584 -0.849994763 -0.3777359424 0.09452287825 0.5667816989 0.799397719 0.6725495385 0.545701358 0.4188531774 0.2920049969 0.1651568164 0.1311440425 0.3514714547 0.5717988669 0.7921262791 1.012453691 1.232781103 1.397194396 0.7783278533 -0.2988832676 -1.376094388 -1.787292464 -1.839868131 -1.892443798 2.126262003 2.124552065 2.122842128 2.329705273 2.321931609 2.314157946 2.262306845 2.034145995 1.805985145 1.577824295 1.349663444 1.121502594 0.7254370514 1.31773919 1.605237956 1.892736722 2.180235488 2.467734254 2.75523302 4.010847945 4.013227188 4.015606432 4.017985675 4.020364918 4.022744161 4.099487255 4.349746001 4.600004748 4.850263494 5.10052224 5.350780987 8.650988416 
-2.419630116 -0.6933262259 -0.6933262261 -0.6933262262 -0.6933262264 -0.6933262265 -0.6933262267 -0.6967566611 -0.3199297287 0.1523290919 0.6245879125 1.096846733 1.569105554 1.801721574 1.674873393 1.548025213 1.421177032 1.294328852 1.167480671 1.191585745 1.411913157 1.632240569 1.852567981 2.072895394 2.293222806 2.356990684 1.981692307 0.9044811866 -0.1727299342 -0.5839280099 -0.6365036767 -0.6890793434 3.025561537 3.0238516 3.022141663 2.939307542 3.43192653 3.424152867 3.372301766 3.144140916 2.915980065 2.687819215 2.459658365 2.231497515 1.61955451 2.616198753 2.903697519 3.191196285 3.478695051 3.766193817 4.053692583 5.689036799 6.450874624 6.453253867 6.45563311 6.458012353 6.460391596 6.53713469 6.787393437 7.037652183 7.287910929 7.538169676 7.788428422 14.13858453 
-2.065736458 -0.1476210244 0.5237193773 0.5237193772 0.523719377 0.5237193769 0.5237193767 0.5202889423 0.6823941262 1.154652947 1.626911767 2.099170588 2.571429409 2.804045429 2.677197248 2.550349068 2.423500887 2.296652707 2.227922374 2.252027447 2.472354859 2.692682271 2.913009684 3.133337096 3.320116037 3.316786972 3.185056762 2.107845641 1.03063452 0.6194364442 0.5668607775 0.5204738759 3.924861071 3.923151134 3.921441197 2.923418997 4.541921451 4.534147787 4.482296686 4.254135836 4.025974986 3.797814136 3.569653286 3.221560512 2.513671969 3.510316211 4.202157081 4.489655847 4.777154613 5.064653379 5.352152145 6.987496361 8.888522059 8.890901302 8.893280545 8.895659788 8.898039031 8.974782125 9.225040872 9.475299618 9.725558364 9.975817111 12.59825817 19.62618065 
-1.7118428 0.2062726336 1.740764981 1.740764981 1.74076498 1.74076498 1.74076498 1.737334546 1.732433925 2.156976802 2.629235622 3.101494443 3.573753264 3.806369284 3.679521103 3.552672923 3.425824742 3.298976562 3.288364076 3.312469149 3.532796562 3.753123974 3.973451386 4.193778798 4.279912324 4.276583259 4.280168697 3.311210095 2.233998974 1.822800898 1.770225232 1.731795314 4.824160606 4.822450669 4.097629163 2.907530452 5.651916372 5.644142708 5.592291607 5.364130757 5.135969907 4.907809057 4.679648206 4.115677971 3.407789427 4.40443367 5.500616644 5.78811541 6.075614176 6.363112942 6.650611708 8.285955924 10.81986377 11.32854874 11.33092798 11.33330722 11.33568647 11.41242956 11.66268831 11.91294705 12.1632058 12.41346455 18.08585428 25.11377677 
-1.357949142 0.5601662917 2.478281726 2.957810584 2.957810584 2.957810584 2.957810584 2.954380149 2.949479529 3.159300657 3.631559477 4.103818298 4.576077118 4.808693139 4.681844958 4.554996778 4.428148597 4.346503187 4.348805778 4.372910852 4.593238264 4.813565676 5.033893088 5.243037677 5.239708612 5.236379547 5.239964985 4.514574549 3.437363428 3.026165353 2.973589686 2.943116752 5.72346014 5.721750203 4.081740618 2.891641907 6.761911292 6.754137629 6.702286528 6.474125678 6.245964828 6.017803977 5.717683973 5.00979543 4.301906886 5.298551129 6.484587903 7.086574972 7.374073738 7.661572504 7.94907127 9.584415486 12.11832334 13.76619617 13.76857542 13.77095466 13.7733339 13.850077 14.10033574 14.35059449 14.60085323 16.54552792 23.5734504 30.60137289 
-1.004055484 0.9140599498 2.832175384 4.174856187 4.174856187 4.174856187 4.174856187 4.171425753 4.166525132 4.161624511 4.633883332 5.106142153 5.578400973 5.811016993 5.684168813 5.557320632 5.430472452 5.406944889 5.40924748 5.433352554 5.653679966 5.874007378 6.094334791 6.202833964 6.199504899 6.196175835 6.199761273 5.717939003 4.640727882 4.229529807 4.17695414 4.15443819 6.622759675 6.621049738 4.065852073 2.875753362 7.871906213 7.864132549 7.812281449 7.584120598 7.355959748 7.127798898 6.611801432 5.903912888 5.196024345 6.192668587 7.378705362 8.385034535 8.672533301 8.960032067 9.247530833 10.88287505 13.4167829 15.95069075 16.20622285 16.20860209 16.21098134 16.28772443 16.53798318 16.78824192 17.03850067 22.03312403 29.06104652 36.08896901 
-0.6501618261 1.267953608 3.186069042 5.104184476 5.391901791 5.39190179 5.39190179 5.388471356 5.383570735 5.378670115 5.636207187 6.108466008 6.580724828 6.813340848 6.686492668 6.559644487 6.465084 6.467386591 6.469689183 6.493794256 6.714121668 6.934449081 7.154776493 7.162630252 7.159301187 7.155972122 7.15955756 6.921303458 5.844092337 5.432894261 5.382970922 5.365759628 7.522059209 7.520349272 4.049963528 2.859864818 7.856017668 8.97412747 8.922276369 8.694115519 8.465954669 8.213807434 7.505918891 6.798030347 6.090141803 7.086786046 8.272822821 9.458859595 9.970992863 10.25849163 10.5459904 12.18133461 14.71524246 17.24915031 18.64387029 18.64624953 18.64862877 18.72537187 18.97563061 19.22588936 20.49279767 27.52072015 34.54864264 41.57656513 
-0.296268168 1.621847266 3.5399627 5.458078134 6.608947394 6.608947394 6.608947394 6.605516959 6.600616339 6.595715718 6.638531042 7.110789863 7.583048683 7.815664703 7.688816523 7.561968342 7.525525702 7.527828294 7.530130885 7.554235959 7.774563371 7.994890783 8.125755604 8.12242654 8.119097475 8.11576841 8.119353848 8.124667912 7.047456791 6.636258715 6.59429236 6.577081066 8.421358744 8.419648807 4.034074983 2.843976273 7.840129123 10.08412239 10.03227129 9.80411044 9.57594959 9.107924893 8.400036349 7.692147806 6.984259262 7.980903505 9.166940279 10.35297705 11.26945243 11.55695119 11.84444996 13.47979417 16.01370202 18.54760987 21.08151772 21.08389696 21.08627621 21.1630193 21.41327805 21.66353679 25.98039378 33.00831627 40.03623876 47.06416125 
0.05762549002 1.975740924 3.893856358 5.811971792 7.730087226 7.825992997 7.825992997 7.822562563 7.817661942 7.812761322 7.807860701 8.113113717 8.585372538 8.817988558 8.691140378 8.583664813 8.585967404 8.588269996 8.590572587 8.614677661 8.835005073 9.055332485 9.085551892 9.082222827 9.078893762 9.075564698 9.079150136 9.084464199 8.250821245 7.839623169 7.805613798 7.788402504 9.320658278 8.539343681 4.018186438 2.828087728 7.824240578 11.19411731 11.14226621 10.91410536 10.68594451 10.00204235 9.294153808 8.586265264 7.878376721 8.875020963 10.06105774 11.24709451 12.43313129 12.85541075 13.14290952 14.77825374 17.31216159 19.84606943 22.37997728 23.5215444 23.52392364 23.60066674 23.85092548 24.44006742 31.4679899 38.49591239 45.52383488 52.55175736 
0.4115191481 2.329634582 4.247750016 6.16586545 8.083980884 9.043038601 9.043038601 9.039608166 9.034707546 9.029806925 9.024906305 9.115437572 9.587696393 9.820312413 9.693464233 9.644106515 9.646409107 9.648711698 9.65101429 9.675119363 9.895446775 10.04867724 10.04534818 10.04201911 10.03869005 10.03536099 10.03894642 10.04426049 9.454185699 9.042987624 9.016935236 8.999723942 10.21995781 8.523455136 4.002297893 2.812199183 7.808352033 12.30411223 12.25226113 12.02410028 11.60404835 10.89615981 10.18827127 9.480382723 8.772494179 9.769138422 10.9551752 12.14121197 13.32724875 14.15387032 14.44136908 16.0767133 18.61062115 21.144529 23.67843685 25.95919183 25.96157108 26.03831417 26.28857292 29.92766353 36.95558602 43.98350851 51.011431 58.03935348 
0.7654128062 2.68352824 4.601643674 6.519759108 8.437874542 10.2600842 10.2600842 10.25665377 10.25175315 10.24685253 10.24195191 10.23705129 10.59002025 10.82263627 10.70224563 10.70454822 10.70685081 10.7091534 10.71145599 10.73556107 10.95588848 11.00847353 11.00514447 11.0018154 10.99848634 10.99515727 10.99874271 11.00405677 10.65755015 10.24635208 10.22825667 10.21104538 11.11925735 8.507566591 3.986409348 2.796310638 7.792463488 12.78861634 13.36225605 13.1340952 12.49816581 11.79027727 11.08238873 10.37450018 9.666611638 10.66325588 11.84929266 13.03532943 14.2213662 15.40740298 15.73982865 17.37517286 19.90908071 22.44298856 24.97689641 27.51080426 28.39921851 28.47596161 28.72622035 35.41525965 42.44318214 49.47110463 56.49902711 63.5269496 
1.119306464 3.037421898 4.955537332 6.873652766 8.7917682 10.70988363 11.47712981 11.47369937 11.46879875 11.46389813 11.45899751 11.45409689 11.5923441 11.82496012 11.76268733 11.76498992 11.76729251 11.7695951 11.77189769 11.79600277 11.97159888 11.96826982 11.96494075 11.96161169 11.95828263 11.95495356 11.958539 11.96385306 11.86091461 11.45678941 11.43957811 11.42236682 12.01855688 8.491678046 3.970520803 2.780422093 7.776574943 12.77272779 14.47225097 14.10017181 13.39228327 12.68439473 11.97650618 11.26861764 10.5607291 11.55737334 12.74341011 13.92944689 15.11548366 16.30152044 17.03828821 18.67363242 21.20754027 23.74144812 26.27535597 28.80926382 30.83686595 30.91360904 33.87493328 40.90285577 47.93077826 54.95870075 61.98662323 69.01454572 
1.473200122 3.391315556 5.30943099 7.227546424 9.145661858 11.06377729 12.69417541 12.69074498 12.68584436 12.68094374 12.67604311 12.67114249 12.66624187 12.82728398 12.82312903 12.82543162 12.82773421 12.83003681 12.8323394 12.85644447 12.93139517 12.92806611 12.92473704 12.92140798 12.91807891 12.91474985 12.91833529 12.92364935 12.92896341 12.66811084 12.65089955 12.63368826 12.91785642 8.475789501 3.954632258 2.764533548 7.760686398 12.75683925 15.58224589 14.99428927 14.28640073 13.57851219 12.87062364 12.1627351 11.45484656 12.4514908 13.63752757 14.82356435 16.00960112 17.1956379 18.33674777 19.97209199 22.50599984 25.03990768 27.57381553 30.10772338 32.64163123 33.35125648 39.3625294 46.39045189 53.41837438 60.44629686 67.47421935 74.50214184 
1.82709378 3.745209214 5.663324648 7.581440082 9.499555516 11.41767095 13.33578638 13.90779058 13.90288996 13.89798934 13.89308872 13.8881881 13.88328748 13.88126814 13.88357073 13.88587332 13.88817592 13.89047851 13.8927811 13.89452052 13.89119146 13.8878624 13.88453333 13.88120427 13.8778752 13.87454614 13.87813157 13.88344564 13.8887597 13.87943228 13.86222099 13.84500969 12.9810582 8.459900956 3.938743713 2.748645003 7.744797853 12.7409507 16.59629528 15.88840673 15.18051819 14.47262964 13.7647411 13.05685256 12.34896401 13.34560826 14.53164503 15.71768181 16.90371858 18.08975535 19.27579213 21.27055155 23.8044594 26.33836725 28.8722751 31.40618294 33.94009079 37.82220303 44.85012552 51.87804801 58.9059705 65.93389298 72.96181547 79.98973796 
1.911188875 3.902751785 5.820867219 7.738982653 9.657098087 11.57521352 13.49332895 14.06533315 14.06043253 14.05553191 14.05063129 14.04573067 14.04083005 14.67140446 14.71767144 14.71997403 14.72227662 14.72457921 14.7268818 14.72862123 14.72529217 14.7219631 14.71863404 14.71530497 14.71197591 14.50468485 15.39766492 15.40297899 15.40829305 15.39896563 15.38175434 15.36454304 15.04013769 10.70061603 6.179458785 4.989360075 9.985512925 14.98166578 18.12486752 17.41697897 16.70909043 16.00120189 15.29331334 14.5854248 12.3522738 12.91312876 14.09916554 15.28520231 16.47123909 17.65727586 19.01613032 22.39343123 24.92733908 27.46124693 29.99515478 32.52906263 35.06297048 38.57928309 44.73027937 51.75820186 58.78612434 65.81404683 72.84196932 79.86989181 
1.99528397 4.060294356 5.97840979 7.896525224 9.814640657 11.73275609 13.65087153 14.22287572 14.2179751 14.21307448 14.20817386 14.20327324 14.38562507 15.10982572 15.55177214 15.55407474 15.55637733 15.55867992 15.56098251 15.56272194 15.55939287 15.55606381 15.55273474 15.54940568 15.54607661 14.97165397 16.91719827 16.92251233 16.9278264 16.91849898 16.90128768 16.88407639 15.17906967 12.9413311 8.420173857 7.230075147 12.226228 17.22238085 19.65343976 18.94555122 18.23766267 17.52977413 16.82188559 16.11399704 11.9197943 12.48064927 13.66668605 14.85272282 16.0387596 17.22479637 20.13901001 23.51631091 26.05021876 28.58412661 31.11803446 33.65194231 36.80276251 41.09021555 44.61043322 51.63835571 58.66627819 65.69420068 72.72212317 79.75004565 
2.079379064 4.160711112 6.13595236 8.054067794 9.972183228 11.89029866 13.8084141 14.38041829 14.37551767 14.37061705 14.36571643 14.36081581 14.82404633 15.54824697 16.38587285 16.38817544 16.39047803 16.39278062 16.39508322 16.39682264 16.39349358 16.39016451 16.38683545 16.38350638 16.25780012 15.4386231 18.43673162 18.44204568 18.44735974 18.43803233 18.42082103 18.13288196 15.31800164 15.18204617 10.66088893 9.470790219 14.46694307 19.46309592 21.182012 20.47412346 19.76623491 19.05834637 18.35045783 16.5530961 11.48731481 12.04816978 13.23420655 14.42024333 15.6062801 16.79231688 21.26188969 24.6391906 27.17309845 29.70700629 32.24091414 34.77482199 39.31369497 43.60114801 44.7828958 51.51850955 58.54643204 65.57435453 72.60227702 79.6301995 
2.163474159 4.244806206 6.293494931 8.211610365 10.1297258 12.04784123 13.96595667 14.53796086 14.53306024 14.52815962 14.523259 14.64319335 15.26246758 15.98666822 16.86825849 17.22227615 17.22457874 17.22688133 17.22918392 17.23092335 17.22759428 17.22426522 17.22093615 17.21760709 16.72476925 15.90559222 19.48845864 19.96157903 19.96689309 19.95756567 19.94035438 19.30433673 15.45693361 17.42276124 12.901604 11.71150529 16.70765814 21.38730307 22.71058424 22.0026957 21.29480716 20.58691861 19.87903007 16.12061661 11.05483532 11.61569029 12.80172706 13.98776384 15.17380061 17.74237887 22.38476937 25.76207028 28.29597813 30.82988598 33.36379383 36.20615785 41.82462743 46.11208047 47.29382826 51.3986634 58.42658589 65.45450838 72.48243086 79.51035335 
2.247569254 4.328901301 6.410233348 8.369152936 10.28726837 12.2053838 14.12349924 14.69550343 14.69060281 14.68570219 14.68080157 15.0816146 15.70088883 16.42508947 17.30667974 18.05637685 18.05867944 18.06098204 18.06328463 18.06502405 18.06169499 18.05836592 18.05503686 18.0109154 17.19173837 16.37256134 19.95542777 21.48111238 21.48642644 21.47709902 21.45988773 20.4757915 15.59586558 19.66347632 15.14231907 13.95222036 18.94837321 22.91587531 24.23915649 23.53126794 22.8233794 22.11549086 20.7539184 15.68813711 10.62235583 11.1832108 12.36924757 13.55528435 14.74132112 18.86525856 23.50764905 26.88494996 29.41885781 31.95276566 34.48667351 38.71709031 44.33555989 48.62301293 49.80476072 51.27881725 58.30673974 65.33466222 72.36258471 79.3905072 
2.331664348 4.412996396 6.494328443 8.526695506 10.44481094 12.36292637 14.28104181 14.853046 14.84814538 14.84324476 14.90076163 15.52003586 16.13931008 16.86351073 17.74510099 18.62669126 18.89278015 18.89508274 18.89738533 18.89912476 18.89579569 18.89246663 18.88913756 18.47788452 17.65870749 16.83953047 20.42239689 23.00064572 23.00595979 22.99663237 22.97942107 21.64724627 15.73479756 21.59281611 17.38303415 16.19293544 21.18908829 24.44444755 25.76772873 25.05984018 24.35195164 23.6440631 20.32143891 15.25565762 10.18987634 10.7507313 11.93676808 13.12280485 15.34574774 19.98813824 24.63052874 28.00782964 30.54173749 33.07564534 35.60955319 41.22802277 46.84649235 51.13394539 52.31569319 53.49744098 58.18689359 65.21481607 72.24273856 79.27066105 
2.415759443 4.49709149 6.578423538 8.659755585 10.60235351 12.52046894 14.43858438 15.01058857 15.00568795 15.00078733 15.33918288 15.95845711 16.57773134 17.30193198 18.18352224 19.06511251 19.72688086 19.72918345 19.73148604 19.73322547 19.7298964 19.72656734 19.72323827 18.94485364 18.12567662 17.30649959 20.88936601 24.52017907 24.52549314 24.51616572 24.38292823 22.81870104 15.87372953 21.73174809 19.62374922 18.43365051 23.42980336 25.97301979 27.29630097 26.58841243 25.88052388 24.9547407 19.88895942 14.82317813 9.757396843 10.31825181 11.50428859 12.69032536 16.46862743 21.11101792 25.75340842 29.13070933 31.66461718 34.19852502 38.12048565 43.73895523 49.35742481 53.64487786 54.82662565 56.00837344 58.06704743 65.09496992 72.12289241 79.1508149 
2.499854538 4.581186585 6.662518632 8.74385068 10.75989608 12.67801152 14.59612695 15.16813115 15.16323052 15.1583299 15.77760413 16.39687836 17.01615259 17.74035323 18.6219435 19.50353376 20.38512403 20.56328415 20.56558675 20.56732617 20.56399711 20.56066804 20.23099979 19.41182277 18.59264574 17.77346871 21.35633514 26.03971242 26.04502648 26.03569906 25.554383 23.99015581 16.0126615 21.87068006 21.86446429 20.67436558 25.67051843 27.50159204 28.82487321 28.11698467 27.40909613 24.52226121 19.45647992 14.39069864 9.324917351 9.88577232 11.07180909 12.94911661 17.59150711 22.23389761 26.8762881 30.25358901 32.78749686 35.32140471 40.63141811 46.24988769 51.86835727 56.15581032 57.33755811 58.5193059 59.70105369 64.97512377 72.00304626 79.03096874 
2.583949632 4.66528168 6.746613727 8.827945774 10.90927782 12.83555409 14.75366952 15.32567372 15.3207731 15.59675116 16.21602539 16.83529961 17.45457384 18.17877448 19.06036475 19.94195501 20.82354528 21.39738486 21.39968745 21.40142688 21.39809781 21.39476875 20.69796891 19.87879189 19.05961486 18.24043784 21.82330426 26.50668154 27.56455983 27.55523241 26.72583777 25.16161059 16.15159347 22.00961203 24.10517936 22.91508065 27.19909067 29.03016428 30.35344545 29.64555691 28.93766837 24.08978172 19.02400043 13.95821915 8.892437859 9.453292827 10.6393296 14.0719963 18.71438679 23.35677729 27.99916778 31.37646869 33.91037654 37.523881 43.14235058 48.76082015 54.37928973 58.66674278 59.84849057 61.03023836 62.21198615 64.85527762 71.88320011 78.91112259 
2.668044727 4.749376774 6.830708822 8.912040869 10.99337292 12.99309666 14.91121209 15.48321629 15.47831567 16.03517241 16.65444664 17.27372087 17.89299509 18.61719574 19.498786 20.38037627 21.26196653 22.1435568 22.23378816 22.23552758 22.23219852 21.98411506 21.16493804 20.34576101 19.52658399 18.70740696 22.29027338 26.97365067 29.08409318 29.07476576 27.89729255 26.33306536 16.29052544 22.148544 26.34589443 25.15579572 28.72766291 30.55873652 31.8820177 31.17412915 28.72308351 23.65730223 18.59152094 13.52573965 8.459958367 9.020813335 10.55248548 15.19487598 19.83726647 24.47965697 29.12204747 32.49934837 35.03325622 40.03481346 45.65328304 51.27175262 56.8902222 61.17767524 62.35942303 63.54117082 64.72291861 65.90466641 71.76335395 78.79127644 
2.752139821 4.833471869 6.914803916 8.996135964 11.07746801 13.15063923 15.06875466 15.64075886 15.85431943 16.47359366 17.09286789 17.71214212 18.33141635 19.05561699 19.93720725 20.81879752 21.70038779 22.58197805 23.06788886 23.06962829 23.06629922 22.45108419 21.63190716 20.81273013 19.99355311 19.17437608 22.7572425 27.44061979 30.60362653 30.59429911 29.06874732 27.50452013 16.42945742 22.28747597 28.14549453 27.3965108 30.25623516 32.08730876 33.41058994 32.7027014 28.29060402 23.22482273 18.15904145 13.09326016 8.027478875 8.588333843 11.67536516 16.31775566 20.96014616 25.60253665 30.24492715 33.62222806 36.92727634 42.54574592 48.1642155 53.78268508 59.40115466 63.6886077 64.87035549 66.05210328 67.23385108 68.41559887 71.6435078 78.67143029 
2.836234916 4.917566964 6.998899011 9.080231058 11.16156311 13.24289515 15.22629723 15.79830143 16.29274069 16.91201491 17.53128914 18.15056337 18.7698376 19.49403824 20.37562851 21.25721877 22.13880904 23.0203993 23.90198957 23.90372899 23.73723034 22.91805331 22.09887628 21.27969926 20.46052223 19.6413452 23.22421163 27.90758891 32.12315988 31.80442928 30.24020209 28.6759749 16.56838939 22.42640795 28.28442651 29.63722587 31.7848074 33.615881 34.93916218 32.92390581 27.85812453 22.79234324 17.72656196 12.66078067 7.594999383 8.155854351 12.79824485 17.44063534 22.08302584 26.72541634 31.36780683 34.74510774 39.4382088 45.05667838 50.67514796 56.29361754 61.91208712 66.19954016 67.38128795 68.56303575 69.74478354 70.92653133 72.10827912 78.55158414 
2.920330011 5.001662058 7.082994106 9.164326153 11.2456582 13.32699025 15.3838398 16.11188771 16.73116194 17.35043617 17.9697104 18.58898462 19.20825885 19.93245949 20.81404976 21.69564003 22.57723029 23.45882056 24.34041082 24.7378297 24.20419946 23.38502243 22.56584541 21.74666838 20.92749135 20.10831433 23.69118075 28.37455804 33.05793532 32.97588405 31.41165686 29.84742967 16.70732136 22.56533992 28.42335848 31.48230603 33.31337964 35.14445325 36.46773442 32.49142632 27.42564504 22.35986375 17.29408246 12.22830118 7.16251989 9.278734034 13.92112453 18.56351503 23.20590552 27.84829602 32.49068651 36.33067168 41.94914126 47.56761084 53.18608042 58.80455 64.42301958 68.71047262 69.89222041 71.07396821 72.255716 73.43746379 74.61921158 78.43173799 
3.004425105 5.085757153 7.1670892 9.248421248 11.32975329 13.41108534 15.49241739 16.55030896 17.16958319 17.78885742 18.40813165 19.02740588 19.6466801 20.37088075 21.25247101 22.13406128 23.01565154 23.89724181 24.77883207 25.49034561 24.67116858 23.85199156 23.03281453 22.2136375 21.39446048 20.57528345 24.15814987 28.84152716 33.52490444 34.14733882 32.58311163 31.01888444 16.84625333 22.70427189 28.56229045 33.01087828 34.84195188 36.67302549 37.12472812 32.05894683 26.99316554 21.92738426 16.86160297 11.79582168 6.730040398 10.40161372 15.04400421 19.68639471 24.3287852 28.9711757 33.6135662 38.84160414 44.46007372 50.0785433 55.69701288 61.31548246 66.93395204 71.22140508 72.40315288 73.58490067 74.76664846 75.94839625 77.13014404 78.31189183 
