2.782207307 2.817728024 2.853248741 2.888769458 2.924290175 2.959810892 2.995331609 3.025864196 3.054259013 3.08265383 3.111048647 3.139443465 3.167838282 3.194693335 3.219238742 3.243784149 3.268329556 3.292874962 3.317420369 3.348124162 3.434253424 3.520382686 3.606511949 3.692641211 3.778770473 3.864899735 4.068851846 4.302259668 4.53566749 4.89606349 5.32483774 5.75361199 6.40134269 7.081758965 7.762175241 8.008804376 7.449828822 6.890853269 6.448450587 6.472339394 6.4962282 6.520117007 6.544005814 6.56789462 6.591783427 6.549141283 6.499106812 6.449072341 6.39903787 6.349003399 6.298968927 6.24280071 6.182543328 6.122285946 6.062028564 6.001771182 5.941513801 5.911234577 5.950904389 5.990574201 6.030244012 6.069913824 6.109583636 6.149253448 
5.823554279 5.859074996 5.894595713 5.93011643 5.965637147 6.001157864 6.154117639 6.376287018 6.519843172 6.548237989 6.576632806 6.605027623 6.633422441 6.889059618 7.385468158 7.410013565 7.434558972 7.459104379 7.483649786 7.514353578 7.60048284 7.686612102 7.772741365 7.858870627 7.951204731 8.285527658 8.543457876 8.776865699 9.010273521 9.370669521 9.799443771 10.18371456 10.65271175 11.26008089 11.94049717 11.92068014 11.16186996 10.6028944 10.17562969 10.27520835 10.30098941 10.32487821 10.34876702 10.37265583 10.39654463 10.5147111 10.5227464 10.47271193 10.42267746 10.37264299 10.32260852 10.36829505 10.41413637 10.35387898 10.2936216 10.23336422 10.17310684 10.14282761 10.18249743 10.22216724 10.26183705 10.30150686 10.24431138 9.853468768 
8.864901251 8.900421968 8.935942685 8.971463402 9.026028291 9.188510151 9.350992011 9.57316139 9.820911135 10.01382215 10.04221697 10.07061178 10.0990066 10.35464378 10.9511445 11.54764522 11.60078839 11.62533379 11.6498792 11.68058299 11.76671226 11.85284152 11.93897078 12.08714846 12.42147139 12.75579431 13.01505291 13.25147173 13.48487955 13.84527555 14.2740498 14.41602395 14.94097834 15.43840282 16.11881909 16.09900206 14.87391109 14.31493554 13.88767083 13.98724949 14.08682815 14.12963942 14.15352823 14.17741703 14.20130584 14.3194723 14.44811406 14.49635152 14.44631705 14.39628257 14.3462481 14.39193464 14.50143517 14.58547202 14.52521464 14.46495726 14.40469988 14.37442065 14.41409046 14.45376028 14.49343009 14.33936931 13.9485267 13.55768409 
11.90624822 11.94176894 11.97728966 12.0604208 12.22290266 12.38538452 12.54786638 12.77003576 13.01778551 13.26553525 13.50780112 13.53619594 13.56459076 13.82022794 14.41672866 15.01322937 15.60973009 15.79156321 15.81610862 15.84681241 15.93294167 16.01907093 16.22309219 16.55741512 16.89173804 17.22606097 17.48531957 17.72581208 17.95948558 18.31988158 18.61514544 18.64833335 19.22924493 19.71021511 20.29714102 20.27732399 18.95707367 18.02697667 17.59971196 17.69929062 17.79886928 17.89844795 17.95828943 17.98217824 18.00606705 18.12423351 18.25287527 18.38151703 18.46995663 18.41992216 18.36988769 18.41557422 18.52507476 18.6345753 18.74407583 18.69655029 18.63629291 18.60601369 18.6456835 18.68535331 18.43442724 18.04358463 17.65274202 17.26189941 
14.9475952 14.98311591 15.09481332 15.25729518 15.41977704 15.5822589 15.74474076 15.96691014 16.21465988 16.46240962 16.71015937 16.95790911 17.03017492 17.28581209 17.88231281 18.47881353 19.07531425 19.67181497 19.98233803 20.01304183 20.09917109 20.35903592 20.69335884 21.02768177 21.3620047 21.69632763 21.95558622 22.19607874 22.43409161 22.79448761 22.84745484 22.88064274 23.51751152 23.99848169 24.47945187 24.45564592 23.1353956 21.81514528 21.3117531 21.41133176 21.51091042 21.61048908 21.71006774 21.78693945 21.81082825 21.92899472 22.05763647 22.18627823 22.31491999 22.44356175 22.39352728 22.43921381 22.54871435 22.65821488 22.76771542 22.87721596 22.86788595 22.83760673 22.87727654 22.52948517 22.13864256 21.74779995 21.35695734 20.96611473 
17.98894217 18.12920583 18.29168769 18.45416955 18.61665141 18.77913327 18.94161513 19.16378451 19.41153425 19.659284 19.90703374 20.15478349 20.40253323 20.75139625 21.34789697 21.94439769 22.54089841 23.13739913 23.73389985 24.17927124 24.49497965 24.82930257 25.1636255 25.49794843 25.83227136 26.16659428 26.42585288 26.6663454 26.90683791 27.04657633 27.07976423 27.11295214 27.80577811 28.28674828 28.76771846 28.63396784 27.31371753 25.99346721 25.02379423 25.12337289 25.22295155 25.32253021 25.42210888 25.52168754 25.61558946 25.73375592 25.86239768 25.99103944 26.1196812 26.24832296 26.37696471 26.4628534 26.57235394 26.68185447 26.79135501 26.90085554 27.01035608 27.01538571 26.6245431 26.23370049 25.84285788 25.45201527 25.06117266 24.67033005 
21.21365903 21.37614089 21.53862275 21.70110461 21.86358647 22.02606833 22.12236773 22.32826405 22.58011279 22.82786254 23.07561228 23.32336203 23.57111177 23.95836191 24.55486263 25.15136334 25.74786406 26.34436478 26.9408655 27.05010645 27.1546734 27.48899633 27.82331925 28.15764218 28.49196511 28.82628804 28.77356678 29.0140593 29.25455181 29.36029633 29.39348424 29.42667214 30.62359587 31.10456604 31.58553622 31.26641425 29.94616393 28.62591361 27.81842054 27.91799921 28.01757787 28.11715653 28.21673519 28.31631385 28.30084131 28.4110293 28.53967106 28.66831282 28.79695457 28.92559633 29.06334197 29.1569148 29.25367115 29.36317169 29.47267222 29.58217276 29.6916733 29.65107089 29.26022828 28.86938567 28.47854306 28.08770045 27.69685783 27.24894191 
24.46893754 24.6314194 24.79390126 24.95638312 25.11886498 25.21761558 25.25753732 25.46343364 25.74046194 25.99172511 26.23947485 26.4872246 26.73497434 27.12222448 27.71872519 28.31522591 28.91172663 29.50822735 29.63378238 29.71230948 29.73615136 29.84692793 30.18125086 30.51557378 30.84989671 31.18421964 30.8492309 31.0080144 31.24850692 31.35425144 31.38743934 31.45696305 33.19633882 33.677309 34.08242367 33.64121473 32.32096441 31.06063567 30.46014439 30.55972305 30.65930171 30.75888037 30.85845904 30.84609599 30.79020005 30.90038804 31.0290298 31.15767155 31.28631331 31.42364514 31.57297753 31.66655035 31.72295014 31.82076851 31.93026904 32.03976958 32.14927012 32.10866771 31.7178251 31.32698249 30.93613988 30.54529727 30.09874023 29.63995319 
27.72421605 27.88669791 28.04917977 28.21166163 28.31286343 28.35278517 28.39270691 28.59860323 28.87563153 29.15265982 29.40333742 29.65108717 29.89883691 30.28608704 30.88258776 31.47908848 32.0755892 32.21138218 32.29598541 32.37451251 32.39835439 32.42219627 32.53918246 32.87350539 33.20782832 33.54215124 33.2071625 33.00196951 33.24246202 33.34820654 33.38139445 33.49434387 35.76908178 36.25005195 36.45722415 36.01601522 34.6957649 33.70235951 33.10186823 33.2014469 33.30102556 33.40060422 33.39135066 33.33545472 33.27955879 33.38974678 33.51838853 33.64703029 33.7839483 33.9332807 34.08261309 34.17618591 34.2325857 34.28898548 34.38786587 34.4973664 34.60686694 34.56626453 34.17542192 33.78457931 33.3937367 32.94853855 32.48975151 32.03096448 
30.97949456 31.14197642 31.30445828 31.40811128 31.44803302 31.48795476 31.5278765 31.73377283 32.01080112 32.28782941 32.56485771 32.81494973 33.06269948 33.44994961 34.04645033 34.64295105 34.78898198 34.87358521 34.95818844 35.03671554 35.06055742 35.0843993 35.10824118 35.23143699 35.56575992 35.90008285 35.5650941 35.06277744 35.23641713 35.34216165 35.40991288 35.53172469 38.34182473 38.7999036 38.83202464 38.3908157 37.11959212 36.34408336 35.74359208 35.84317074 35.9427494 35.93660534 35.8807094 35.82481346 35.76891753 35.87910551 36.00774727 36.14425147 36.29358386 36.44291625 36.59224864 36.68582147 36.74222125 36.79862104 36.85502082 36.95496322 37.06446376 37.02386135 36.63301874 36.24217613 35.79833687 35.33954983 34.8807628 34.42197576 
34.23477307 34.39725493 34.50335913 34.54328087 34.58320261 34.62312435 34.66304609 34.86894242 35.14597071 35.422999 35.7000273 35.97705559 36.22656205 36.61381218 37.2103129 37.36658178 37.45118501 37.53578824 37.62039147 37.69891857 37.72276045 37.74660233 37.77044421 37.79428609 37.92369152 38.25801445 37.92302571 37.42070904 37.23037224 37.33611676 37.4472937 37.56910551 40.91456769 41.17470409 41.20682512 40.76561618 39.76131597 38.9858072 38.38531592 38.48489459 38.48186001 38.42596408 38.37006814 38.3141722 38.25827626 38.36846425 38.50455464 38.65388703 38.80321942 38.95255181 39.1018842 39.19545703 39.25185681 39.3082566 39.36465638 39.42105616 39.52206058 39.48145817 39.09061556 38.64813519 38.18934815 37.73056112 37.27177408 36.81298704 
37.49005158 37.59860699 37.63852872 37.67845046 37.7183722 37.75829394 37.79821568 38.00411201 38.2811403 38.5581686 38.83519689 39.11222518 39.38925347 39.77767475 39.94418158 40.02878481 40.11338804 40.19799127 40.2825945 40.3611216 40.38496348 40.40880536 40.43264724 40.45648912 40.480331 40.61594605 40.28095731 39.77864065 39.27632399 39.36286271 39.48467452 39.60648633 43.48731064 43.54950457 43.58162561 43.17854858 42.40303981 41.62753105 41.02703977 41.02711469 40.97121875 40.91532281 40.85942688 40.80353094 40.747635 40.86485781 41.0141902 41.16352259 41.31285498 41.46218737 41.61151976 41.70509259 41.76149237 41.81789215 41.87429194 41.93069172 41.98709151 41.93905499 41.49793351 41.03914647 40.58035944 40.1215724 39.66278536 39.20399833 
40.5110156 40.30324436 40.3431661 40.38308784 40.42300958 40.46293132 40.50285306 40.70874939 40.98577768 41.26280597 41.53983427 41.81686256 42.09389085 42.01680851 42.10141175 42.18601498 42.27061821 42.35522144 42.43982467 42.45590895 42.41106373 42.43490561 42.45874749 42.48258937 42.50643124 42.53027312 42.13318817 41.63087151 41.12855485 41.22914519 41.350957 41.47276881 45.38490034 45.41702137 45.44914241 45.13591257 44.3604038 43.58489504 42.97596008 42.92119671 42.86530077 42.80940483 42.7535089 42.69761296 42.64171702 42.77052658 42.91985897 43.06919136 43.21852375 43.36785614 43.51718853 43.64470333 43.70110311 43.75750289 43.81390268 43.87030246 43.92670224 44.01754322 43.55875618 43.09996915 42.64118211 42.18239508 41.72360804 41.26482101 
43.21956029 42.43383879 42.47376053 42.51368227 42.55360401 42.59352575 42.63344749 42.83934382 43.11637211 43.3934004 43.6704287 43.94745699 44.14321626 43.6528496 43.58534476 43.66994799 43.75455122 43.83915445 43.92375768 43.93984196 43.58902693 43.61286881 43.63671069 43.66055257 43.68439445 43.70823633 43.31115138 42.80883472 42.30651806 42.86729655 42.98910836 43.11092017 46.56459293 46.60815993 46.64028097 46.18079675 45.40528798 44.62977922 44.02084426 44.02157644 43.9656805 43.90978456 43.85388863 43.79799269 43.74209675 43.87090631 44.0202387 44.16957109 44.31890348 44.46823587 44.66605679 44.82428097 44.88068076 44.93708054 44.99348032 45.04988011 45.10627989 45.3463307 45.17932739 44.72054035 44.26175331 43.80296628 43.34417924 42.88539221 
45.92810499 44.78853639 44.60435496 44.6442767 44.68419844 44.72412018 44.76404192 44.96993825 45.24696654 45.52399483 45.80102313 46.07805142 45.87559246 45.3852258 45.06927777 45.153881 45.23848423 45.32308746 45.40769069 45.42377497 44.82318868 44.79083202 44.8146739 44.83851578 44.86235766 44.88619954 44.48911458 43.98679792 43.51827731 44.50544792 44.62725973 44.74907154 47.73631737 47.79929849 47.83141953 47.37193531 46.45017216 45.6746634 45.06572845 45.12195617 45.06606023 45.01016429 44.95426836 44.89837242 44.84247648 44.97128604 45.12061843 45.26995082 45.41928321 45.5686156 45.84563443 46.00385862 46.0602584 46.11665819 46.17305797 46.22945775 46.36941603 46.60946684 46.79989859 46.34111155 45.88232452 45.42353748 44.96475044 44.50596341 
48.63664968 47.49708108 46.73494939 46.77487113 46.81479287 46.85471461 46.89463635 47.10053268 47.37756097 47.65458926 47.93161755 48.14363063 47.60796866 47.117602 46.69517832 46.63781401 46.72241724 46.80702047 46.89162371 46.90770798 46.30712169 45.96879523 45.99263711 46.01647898 46.04032086 46.06416274 45.66707779 45.16476113 44.73003657 45.81292785 46.26541109 46.3872229 48.9080418 48.99043705 49.02255809 48.56307387 47.49505634 46.71954758 46.11061263 46.16797291 46.16643996 46.11054402 46.05464809 45.99875215 45.94285621 46.07166577 46.22099816 46.37033055 46.51966294 46.71425128 47.02521208 47.18343627 47.23983605 47.29623583 47.35263562 47.4090354 47.63255217 47.87260298 48.14327525 47.96168275 47.50289572 47.04410868 46.58532165 46.12653461 
51.34519438 50.20562578 49.06605718 48.90546556 48.9453873 48.98530904 49.02523078 49.2311271 49.5081554 49.78518369 50.06221198 49.87600683 49.34034485 48.8499782 48.42755452 48.12174703 48.20635026 48.29095349 48.37555672 48.391641 47.7910547 47.1904684 47.17060031 47.19444219 47.21828407 47.24212595 46.845041 46.34272434 45.94179583 47.02468711 47.90356245 48.02537426 50.07976624 50.18157561 50.21369665 49.75421242 48.53994052 47.76443176 47.15549681 47.21285709 47.26681969 47.21092375 47.15502781 47.09913188 47.04323594 47.1720455 47.32137789 47.47071028 47.62004267 47.89382893 48.20478973 48.36301391 48.4194137 48.47581348 48.53221326 48.66876099 48.89568831 49.13573912 49.40641139 49.58225396 49.12346692 48.66467988 48.20589285 47.74710581 
54.05373907 52.91417047 51.77460187 51.03605999 51.07598173 51.11590347 51.15582521 51.36172153 51.63874983 51.91577812 52.144045 51.60838303 51.07272105 50.5823544 50.15993072 49.73750703 49.69028327 49.7748865 49.85948973 49.87557401 49.27498771 48.67440142 48.34856352 48.3724054 48.39624728 48.42008916 48.0230042 47.52068754 47.15355508 48.23644636 49.54171381 49.66352563 51.25149068 51.37165762 51.40483521 50.94535098 49.58482471 48.80931594 48.20038099 48.25774127 48.31510156 48.31130348 48.25540754 48.19951161 48.14361567 48.27242523 48.42175762 48.57109001 48.76244578 49.07340658 49.38436737 49.54259156 49.59899134 49.65539113 49.71179091 49.93189713 50.15882446 50.39887526 50.66954753 50.94021981 50.74403812 50.28525109 49.82646405 49.36767701 
56.76228377 55.62271517 54.48314657 53.34357797 53.20657616 53.2464979 53.28641964 53.49231596 53.76934426 54.04637255 53.8764212 53.34075923 52.80509725 52.3147306 51.89230692 51.46988323 51.17421628 51.25881951 51.34342274 51.35950702 50.75892072 50.15833443 49.55774813 49.5503686 49.57421048 49.59805236 49.20096741 48.72968794 48.36531434 49.44820562 51.17986518 51.30167699 52.42321512 52.54338206 52.59597376 52.13648954 50.76402413 49.85420012 49.24526517 49.30262545 49.35998574 49.41168321 49.35578727 49.29989134 49.2439954 49.37280496 49.52213735 49.67146974 49.94202343 50.25298423 50.56394502 50.72216921 50.77856899 50.83496877 50.96810595 51.19503327 51.4219606 51.6620114 51.93268368 52.20335595 52.36460932 51.90582229 51.44703525 50.98824822 
59.47082846 58.33125986 57.19169126 56.05212266 55.33717059 55.37709233 55.41701407 55.62291039 55.89993869 56.14445937 55.6087974 55.07313542 54.53747345 54.0471068 53.62468312 53.20225943 52.77983575 52.74275252 52.82735575 52.84344003 52.24285374 51.64226744 51.04168115 50.72833181 50.75217369 50.77601557 50.37893062 49.94144719 49.5770736 50.65996488 52.52215263 52.93982835 53.59493956 53.71510649 53.78711232 53.3276281 51.95516269 50.8990843 50.29014935 50.34750963 50.40486992 50.4622302 50.456167 50.40027107 50.34437513 50.47318469 50.62251708 50.81064028 51.12160108 51.43256187 51.74352267 51.90174685 51.95814664 52.01454642 52.23124209 52.45816941 52.68509674 52.92514755 53.19581982 53.46649209 53.73716436 53.52639349 53.06760645 52.60881942 
62.17937316 61.03980456 59.90023596 58.76066736 57.62109876 57.50768675 57.54760849 57.75350482 58.03053311 57.87683557 57.3411736 56.80551162 56.26984965 55.779483 55.35705932 54.93463563 54.51221195 54.22668554 54.31128877 54.32737305 53.72678675 53.12620045 52.52561416 51.92502786 51.9301369 51.95397878 51.55689382 51.15320645 50.78883285 51.87172413 53.73391189 54.57797971 54.766664 54.88683093 54.97825088 54.51876666 53.14630125 51.94396848 51.33503353 51.39239381 51.4497541 51.50711438 51.55654673 51.5006508 51.44475486 51.57356442 51.72289681 51.99021793 52.30117873 52.61213952 52.92310031 53.0813245 53.13772429 53.26745091 53.49437823 53.72130556 53.94823288 54.18828369 54.45895596 54.72962823 55.0003005 55.14696469 54.68817766 54.22939062 
64.88791785 63.74834925 62.60878065 61.46921205 60.32964345 59.63828118 59.67820292 59.88409925 60.14487374 59.60921177 59.0735498 58.53788782 58.00222585 57.5118592 57.08943551 56.66701183 56.24458815 55.82216447 55.79522178 55.81130606 55.21071976 54.61013347 54.00954717 53.40896087 53.1081001 53.13194198 52.73485703 52.36496571 52.00059211 53.08348339 54.94567114 56.21613108 55.93838843 56.05855537 56.16938944 55.70990522 54.33743981 52.98885266 52.37991771 52.437278 52.49463828 52.55199856 52.60935885 52.60103052 52.54513459 52.67394415 52.85883478 53.16979558 53.48075637 53.79171717 54.10267796 54.26090215 54.31730193 54.53058705 54.75751437 54.9844417 55.21136902 55.45141983 55.7220921 55.99276437 56.26343664 56.53410891 56.30874886 55.84996182 
67.59646255 66.45689395 65.31732535 64.17775675 63.03818815 61.89861955 61.80879735 62.01469368 61.87724994 61.34158797 60.80592599 60.27026402 59.73460205 59.2442354 58.82181171 58.39938803 57.97696435 57.55454067 57.27915479 57.29523907 56.69465277 56.09406648 55.49348018 54.89289389 54.29230759 54.30990519 53.94109856 53.57672497 53.21235137 54.29524265 56.1574304 57.85428244 57.11011287 57.23027981 57.35044675 56.90104378 55.52857837 54.15611296 53.42480189 53.48216218 53.53952246 53.59688274 53.65424303 53.70141025 53.64551432 53.77432387 54.03841243 54.34937323 54.66033402 54.97129481 55.28225561 55.4404798 55.56679587 55.79372319 56.02065052 56.24757784 56.47450516 56.71455597 56.98522824 57.25590051 57.52657278 57.79724506 57.92932006 57.47053302 
70.30500724 69.16543864 68.02587004 66.88630144 65.74673284 64.60716425 63.93939178 64.14528811 63.60962614 63.07396417 62.53830219 62.00264022 61.46697825 60.9766116 60.55418791 60.13176423 59.70934055 59.28691687 58.86449319 58.77917208 58.17858579 57.57799949 56.97741319 56.3768269 55.7762406 55.48786839 55.15285782 54.78848422 54.42411062 55.5070019 57.36918966 59.23137741 58.28183731 58.40200425 58.52217119 58.09218234 56.71971693 55.34725152 54.46968607 54.52704636 54.58440664 54.64176693 54.69912721 54.75648749 54.74589405 54.90702928 55.21799008 55.52895087 55.83991167 56.15087246 56.46183325 56.62005744 56.82993201 57.05685933 57.28378666 57.51071398 57.7376413 57.97769211 58.24836438 58.51903665 58.78970892 59.0603812 59.33105347 59.09110422 
73.01355194 71.87398334 70.73441474 69.59484614 68.45527754 67.31570894 66.17614034 65.87766431 65.34200234 64.80634037 64.27067839 63.73501642 63.19935445 62.7089878 62.28656411 61.86414043 61.44171675 61.01929307 60.59686939 60.26310509 59.6625188 59.0619325 58.46134621 57.86075991 57.26017362 56.6658316 56.36461708 56.00024348 55.63586988 56.71876116 58.58094891 60.44313667 59.45356175 59.57372869 59.69389562 59.2833209 57.91085549 56.53839008 55.51457025 55.57193054 55.62929082 55.68665111 55.74401139 55.80137168 55.84627378 56.08660693 56.39756773 56.70852852 57.01948931 57.33045011 57.6414109 57.86614083 58.09306815 58.31999547 58.5469228 58.77385012 59.00077744 59.24082825 59.51150052 59.78217279 60.05284507 60.32351734 60.59418961 60.71167543 
74.65545952 73.51589092 72.37632232 71.23675373 70.09718513 68.95761653 67.79543128 66.98571686 66.45005489 65.91439291 65.37873094 64.84306897 64.307407 63.81704034 63.39461666 62.97219298 62.5497693 62.12734562 61.70492194 61.524663 60.9240767 60.32349041 59.72290411 59.12231781 58.52173152 58.12332535 57.66751154 57.30313795 56.93876435 58.02165563 59.88384338 61.74603113 60.03590967 60.15607661 60.27624355 60.21404563 58.84158022 57.46911481 56.6814729 56.73883318 56.79619347 56.85355375 56.91091403 56.96827432 57.3848365 58.18418186 58.49514265 58.80610345 59.11706424 59.42802503 59.73898583 59.99888563 60.22581295 60.45274028 60.6796676 60.90659492 61.13352224 61.37357305 61.64424532 61.9149176 62.18558987 62.45626214 62.72693441 62.88416368 
75.49738928 74.35782068 73.21825208 72.07868348 70.93911488 69.77866938 68.55211368 67.72570318 67.0898647 66.55420273 66.01854076 65.48287878 64.94721681 64.45685016 64.03442647 63.61200279 63.18957911 62.76715543 62.6418529 62.61943957 62.01885327 61.41826698 60.81768068 60.21709438 59.80745598 59.76848114 59.03875742 58.67438382 58.31001022 59.3929015 61.25508926 62.63016938 60.17622521 60.29639214 60.47458459 60.94945999 59.57699458 58.20452917 57.93988939 57.99724967 58.05460996 58.11197024 58.16933052 58.57027524 59.40850922 60.47236075 61.28121554 61.59217633 61.90313712 62.21409792 62.52505871 62.78491274 63.01076425 63.23769157 63.4646189 63.69154622 63.91847354 64.15852435 64.42919662 64.69986889 64.97054116 65.24121344 65.40249424 65.47058972 
76.33931903 75.19975043 74.06018183 72.92061324 71.76190748 70.53535178 69.30879609 68.48238558 67.82746586 67.19401254 66.65835057 66.1226886 65.58702662 65.09665997 64.67423629 64.25181261 63.82938892 63.69480135 63.73662947 63.71421614 63.11362984 62.51304355 61.91245725 61.49158662 61.45261178 61.41363694 60.66714322 60.0456297 59.6812561 60.76414738 62.62633513 63.11740511 60.31654074 60.43670768 61.20999895 61.68487435 60.31240894 59.43092512 59.19830588 59.25566616 59.31302645 59.37038673 59.75571397 60.59394795 61.43218193 62.49603347 63.58495362 64.37824921 64.68921001 65.0001708 65.3111316 65.57098562 65.79676847 66.02264287 66.24957019 66.47649752 66.70342484 66.94347565 67.21414792 67.48482019 67.75549246 67.9208248 67.98892028 68.05701577 
77.18124879 76.04168019 74.90211159 73.74514557 72.51858988 71.29203418 70.06547849 69.23906798 68.58414826 67.92922855 67.29816038 66.76249841 66.22683644 65.73646978 65.3140461 64.89162242 64.74774981 64.78957792 64.83140604 64.80899271 64.20840641 63.60782012 63.17571726 63.13674242 63.09776758 63.05879274 62.31229902 61.41687557 61.05250197 62.13539325 63.54655542 63.60464084 60.45685628 60.57702321 61.94541331 62.42028871 61.04782329 60.68934161 60.45672237 60.51408265 60.57144294 60.9411527 61.77938668 62.61762067 63.45585465 64.51970618 65.60862633 66.69754649 67.47528289 67.78624369 68.09720448 68.35705851 68.58284135 68.8086242 69.03452149 69.26144881 69.48837614 69.72842694 69.99909922 70.26977149 70.43915536 70.50725085 70.57534633 70.64344181 
78.02317854 76.88360994 75.72838367 74.50182797 73.27527228 72.04871658 70.82216089 69.99575038 69.34083066 68.68591095 68.03099123 67.40230822 66.86664625 66.37627959 65.95385591 65.80069827 65.84252638 65.88435449 65.92618261 65.90376928 65.30318298 64.85984789 64.82087305 64.78189821 64.74292337 64.70394853 63.95745481 63.03408138 62.42374785 63.50663913 64.03379115 64.09187658 60.59717181 61.21123029 62.68082766 63.15570306 62.25287222 61.9477581 61.71513886 61.77249914 62.12659143 62.96482541 63.8030594 64.64129338 65.47952736 66.5433789 67.63229905 68.7212192 69.81013935 70.57231657 70.88327737 71.14313139 71.36891424 71.59469708 71.82047993 72.04640011 72.27332743 72.51337824 72.78405051 72.95748592 73.02558141 73.09367689 73.16177237 73.22986785 
78.8651083 77.71162176 76.48506607 75.25851037 74.03195468 72.80539899 71.57884329 70.75243278 70.09751306 69.44259335 68.78767363 68.13275392 67.50645606 67.0160894 66.85364673 66.89547484 66.93730295 66.97913106 67.02095918 66.99854585 66.54397853 66.50500369 66.46602885 66.42705401 66.38807917 66.34910433 65.60261061 64.67923717 63.79499372 64.46294147 64.52102689 64.57911231 60.73748735 61.94664465 63.41624202 63.89111742 63.51128871 63.20617459 62.97355535 63.31203016 64.15026415 64.98849813 65.82673211 66.66496609 67.50320008 68.56705161 69.65597176 70.74489191 71.83381207 72.92273222 73.66935025 73.92920428 74.15498712 74.38076997 74.60655281 74.83233566 75.05827873 75.29832954 75.47581649 75.54391197 75.61200745 75.68010293 75.74819841 75.81629389 
79.8766829 78.6501272 77.42357151 76.19701582 74.97046012 73.74390443 72.51734873 71.48654167 70.83162196 70.17670224 69.52178253 68.86686281 68.21194309 67.77308339 67.81491151 67.85673962 67.89856773 67.94039584 67.98222396 67.97386541 67.91804802 67.87907318 67.84009834 67.8011235 67.76214866 67.72317382 66.9766801 66.05330667 65.12993323 64.93542645 64.99351187 65.05159729 61.252393 62.72199038 64.19158775 65.09487685 64.78976273 64.48464861 64.16719858 65.00543256 65.84366654 66.68190052 67.52013451 68.35836849 69.19660247 70.26045401 71.34937416 72.43829431 73.52721446 74.61613461 75.70505476 76.36470184 76.59048468 76.81626753 77.04205037 77.26783322 77.49361606 77.74874793 77.81684342 77.8849389 77.95303438 78.02112986 78.08922534 78.15732082 
81.90612657 80.67957088 79.45301518 78.22645949 76.99990379 75.7733481 73.46182233 72.14268277 71.4302898 70.77537008 70.12045036 69.46553065 68.81061093 68.25542145 67.97510554 68.01693365 68.05876177 68.10058988 68.14241799 68.13405944 67.67402097 67.62662486 67.58765002 67.54867518 67.50970034 67.4707255 66.72423178 65.80085834 65.31537394 65.31940696 65.37749239 65.43557781 62.26732697 63.73692434 65.20652172 66.49369605 66.18858193 65.88346781 65.81286903 64.71721303 65.55544702 66.393681 67.23191498 68.07014896 68.90838295 69.97223448 71.06115463 72.15007478 73.23899494 74.32791509 75.87254024 76.69674745 76.9225303 77.14831314 77.37409599 77.59987883 77.82058117 78.15848044 78.68547566 78.75357115 78.82166663 78.88976211 78.95785759 79.02595307 
83.93557025 82.70901455 81.48245886 80.25590316 79.02934747 76.74428438 74.19459444 72.87545489 72.08369407 71.37403792 70.7191182 70.06419849 69.40927877 68.85408929 68.44849515 68.17712769 68.2189558 68.26078391 68.30261203 68.29425348 67.83421501 67.37417653 67.33520169 67.29622685 67.25725201 67.21827717 66.47178345 65.54841002 66.0846667 66.01792809 65.7614729 65.81955832 63.28226093 64.75185831 66.47824966 67.89251525 67.58740112 67.47258012 67.58466275 66.32084241 65.26722749 66.10546147 66.94369546 67.78192944 68.62016342 69.68401496 70.77293511 71.86185526 72.95077541 74.48274209 76.20458585 77.02879307 77.25457591 77.48035876 77.7061416 77.92708587 78.14077225 78.47867152 79.10640084 79.6222034 79.69029888 79.75839436 79.82648984 79.89458532 
85.96501392 84.73845823 83.51190253 82.28534684 80.02674643 77.4770565 74.92736656 73.60822701 72.81646619 72.02470538 71.31778604 70.66286633 70.00794661 69.45275713 69.04716299 68.64156885 68.37914984 68.42097795 68.46280606 68.45444752 67.99440904 67.53437057 67.08275337 67.04377853 67.00480369 66.96582885 66.21933513 65.69214701 66.85395947 66.78722085 66.14545341 66.20353883 64.29719489 65.76679227 67.87706885 69.29133444 68.98622032 69.24437384 69.35645647 68.09263612 66.82881578 65.81724195 66.65547593 67.49370992 68.3319439 69.39579543 70.48471558 71.57363573 73.09294394 74.81478771 76.53663147 77.36083868 77.58662153 77.81240437 78.03359056 78.24727695 78.46096334 78.79886261 79.42659193 80.05432125 80.55893113 80.62702661 80.69512209 80.76321757 
87.9944576 86.7679019 85.54134621 83.30920849 80.75951855 78.20982861 75.66013867 74.34099912 73.54923831 72.75747749 71.96571668 71.26153417 70.60661445 70.05142497 69.64583083 69.24023669 68.83464256 68.58117199 68.6230001 68.61464155 68.15460308 67.6945646 67.23452613 66.7913302 66.75235536 66.71338052 65.9668868 66.46143978 67.62325223 67.55651362 66.82824751 66.58751934 65.31212886 66.93580262 69.27588805 70.69015364 70.56010919 71.01616756 71.12825019 69.86442984 68.60060949 67.33678915 66.36725641 67.20549039 68.04372437 69.10757591 70.19649606 71.70314579 73.42498956 75.14683332 76.86867708 77.6928843 77.91866714 78.14009526 78.35378165 78.56746804 78.78115443 79.1190537 79.74678302 80.37451234 81.00224166 81.49565886 81.56375434 81.63184982 
90.02390127 88.79734558 86.59167054 84.0419806 81.49229067 78.94260073 76.39291079 75.07377124 74.28201042 73.49024961 72.69848879 71.90672798 71.20528229 70.6500928 70.24449867 69.83890453 69.4333104 69.02771626 68.78319413 68.77483559 68.31479711 67.85475864 67.39472017 66.93468169 66.49990704 66.4609322 66.06892008 67.23073254 68.392545 68.32580638 67.59754027 66.97149986 66.32706282 68.33462182 70.67470725 72.08897284 72.33190291 72.78796128 72.9000439 71.63622356 70.37240321 69.10858287 67.84476252 66.91727087 67.75550485 68.81935638 70.31334765 72.03519141 73.75703517 75.47887894 77.2007227 78.02492991 78.24659996 78.46028635 78.67397274 78.88765913 79.10134551 79.43924478 80.0669741 80.69470342 81.32243274 81.95016207 82.43238659 82.50048207 
92.05334494 89.87413259 87.32444266 84.77475272 82.22506278 79.67537284 77.12568291 75.80654335 75.01478254 74.22302172 73.43126091 72.63950009 71.84773928 71.24876064 70.84316651 70.43757237 70.03197823 69.6263841 69.22078996 68.93502962 68.47499115 68.01495268 67.5549142 67.09487573 66.63483726 66.20848387 66.83821285 68.0000253 69.16183776 69.09509915 68.36683303 67.63856692 67.39335558 69.73344101 72.07352645 73.64763826 74.10369663 74.55975499 74.67183762 73.40801727 72.14419693 70.88037658 69.61655624 68.35273589 67.46728532 68.9235495 70.64539326 72.36723702 74.08908079 75.81092455 77.53276831 78.35310466 78.56679105 78.78047744 78.99416383 79.20785021 79.4215366 79.75943587 80.38716519 81.01489451 81.64262383 82.27035315 82.89808247 83.36911432 
92.74754694 90.06349371 87.51380378 84.96411384 82.4144239 79.86473396 77.31504403 76.10204821 75.3102874 74.51852658 73.72676577 72.93500495 72.14324414 71.50594999 71.10035586 70.69476172 70.28916758 69.88357345 69.47797931 68.98457218 68.5245337 68.06449523 67.60445676 67.14441828 66.68437981 66.24698634 67.03546081 68.19727327 69.35908573 69.29234711 68.564081 67.83581489 67.68263346 70.02271889 72.36280432 73.99431814 74.45037651 74.90643488 75.0185175 73.75469716 72.49087681 71.22705647 69.96323612 68.69941577 67.9737249 68.79815827 70.52000204 72.2418458 73.96368956 75.68553333 77.40737709 78.52950621 78.7431926 78.95687899 79.17056537 79.38425176 79.59793815 79.93583742 80.56356674 81.19129606 81.81902538 82.4467547 83.07448402 83.60020892 
92.90765226 90.03549043 87.4858005 84.93611056 82.38642062 79.83673068 77.28704075 76.18018867 75.43088535 74.63912454 73.84736372 73.05560291 72.26384209 71.62654795 71.22095381 70.81535968 70.40976554 70.0041714 69.59857727 68.98985414 68.52981567 68.0697772 67.60973872 67.14970025 66.68966178 66.32624197 67.00389086 68.16570331 69.32751577 69.26077716 68.53251104 67.80424493 67.57661314 69.86818024 72.20826567 73.79061735 74.22701086 74.68306923 74.79515186 73.53133151 72.26751116 71.00369082 69.73987047 68.47605013 68.80509301 68.48979231 70.21163608 71.93347984 73.6553236 75.37716737 77.09901113 78.43912581 78.86207833 79.07576472 79.28945111 79.50313749 79.71682388 80.05472315 80.68245247 81.31018179 81.93791111 82.56564043 83.19336975 83.57628846 
93.06775758 90.13417254 87.45779722 84.90810728 82.35841734 79.8087274 77.25903747 76.15218539 75.55148331 74.75972249 73.96796168 73.17620086 72.38444005 71.7471459 71.34155177 70.93595763 70.53036349 70.12476936 69.61797956 68.99513611 68.53509763 68.07505916 67.61502069 67.15498221 66.71456941 66.4054976 66.9723209 68.13413336 69.29594582 69.2292072 68.50094109 67.78596725 67.47750606 69.71364158 72.05372701 73.63607869 74.00364521 74.45970358 74.57178621 73.30796586 72.04414551 70.78032517 69.51650482 68.74776359 69.63646113 69.18160115 69.90327011 71.62511388 73.34695764 75.0688014 76.79064517 78.13075985 78.98096406 79.19465045 79.40833684 79.62202323 79.83570962 80.17360888 80.8013382 81.42906752 82.05679685 82.68452617 83.21607989 83.552368 
93.22786291 90.29427786 87.42979394 84.880104 82.33041406 79.78072412 77.23103419 76.12418211 75.63568912 74.88032045 74.08855963 73.29679882 72.505038 71.86774386 71.46214972 71.05655559 70.65096145 70.24536731 69.62326152 69.00041807 68.5403796 68.08034112 67.62030265 67.16026418 66.79382503 66.48475322 66.99050937 68.1025634 69.26437586 69.19763725 68.46937113 67.7741343 67.37839897 69.55910293 71.89918836 73.48154004 73.78027956 74.23633793 74.34842056 73.08460021 71.82077986 70.55695952 69.29313917 69.5791317 70.46782924 70.01296927 69.59490415 71.31674792 73.03859168 74.76043544 76.48227921 77.82239388 78.9080225 79.31353618 79.52722257 79.74090896 79.95459535 80.29249462 80.92022394 81.54795326 82.17568258 82.8034119 83.19215943 83.52844754 
93.38796823 90.45438319 87.52079814 84.85210072 82.30241078 79.75272084 77.20303091 76.09617883 75.60768584 75.0009184 74.20915759 73.41739677 72.62563596 71.98834181 71.58274768 71.17715354 70.7715594 70.26947638 69.62854348 69.00570003 68.54566156 68.08562309 67.62558461 67.18215247 66.87308066 66.56400885 67.069765 68.07099345 69.23280591 69.16606729 68.43780118 67.76230136 67.27929189 69.40456427 71.74464971 73.32700139 73.55691391 74.01297228 74.12505491 72.86123456 71.59741422 70.33359387 69.52180228 70.41049982 71.29919735 70.84433738 70.24019324 71.00838196 72.73022572 74.45206948 76.17391325 77.51402792 78.59965654 79.43242192 79.6461083 79.85979469 80.07348108 80.41138035 81.03910967 81.66683899 82.29456831 82.83195086 83.16823897 83.50452708 
93.54807355 90.61448851 87.68090346 84.82409744 82.2744075 79.72471756 77.17502763 76.06817555 75.57968256 75.09118957 74.32975554 73.53799473 72.74623391 72.10893977 71.70334563 71.2977515 70.89215736 70.27475834 69.63382545 69.010982 68.55094352 68.09090505 67.63086658 67.2614081 66.95233629 66.64326448 67.14902063 68.03942349 69.20123595 69.13449734 68.40623123 67.75046841 67.18018481 69.2688799 71.59011105 73.17246273 73.34759459 73.78960663 73.90168926 72.63786891 71.37404857 70.11022822 70.35317039 71.24186793 72.13056547 71.67570549 71.07156135 70.700016 72.42185976 74.14370352 75.86554729 77.20566196 78.29129058 79.3769192 79.76499404 79.97868043 80.19236681 80.53026608 81.1579954 81.78572472 82.41345404 82.8080304 83.14431851 83.48060662 
93.70817887 90.77459383 87.84100879 84.90742374 82.24640422 79.69671429 77.14702435 76.04017227 75.55167928 75.0631863 74.4503535 73.65859268 72.86683187 72.22953772 71.82394359 71.41834945 70.9209732 70.28004031 69.63910741 69.01626396 68.55622549 68.09618701 67.64973554 67.34066373 67.03159192 66.72252011 67.22827626 68.00785354 69.169666 69.10292738 68.38634236 67.73863546 67.08107772 69.16977281 71.4355724 73.01792408 73.19305593 73.56624098 73.67832361 72.41450326 71.15068292 70.29584097 71.18453851 72.07323604 72.96193358 72.50707361 71.90292946 71.29878532 72.1134938 73.83533756 75.55718133 76.897296 77.98292462 79.06855324 79.88387977 80.09756616 80.31125255 80.64915181 81.27688114 81.90461046 82.44782183 82.78410994 83.12039805 83.45668616 
93.8682842 90.93469915 88.00111411 85.06752906 82.21840094 79.66871101 77.11902107 76.01216899 75.523676 75.03518302 74.54669003 73.77919064 72.98742982 72.35013568 71.94454154 71.53894741 70.92625516 70.28532227 69.64438938 69.02154592 68.56150745 68.10146898 67.72899117 67.41991936 67.11084755 66.80177574 67.30753189 68.01699502 69.13809604 69.07135743 68.37450941 67.72680252 66.98197064 69.07066573 71.28103375 72.86338543 73.03851728 73.34287533 73.45495796 72.19113761 70.92731727 71.12720908 72.01590662 72.90460416 73.7933017 73.33844172 72.73429758 72.13015343 71.80512784 73.5269716 75.24881536 76.58893004 77.67455866 78.76018728 79.8458159 80.21645189 80.43013828 80.76803755 81.39576687 82.02349619 82.42390137 82.76018948 83.09647759 83.4327657 
94.02838952 91.09480448 88.16121943 85.22763439 82.29404934 79.64070773 77.09101779 75.98416571 75.49567273 75.00717974 74.51868675 73.89978859 73.10802778 72.47073363 72.0651395 71.57247002 70.93153713 70.29060423 69.64967134 69.02682789 68.56678942 68.11731861 67.8082468 67.49917499 67.19010318 66.88103137 67.38678752 68.09625065 69.10652609 69.03978747 68.36267647 67.71496957 66.88286356 68.97155865 71.12649509 72.70884677 72.88397863 73.11950968 73.23159231 71.96777196 71.06987966 71.9585772 72.84727473 73.73597227 74.62466981 74.16980983 73.56566569 72.96152155 72.3573774 73.21860564 74.9404494 76.28056408 77.3661927 78.45182132 79.53744994 80.33533762 80.54902401 80.88692328 81.5146526 82.0636928 82.39998091 82.73626902 83.07255713 83.40884524 
94.18849484 91.2549098 88.32132475 85.38773971 82.45415467 79.61270445 77.06301451 75.95616243 75.46766945 74.97917646 74.49068347 74.00219048 73.22862573 72.59133159 72.18573745 71.57775198 70.93681909 70.2958862 69.6549533 69.03210985 68.57207138 68.19657424 67.88750243 67.57843062 67.26935881 66.960287 67.46604315 68.17550628 69.07495613 69.00821752 68.35084352 67.70313663 66.78375647 68.87245156 70.97195644 72.55430812 72.72943997 72.90457183 73.00822666 71.74440631 71.90124777 72.78994531 73.67864285 74.56734039 75.45603792 75.00117795 74.3970338 73.79288966 73.18874552 72.91023968 74.63208344 75.97219812 77.05782674 78.14345536 79.22908398 80.3147126 80.66790975 81.00580901 81.63353833 82.03977234 82.37606045 82.71234856 83.04863667 83.38492479 
94.34860016 91.41501512 88.48143008 85.54784503 82.61425999 79.68067494 77.03501123 75.92815916 75.43966617 74.95117318 74.46268019 73.9741872 73.34922369 72.71192954 72.22396684 71.58303395 70.94210106 70.30116816 69.66023527 69.03739182 68.58490168 68.27582987 67.96675806 67.65768625 67.34861444 67.03954263 67.54529877 68.25476191 69.04338618 68.98671747 68.33901058 67.69130368 66.68464939 68.77334448 70.86203957 72.39976946 72.57490132 72.75003318 72.78486101 71.84391835 72.73261589 73.62131342 74.51001096 75.3987085 76.28740604 75.83254606 75.22840192 74.62425777 74.02011363 73.41596949 74.32371748 75.66383216 76.74946078 77.8350894 78.92071802 80.00634664 80.78679548 81.12469475 81.67956376 82.01585188 82.35213999 82.6884281 83.02471621 83.36100433 
94.50870549 91.57512044 88.6415354 85.70795035 82.77436531 79.84078027 77.00700795 75.90015588 75.41166289 74.9231699 74.43467691 73.94618392 73.45769093 72.8325275 72.22924881 71.58831591 70.94738302 70.30645013 69.66551723 69.04267378 68.66415731 68.3550855 68.04601369 67.73694188 67.42787007 67.11879826 67.6245544 68.33401754 69.04348068 68.97488452 68.32717763 67.67947074 66.58554231 68.6742374 70.76293249 72.24523081 72.42036267 72.59549452 72.56149536 72.67528646 73.563984 74.45268154 75.34137907 76.23007661 77.11877415 76.66391417 76.05977003 75.45562589 74.85148174 74.2473376 74.01535152 75.3554662 76.44109482 77.52672344 78.61235206 79.69798068 80.7836093 81.24358048 81.65564331 81.99193142 82.32821953 82.66450764 83.00079575 83.33708387 
94.66881081 91.73522577 88.80164072 85.86805568 82.93447063 80.00088559 77.06730054 75.8721526 75.38365961 74.89516662 74.40667363 73.91818064 73.42968765 72.87546366 72.23453077 71.59359788 70.95266498 70.31173209 69.6707992 69.05248474 68.74341293 68.43434112 68.12526931 67.8161975 67.50712569 67.19805388 67.70381003 68.41327317 69.12273631 68.96305158 68.31534468 67.66763779 66.48643522 68.57513031 70.6638254 72.09069216 72.26582401 72.44095587 72.61795704 73.50665457 74.39535211 75.28404965 76.17274719 77.06144473 77.95014226 77.49528229 76.89113814 76.286994 75.68284986 75.07870571 74.47456157 75.04710024 76.13272886 77.21835748 78.3039861 79.38961472 80.47524334 81.29543473 81.63172285 81.96801096 82.30429907 82.64058718 82.9768753 83.31316341 
94.5194566 92.0399654 89.10638036 86.17279531 83.23921027 80.30562523 77.37204018 76.15001958 75.66152659 75.1730336 74.68454061 74.19604762 73.70755463 72.73548671 72.09538767 71.45445478 70.81352189 70.17258899 69.5316561 68.92390931 68.6148375 68.30576569 67.99669388 67.68762207 67.37855026 67.11907623 67.66267362 68.37213676 69.0815999 68.90890251 68.26119562 67.61348873 66.45348632 68.54218141 70.6308765 72.06070256 72.23583442 72.41096627 72.20151767 72.90275149 73.79144903 74.68014657 75.56884411 76.45754165 77.34623918 76.89137921 76.28723506 75.68309092 75.07894678 74.47480263 73.8952932 74.737478 75.82310662 76.90873524 77.99436386 79.07999248 80.1656211 81.02644757 81.36273568 81.6990238 82.03531191 82.37160002 82.70788813 83.177314 
94.31852581 92.36881076 89.43522571 86.50164067 83.56805563 80.63447058 77.70088554 76.47886493 75.99037194 75.50187895 75.01338596 74.52489297 73.71217241 72.55184333 71.93217373 71.29124084 70.65030795 70.00937505 69.36844216 68.76069537 68.45162356 68.14255175 67.83347994 67.52440813 67.21533632 67.06633006 67.60147187 68.31093501 69.02039815 68.84770077 68.19999387 67.55228698 66.43156379 68.52025888 70.60895397 72.05147114 72.226603 72.40173485 71.77593554 72.05963655 72.94833408 73.83703162 74.72572916 75.6144267 76.50312424 76.04826426 75.44412012 74.83997597 74.23583183 73.63168769 73.65572866 74.47210107 75.51327501 76.59890363 77.68453225 78.77016087 79.85578949 80.71661596 81.05290407 81.38919218 81.7254803 82.06176841 82.39805652 83.02280977 
94.11759502 92.26518579 89.76407107 86.83048603 83.89690098 80.96331594 78.02973089 76.80771029 76.3192173 75.83072431 75.34223132 74.85373833 73.52852903 72.36819995 71.76895979 71.1280269 70.48709401 69.84616111 69.20522822 68.59748143 68.28840962 67.97933781 67.670266 67.36119419 67.09721127 67.01358389 67.54027013 68.24973326 68.9591964 68.78649902 68.13879212 67.56267232 66.40964125 68.49833634 70.58703143 72.04223972 72.21737158 72.39250343 71.35035341 71.38694316 72.10521914 72.99391668 73.88261421 74.77131175 75.66000929 75.20514931 74.60100517 73.99686103 73.39271688 72.78857274 73.41616413 74.23253654 75.2034434 76.28907202 77.37470064 78.46032926 79.54595788 80.40678435 80.74307246 81.07936057 81.41564868 81.75193679 82.21502277 82.86830554 
93.91666422 92.06425499 90.09291642 87.15933138 84.22574634 81.29216129 78.35857625 77.13655564 76.64806265 76.15956966 75.67107667 74.87927402 73.34488565 72.18455656 71.58531641 70.96481296 70.32388007 69.68294717 69.04201428 68.43426749 68.12519568 67.81612387 67.50705206 67.19798025 67.0444651 66.96083773 67.4840727 68.18853151 68.89799465 68.72529727 68.07759038 67.58916476 66.38771872 68.47641381 70.57664889 72.0330083 72.20814016 72.13686037 70.92477128 70.96136103 71.26210419 72.15080173 73.03949927 73.9281968 74.81689434 74.36203437 73.75789022 73.15374608 72.54960194 72.5490082 73.17659959 73.992972 74.93519842 75.9792404 77.06486902 78.15049764 79.23612626 80.09695273 80.43324084 80.76952896 81.10581707 81.44210518 82.06051854 82.71380131 
93.71573343 91.8633242 90.01091497 87.48817674 84.55459169 81.62100665 78.6874216 77.465401 76.97690801 76.48841502 75.99992203 74.69563064 73.16124226 72.00091318 71.40167303 70.80159902 70.16066613 69.51973323 68.87880034 68.27105355 67.96198174 67.65290994 67.34383813 67.07534631 66.99171894 66.90809156 67.43132653 68.12732977 68.8367929 68.66409552 68.01638863 67.61565719 66.36579618 68.45449127 70.56741747 72.02377689 72.19890874 71.71127824 70.49918916 70.5357789 70.57236865 71.30768678 72.19638432 73.08508186 73.9737794 73.51891942 72.91477528 72.31063113 71.70648699 72.30944367 72.93703506 73.75340747 74.69563389 75.66940879 76.75503741 77.84066603 78.92629465 79.78712112 80.12340923 80.45969734 80.79598546 81.25273154 81.90601431 82.55929708 
93.51480263 91.6623934 89.80998418 87.81702209 84.88343705 81.949852 79.01626696 77.79424635 77.30575336 76.81726037 76.04637563 74.51198726 72.97759888 71.8172698 71.21802964 70.61878949 69.99745219 69.35651929 68.7155864 68.10783962 67.79876781 67.489696 67.18062419 67.02260014 66.93897277 66.85534539 67.37858037 68.06612802 68.77559115 68.60289377 67.95518688 67.64214963 66.34387365 68.43256874 70.55818606 72.01454547 72.18967732 71.28569611 70.07360703 70.11019677 70.14678652 70.46457183 71.35326937 72.24196691 73.13066445 72.67580447 72.07166033 71.46751618 71.44228774 72.06987913 72.69747052 73.51384293 74.45606935 75.39829577 76.4452058 77.53083442 78.61646304 79.47728951 79.81357762 80.14986573 80.48615384 81.09822731 81.75151008 82.40479285 
93.31387184 91.46146261 89.60905338 87.75664415 85.2122824 82.27869736 79.34511231 78.12309171 77.63459872 77.14610573 75.86273225 74.32834387 72.7939555 71.63362641 71.03438626 70.43514611 69.83423825 69.19330535 68.55237246 67.94462568 67.63555387 67.32648206 67.05348135 66.96985398 66.8862266 66.80259922 67.3258342 68.00492627 68.71438941 68.54169202 67.95841351 67.66864206 66.32195111 68.4106462 70.54895464 72.00531405 72.1804459 70.86011399 69.6480249 69.68461464 69.72120439 69.75779413 70.51015443 71.39885196 72.2875495 71.83268953 71.22854538 70.62440124 71.20272321 71.8303146 72.45790599 73.2742784 74.21650482 75.15873124 76.13537419 77.22100281 78.30663143 79.16745789 79.50374601 79.84003412 80.29044031 80.94372308 81.59700585 82.25028862 
93.11294104 91.26053182 89.40812259 87.55571336 85.54112776 82.60754271 79.67395767 78.45193706 77.96344408 77.21347724 75.67908886 74.14470049 72.61031211 71.44998303 70.85074288 70.25150273 69.65226257 69.03009141 68.38915852 67.78141174 67.47233993 67.16326812 67.00073519 66.91710781 66.83348043 66.74985305 67.27308803 67.94803859 68.65318766 68.48049028 67.98490595 67.6951345 66.30002858 68.39347205 70.53972322 71.99608263 71.95879065 70.43453186 69.22244277 69.25903252 69.29562226 69.33221201 69.66703948 70.55573702 71.44443455 70.98957458 70.38543043 70.33556728 70.96315867 71.59075006 72.21834145 73.03471386 73.97694028 74.9191667 75.86139312 76.91117119 77.99679981 78.85762628 79.19391439 79.53020251 80.13593608 80.78921885 81.44250162 82.09578439 
92.91201025 91.05960102 89.20719179 87.35478257 85.50237334 82.93638807 80.00280303 78.78078242 78.29228943 77.02983386 75.49544548 73.96105711 72.42666873 71.26633965 70.66709949 70.06785934 69.46861919 68.86687747 68.22594458 67.6181978 67.30912599 67.0316164 66.94798902 66.86436164 66.78073426 66.69710689 67.22034186 67.89529243 68.59198591 68.41928853 68.01139838 67.72162693 66.27810604 68.38424063 70.5304918 71.98685121 71.53320852 70.00894973 68.79686064 68.83345039 68.87004013 68.90662988 68.94321962 69.71262207 70.60131961 70.14645963 69.54231549 70.09600275 70.72359414 71.35118553 71.97877692 72.79514933 73.73737575 74.67960217 75.62182859 76.60133958 77.6869682 78.54779467 78.88408278 79.32814908 79.98143185 80.63471462 81.28799739 81.94128016 
92.71107946 90.85867023 89.006261 87.15385177 85.30144254 83.26523343 80.33164838 79.10962778 78.38057885 76.84619047 75.3118021 73.77741372 72.24302535 71.08269626 70.48345611 69.88421596 69.28497581 68.68573566 68.06273064 67.45498386 67.14591205 66.97887023 66.89524285 66.81161547 66.7279881 66.64436072 67.16759569 67.84254626 68.53078416 68.35808678 68.03789082 67.74811937 66.25618351 68.37500921 70.52126038 71.97761979 71.1076264 69.5833676 68.37127851 68.40786826 68.444458 68.48104775 68.51763749 68.86950712 69.75820466 69.30334468 69.22884682 69.85643821 70.4840296 71.11162099 71.73921238 72.55558479 73.49781121 74.44003763 75.38226405 76.32449047 77.37713659 78.23796306 78.57425117 79.17364485 79.82692762 80.48021039 81.13349316 81.78677593 
92.51014866 90.65773943 88.80533021 86.95292098 85.10051175 83.24810252 80.66049374 79.43847313 78.19693546 76.66254709 75.12815871 73.59377034 72.05938196 70.89905288 70.29981273 69.70057258 69.10133242 68.50209227 67.8995167 67.29176992 67.00975144 66.92612406 66.84249668 66.75886931 66.67524193 66.59161455 67.11484953 67.78980009 68.46958241 68.3541547 68.06438325 67.77461181 66.23426097 68.36577779 70.51202896 71.96838837 70.68204427 69.15778547 67.94569639 67.98228613 68.01887588 68.05546562 68.09205537 68.12864511 68.91508971 68.46022974 68.98928229 69.61687368 70.24446507 70.87205646 71.49964785 72.31602026 73.25824668 74.2004731 75.14269952 76.08492594 77.06730497 77.92813144 78.36585785 79.01914062 79.67242339 80.32570616 80.97898893 81.6322717 
92.30921787 90.45680864 88.60439941 86.75199018 84.89958095 83.04717173 80.98933909 79.54768046 78.01329208 76.47890371 74.94451533 73.41012696 71.87573858 70.7154095 70.11616934 69.51692919 68.91768904 68.31844889 67.71920874 67.12855598 66.95700527 66.87337789 66.78975051 66.70612314 66.62249576 66.53886838 67.06210336 67.73705392 68.41200449 68.38064714 68.09087569 67.80110424 66.21233844 68.35654637 70.50279754 71.78072093 70.25646214 68.73220334 67.52011426 67.556704 67.59329375 67.62988349 67.66647324 67.70306298 68.07197477 68.12212636 68.74971775 69.37730914 70.00490053 70.63249192 71.26008331 72.07645572 73.01868214 73.96090856 74.90313498 75.8453614 76.78758782 77.61829983 78.21135361 78.86463639 79.51791916 80.17120193 80.8244847 81.47776747 
92.10828707 90.25587784 88.40346862 86.55105939 84.69865016 82.84624093 80.9938317 79.36403707 77.8296487 76.29526032 74.76087195 73.22648357 71.6920952 70.53176611 69.93252596 69.33328581 68.73404566 68.13480551 67.53556535 66.98788648 66.9042591 66.82063172 66.73700435 66.65337697 66.56974959 66.48612221 67.00935719 67.68430775 68.35925832 68.40713957 68.11736812 67.82759668 66.20106378 68.34731495 70.49356612 71.3551388 69.83088001 68.30662121 67.09453213 67.13112187 67.16771162 67.20430136 67.24089111 67.27748085 67.3140706 67.88256182 68.51015322 69.13774461 69.765336 70.39292739 71.02051878 71.83689119 72.77911761 73.72134403 74.66357045 75.60579687 76.54802329 77.40356661 78.05684938 78.71013215 79.36341492 80.0166977 80.66998047 81.32326324 
