0.5670258332 9.003497095 17.43996836 25.87643962 34.3188102 42.76590022 51.21299025 59.59444089 67.45077641 75.30711194 83.16344746 90.50967354 97.6008449 104.6920163 111.5602125 117.647996 123.7357795 129.823563 134.9462839 139.7932725 144.6402611 149.0018398 152.3925987 155.7833576 159.1741164 160.9336335 162.4892454 164.0448573 164.421751 163.3252469 162.2287429 161.1322388 
0.683475947 9.029940918 17.37640589 25.72287086 34.05880495 42.38576286 50.71272076 58.97059138 66.73672016 74.50857963 82.28043911 89.59806265 96.68169936 103.7653361 110.6538203 116.8592709 123.0647215 129.2701721 134.4820621 139.4286183 144.3751744 148.8452687 152.3795257 155.9137827 159.4480398 161.2422433 162.8189401 164.3956369 164.8692825 163.7105729 162.5518632 161.3931535 
0.7162209158 9.04964116 17.37911699 25.70859283 34.04697205 42.39247398 50.73797592 59.0080247 66.71319697 74.41836925 82.12354152 89.44533275 96.55220906 103.6590854 110.5602493 116.6932448 122.8255121 128.9577794 134.1762953 139.1383726 144.1004498 148.5717784 152.0616098 155.5514411 159.0466507 160.9022328 162.5723925 164.2425523 164.8680641 164.187766 163.5074679 162.7160958 
0.7183511113 9.047826946 17.3810428 25.71668349 34.08851445 42.4892976 50.86219446 59.13654865 66.84172092 74.60098368 82.38151421 89.71294193 96.82342309 103.9434879 110.8376151 116.940961 123.0492556 129.181523 134.3699646 139.2887418 144.2389837 148.7103123 152.2001436 155.6630306 159.1241978 160.8672912 162.3956254 164.0427779 164.6682897 163.9833982 163.2132293 162.4430603 
0.7170725234 9.105139201 17.4407799 25.77642059 34.14825155 42.5490347 50.94981786 59.29699119 67.06352204 74.84405258 82.62458311 89.97731185 97.09749171 104.2175565 111.1116837 117.2150296 123.3183755 129.4161454 134.5954101 139.5141872 144.4327177 148.8240708 152.2702364 155.7314035 159.1925707 160.9356641 162.4639983 163.993439 164.4276938 163.6175691 162.8474002 162.0772312 
0.7143570661 9.127919918 17.54148277 25.91425736 34.28608832 42.70266054 51.13031128 59.48329041 67.23889666 74.99450291 82.76592511 90.11865385 97.2574817 104.3927424 111.2868696 117.3870682 123.478039 129.5690098 134.7482745 139.6344658 144.5130079 148.904361 152.3213364 155.7383118 159.1931499 160.9362433 162.4732695 164.0110412 164.4452961 163.5001548 162.5550135 161.7792268 
0.7256272159 9.139190068 17.55275292 25.95506413 34.33854473 42.76028376 51.1879345 59.54139858 67.29966728 75.05527353 82.81087978 90.15530043 97.29412828 104.4329561 111.3134759 117.4163746 123.5073454 129.5983163 134.7899988 139.6685408 144.5470828 148.938436 152.3554114 155.7723868 159.2028962 160.9715852 162.5093569 164.0471287 164.4813835 163.5362423 162.591101 161.4184785 
0.7530921798 9.166655032 17.54634906 25.91924655 34.30272715 42.69467424 51.09655568 59.45001976 67.20999053 74.9699613 82.72629293 90.07071358 97.18823118 104.2843987 111.162502 117.2773807 123.3922593 129.4845472 134.6796632 139.6188208 144.5276423 148.9189954 152.3396581 155.7788197 159.2179812 160.9912417 162.5562647 164.1046214 164.5388762 163.5062573 162.2456663 160.9850752 
0.766859149 9.14691204 17.51980952 25.89270701 34.27618761 42.6681347 51.0600818 59.38783213 67.1478029 74.90777367 82.66825131 89.98581504 97.08198255 104.1781501 111.0458658 117.1546959 123.2695746 129.3844532 134.5848821 139.5240397 144.4631972 148.8782282 152.3173884 155.7565499 159.1957114 160.968972 162.5339949 164.0990179 164.4972836 163.2366926 161.9761016 160.7155106 
0.7395321344 9.132779593 17.52110413 25.89400162 34.27748222 42.66942931 51.07626484 59.41321806 67.17318883 74.9449346 82.73262732 90.04202653 97.11227897 104.2060773 111.073793 117.1419274 123.2317575 129.3466361 134.547065 139.4799553 144.3505584 148.7439913 152.1830839 155.6222161 159.0613776 160.8346382 162.4216627 164.0953185 164.5291694 163.4132641 162.1980528 160.9374617 
0.7122051198 9.105452579 17.49870004 25.8919475 34.28349873 42.69257475 51.10165077 59.43860399 67.2216179 75.00931062 82.79700334 90.10640254 97.17665498 104.2469074 111.1017203 117.1698547 123.2379891 129.308819 134.4751153 139.3457184 144.2163215 148.6097544 152.048847 155.4879395 158.9270438 160.7664619 162.4401177 164.1137735 164.5476244 163.4317191 162.3158139 161.1594129 
0.6867235494 9.079971008 17.47321847 25.85109476 34.22690795 42.62237673 51.03145275 59.37148619 67.15917891 74.94687163 82.75773509 90.12483068 97.22261597 104.2928684 111.140428 117.2085624 123.2766968 129.3867043 134.5743117 139.4591816 144.3297847 148.7188283 152.1483916 155.5874841 159.0265767 160.8963922 162.570048 164.1433114 164.465938 163.3500328 162.2345946 161.1268823 
0.66170046 9.054947919 17.42480419 25.79295844 34.16877162 42.55071195 50.93750791 59.27754135 67.06661992 74.88633085 82.70604178 90.07313737 97.21392529 104.3342544 111.1818139 117.2576928 123.3759877 129.4942825 134.6818898 139.6035864 144.5047863 148.8938299 152.3197546 155.7456792 159.1842018 161.0540173 162.5632937 164.0367459 164.3593726 163.246553 162.1388407 161.0311284 
0.6431865514 9.011509081 17.37966333 25.74781758 34.12363077 42.50557109 50.88751142 59.20509992 67.02191468 74.84162562 82.66133655 90.02843214 97.16922006 104.310008 111.2182603 117.3361984 123.4544932 129.5727881 134.7614777 139.6831743 144.6048709 149.0279769 152.4539015 155.8798262 159.3023612 160.9899257 162.4633779 163.9368301 164.2726477 163.1649355 162.0572232 161.0429418 
0.6522786652 9.021121908 17.38963741 25.75779166 34.13360485 42.51554517 50.89887817 59.21787954 67.01583576 74.82655742 82.64626835 90.01336395 97.15415187 104.2896991 111.1942059 117.2962989 123.4096992 129.5279941 134.719048 139.6440528 144.5657494 148.9888553 152.41478 155.8301838 159.2306471 160.9182117 162.3916639 163.9029941 164.2509839 163.1432716 162.2361322 161.5109578 
0.661370779 9.030214022 17.39905727 25.76776574 34.14357893 42.52752577 50.91165778 59.23065915 67.02861537 74.8265716 82.63120016 89.99810884 97.13187677 104.2656447 111.1701516 117.2722446 123.3743376 129.4832001 134.674254 139.6003819 144.5265099 148.9497338 152.3580063 155.7584697 159.158933 160.8562274 162.3687788 163.8813303 164.2293201 163.4293226 162.7041482 161.9789738 
0.628480247 8.99732349 17.36616673 25.36924232 32.1036886 40.364371 48.74850301 57.00113363 64.48314066 72.28109688 80.07905311 87.43421714 94.56798507 101.701753 109.1855657 115.8781866 121.9802796 128.0823726 133.2698262 138.1959541 143.122082 149.4318734 153.4588856 156.859349 160.2598123 163.0659131 164.5784646 166.091016 166.6090227 165.8838482 165.1586738 164.5534013 
0.5536070694 8.922450313 16.4017696 22.90060176 29.63504803 36.5579856 44.40941385 52.66204447 59.86266402 67.17736783 74.97532406 82.33048809 89.52324231 97.07139951 104.6122889 112.1277408 119.216218 125.318311 130.5057645 135.9115585 142.7301871 149.0903677 154.5336522 159.1328216 162.533285 165.76076 168.9666114 170.5320514 171.050058 170.3248836 169.7720802 169.2342405 
0.4787338918 7.43429687 13.93312903 20.43196119 27.16640747 34.08934504 41.0122826 48.32295531 55.52357486 62.7241944 69.92481395 77.40180827 84.94996548 92.49812268 100.039012 107.554464 115.0699159 122.5542494 128.7514242 135.5700528 142.3886814 148.7488619 154.1921464 159.6354309 164.8067576 168.0342326 171.240084 174.4459355 175.5285987 174.990759 174.4529194 173.9150797 
0.4379976149 8.071827738 14.64764445 21.14647661 27.88092289 34.80386046 41.86463011 49.50310925 56.7037288 63.90434834 71.222423 78.22968499 85.48999679 93.03815399 100.250959 106.5179757 114.0334276 121.5488796 128.5223578 135.3409864 141.4503995 146.0609104 150.2458613 155.6891458 161.1324302 164.5868853 167.7927368 170.4007926 171.5852225 171.455187 170.9173474 170.3795077 
0.4053104242 8.039140547 15.67297067 22.6115434 29.34598967 36.65294614 44.34615773 51.98463687 59.19390834 66.55444072 73.91497311 80.9222351 87.75286189 94.78384423 101.9966492 108.0357213 114.0747934 121.3463251 128.3198033 133.864177 138.9148994 143.5254103 147.2554982 150.9855861 156.3361798 159.7906349 162.0257229 164.0646255 165.2490554 165.3653945 165.4444407 164.906601 
0.3910783323 8.024908455 15.65873858 23.2925687 30.88146902 38.57468061 46.2678922 53.92413943 61.28467182 68.6452042 76.00573659 83.14385764 89.97448443 96.80511123 103.459837 109.4989091 115.5379812 121.6187792 127.261732 132.3124543 137.3631767 141.9736876 145.7037755 149.4338634 153.2987295 155.773561 157.8124636 159.8513662 160.9431157 161.0594547 161.1757937 161.2921328 
0.4511303311 8.084960454 15.66630699 23.08318463 30.61944594 38.2512142 45.9363889 53.59263613 60.95316852 68.33980569 75.77428431 83.06859202 90.29281427 97.13119119 103.7859169 109.824989 116.1999041 122.9625652 128.9822869 134.7205595 139.7712819 144.3817927 148.1118807 152.3013376 156.8299863 159.6514146 162.1441748 164.1830774 165.2203363 165.0055405 165.0417738 165.1581128 
0.5111823299 8.004344244 15.42122188 22.83809952 30.37436083 38.00612909 45.63789735 53.26113283 60.67782691 68.11230553 75.54678414 82.84109186 90.06531411 97.28953637 104.1119969 110.781029 117.54369 124.3063511 130.3260728 136.1335262 141.9409795 146.7898979 151.3039456 155.8325943 160.3612431 163.1826713 165.790697 168.3987227 169.5520475 169.3372517 169.1224559 169.0240929 
0.5105455535 7.927423189 15.34430082 22.71832726 30.22823564 37.86000389 45.45458457 52.92241479 60.14794601 67.57071889 75.00519751 82.06224881 89.10836261 96.33258487 103.454238 110.216899 116.9795601 123.2738922 128.8637361 134.5111289 140.3185823 145.5609915 149.7425059 154.2711547 158.7998034 161.6212316 164.2292573 166.7937218 168.1075892 167.8927934 167.7442926 167.9261554 
0.4896791855 7.890021645 15.24760517 22.6051887 30.11509708 37.63534419 45.13346178 52.601292 59.82682322 67.05235445 74.35891538 81.41596668 88.28430432 95.15264196 102.254136 108.7684408 115.0354693 121.3024977 126.8923416 132.2887042 137.7074574 142.9498665 147.0621874 151.1745083 155.5407982 158.3502776 160.8870756 163.4238736 164.737741 164.809853 164.9917158 165.1735786 
0.4666982619 8.107040214 15.46462374 22.82220727 30.36713922 37.94636079 45.44447838 52.9310367 60.30098106 67.52651229 74.75204352 81.76427933 88.64383779 95.51217543 102.2468888 108.5139172 114.7809457 120.9985351 126.5736454 131.970008 137.3117763 142.1592985 146.2716193 150.3839402 154.4649044 156.9413024 159.4575343 161.9943323 163.2878754 163.2381706 163.4200334 163.6018962 
0.4418912389 8.091612803 15.74133437 23.32434476 30.86927671 38.5640874 46.2588981 53.78795973 61.18204389 68.57612806 75.91299421 82.92523002 89.83081812 96.73640623 103.4750301 109.7056311 115.9063582 122.1070853 127.6631693 132.878292 138.0934148 142.940937 147.0290835 151.1048062 155.1805289 157.6569269 159.9334093 162.2404121 163.5339552 163.2734296 163.012904 163.0500171 
0.4662221469 7.587413446 15.02924644 22.678968 30.18425326 37.62347934 45.31829004 52.97968667 60.37377084 67.7601585 75.02596765 82.05162943 88.95721753 95.99792424 103.0375194 109.7778655 116.0709274 122.2716545 128.3268976 134.0335744 139.2486972 144.08402 148.1597426 152.4202938 157.1509206 160.2169 162.7866745 165.0631569 166.2526017 166.0785895 165.8180639 165.5575383 
0.5167040014 7.6378953 14.7590866 21.8802779 29.20874884 36.59848506 43.98822128 51.39004904 58.66065068 65.92645982 73.19226897 80.32591211 87.45100697 94.57610184 101.615697 108.3560431 115.0963893 121.8331974 127.822536 133.8362123 139.8498885 145.4358816 150.1665083 154.8971351 159.5700801 162.4920278 165.3499263 168.2078247 169.663043 169.4936908 169.3243385 169.1549862 
0.5302535268 7.852338843 15.22372354 22.59510823 30.00982986 37.49200868 44.9741875 52.43672384 59.74212029 67.04751674 74.35291318 81.4201702 88.38005822 95.33994625 102.274648 108.6594205 115.044193 121.4289655 127.1673162 132.7209749 138.2746336 143.5796556 147.8338145 152.0879733 156.3421322 159.0064231 161.4719806 163.9375381 165.1997685 164.7838951 164.3680217 164.0007241 
0.4877374935 8.497927774 16.50811806 24.51830834 32.5475883 40.59214002 48.63669174 56.62243953 64.13775595 71.65307237 79.16838878 86.29213455 93.22009499 100.1480554 106.8817221 112.9353606 118.9889992 125.0426377 130.2355526 135.1825465 140.1295404 144.5951907 148.0981537 151.6011167 155.1040797 157.1165042 158.9426113 160.7687185 161.5302522 160.9610691 160.3918859 159.8227028 
