0.245620113 4.071560873 7.897501632 11.72344239 15.68186299 19.74626747 23.81067195 27.88595312 32.04824784 36.21054255 40.37283727 44.74710352 49.22735554 53.70760756 58.18017866 62.62586657 67.07155447 71.51724238 76.01084678 80.5181416 85.02543643 89.35658857 93.33545534 97.31432211 101.2931889 104.2985542 107.1822318 110.0659095 111.7874111 112.0561926 112.3249742 112.5937557 
1.56005074 5.110381325 8.66071191 12.2110425 16.18440667 20.42026776 24.65612885 28.82485999 32.55229629 36.28873384 40.02517139 44.4043302 49.10108252 53.79783484 58.33541343 62.31588394 66.29635445 70.27682496 74.50220092 78.82639562 83.15059033 87.28418353 91.06511159 94.84603964 98.6269677 101.9762487 105.2715738 108.566899 111.1762191 112.7890952 114.4019714 116.0148476 
2.185875817 5.74899406 9.315978982 12.8829639 16.93122733 21.36451355 25.79779978 30.09618324 33.72787469 37.35956615 40.9912576 45.3658057 50.07530337 54.78480105 59.32933356 63.19707682 67.06368713 70.93029745 75.1620967 79.5033183 83.84453991 87.97722925 91.69285405 95.40847886 99.13200936 102.5379147 105.9194632 109.3010117 111.9974424 113.8374756 115.6775088 117.4648024 
2.745284405 6.312269327 9.946944985 13.62550804 17.84334287 22.4925951 27.03290448 31.37712462 35.00881607 38.45303537 41.82354269 46.08671025 50.83102267 55.66789138 60.2555266 63.97084462 67.71205044 71.57866075 75.75046756 80.00947335 84.32822264 88.46091198 92.17653678 95.81933133 99.45747713 102.8194591 106.1469206 109.519695 112.2161256 114.0591553 115.9578157 117.856476 
3.268891871 6.919267747 10.5978308 14.27639386 18.49422869 23.14348092 27.79273315 32.23940526 35.44197559 38.81248292 42.18299024 46.56130639 51.39845323 56.23532193 60.82295715 64.53827518 68.2535932 71.85412311 75.93569654 80.19470233 84.45271541 88.37322829 91.98731501 95.62546082 99.26360663 102.6255886 105.9530501 109.2696759 112.0284366 113.9875538 115.8862141 117.7848745 
3.741632629 7.378300314 11.014968 14.67356577 18.89140059 23.51682778 28.12553794 32.56344934 35.63497056 38.70649179 41.9677376 46.34605374 51.2282743 56.10187277 60.68950799 64.34003369 67.8005938 71.26115391 75.34272733 79.47063491 83.56776799 87.48828087 91.05555337 94.62282587 98.25082135 101.6128033 104.8551465 108.090188 110.8489487 113.0123583 115.1757679 117.0829285 
4.169115298 7.805782983 11.44245067 14.97125745 18.88164175 23.46261933 28.0713295 32.48604803 35.43023587 38.50175709 41.57327831 45.85193243 50.73415298 55.61637354 59.97482118 63.31457449 66.7751346 70.23569471 74.05304216 78.15017524 82.24730832 86.1678212 89.73509371 93.30236621 96.81604244 99.99120487 103.2262464 106.461288 109.2200487 111.3834583 113.5468679 115.9161267 
4.54419078 8.180858464 11.49285149 14.7396912 18.6500755 23.09129546 27.57911868 31.99383721 34.85662263 37.71940805 40.75623742 45.03489153 49.81040818 54.47902148 58.82536936 62.04378833 65.2622073 68.70942817 72.51591022 76.4212271 80.42254164 84.34305452 87.89572477 91.37513767 94.85455057 98.00946701 101.1238214 104.3119854 107.0707461 109.3133148 111.762177 114.2110392 
4.794064137 7.960053256 11.20689296 14.45373267 18.36411697 22.80533693 27.2465569 31.45515289 34.31793831 37.18072373 40.03925531 43.90727054 48.57588384 53.24449713 57.53572236 60.72204459 63.94046355 67.15888252 70.91155543 74.81687232 78.7221892 82.34872788 85.82540249 89.3048154 92.7842283 95.93914473 99.05349911 102.1678535 105.045787 107.4946492 109.9435114 112.3923736 
4.668331124 7.685231758 10.7577576 14.0045973 17.9149816 22.35620157 26.65591842 30.77704808 33.6398335 36.40379887 39.03393178 42.79343729 47.1176291 51.7547552 56.04598043 59.01634743 62.10184403 65.320263 69.07293591 72.95566162 76.61386576 80.16255176 83.49220147 86.90800187 90.38741477 93.5423312 96.66275426 99.80707274 102.7040049 105.2917041 107.7841116 110.2329738 
4.54259811 7.559498744 10.57639938 13.59330001 17.42096822 21.69939091 25.97781361 30.09894327 32.76834242 35.39847533 38.02860824 41.78811375 46.11230557 50.43649738 54.5562385 57.5266055 60.4969725 63.48164348 67.11128135 70.7694855 74.42768965 77.97637565 81.30602535 84.63567505 87.99060124 91.16376586 94.30808434 97.45240283 100.349335 102.9370342 105.5247335 108.073574 
4.236975641 7.253876275 10.27077691 13.17714975 16.4421933 20.3843843 24.662807 28.75808638 31.38821929 34.0183522 36.98344151 40.394102 44.42370571 48.74789752 52.77123938 55.74160638 58.71197338 61.56104863 65.15397552 68.85521183 72.51341597 76.00475597 79.20990626 82.53955596 85.86920567 89.03411651 92.17843499 95.2174354 97.99768621 100.5853854 103.2120099 106.4825215 
3.886661535 6.903562169 9.752266271 12.58873184 15.85377538 19.46168131 23.18956885 27.28484824 29.93501501 33.02800344 36.12099186 39.53165235 43.10114887 46.88954487 50.91288672 53.8608207 56.68589069 59.51096068 63.10388757 66.91620215 70.66669359 74.15803358 77.31564527 80.47325695 83.7954603 86.96037114 89.93224513 92.86653719 95.646788 98.49164569 101.7621574 105.032669 
3.484577491 6.295832655 9.132298221 11.96876379 15.23380733 18.84171326 22.44961918 25.9224472 29.00519307 32.09818149 35.19116992 38.60183041 42.17132693 45.74082345 49.29355852 52.13083644 54.95590644 57.78097643 61.33244536 65.14475994 68.95707451 72.55115479 75.70876647 78.86637816 82.08788852 85.10032471 88.03461677 90.96890884 94.04689104 97.31740272 100.5879144 103.5556668 
2.862932477 5.596178092 8.378523213 11.21498878 14.48003232 18.08793825 21.51550568 24.8053795 27.82143051 30.8826276 33.97561603 37.38627651 40.95577303 44.60306553 48.21139964 51.5909367 54.58351083 57.40858082 60.8694854 64.55507942 68.36739399 71.96147427 75.11908595 78.47502933 82.11261846 85.12505464 88.05934671 90.97086812 94.0415329 97.31204458 99.93260755 101.9635198 
2.241287463 4.974533078 7.707778693 10.46121377 13.72625731 17.0743363 20.39843797 23.68831179 26.70436281 29.72041382 32.76006213 36.17349724 39.84720194 43.52090664 47.12924076 50.50877782 53.88831489 57.03618522 60.49708979 64.1396614 67.782233 71.37179375 74.86217014 78.49975926 82.13734839 85.14393545 88.05472271 90.96550998 94.03617476 96.30954833 98.34046058 100.3713728 
2.055504784 4.788750399 7.521996014 9.739076962 10.24761089 13.3618342 16.68593587 19.81151751 22.0454772 25.06152822 28.07757923 31.53206604 35.20577075 38.87947545 41.45451347 44.68382207 48.06335913 51.4428962 55.02701568 58.66958728 62.31215889 66.10033448 69.91837408 73.55596321 77.19355234 80.86621509 83.77700236 86.68778962 89.20752132 91.23843356 93.2693458 96.59138484 
2.30558444 5.038830055 6.51679563 6.611115606 7.119649537 7.95955463 10.37799938 13.50358102 15.04100244 16.8608247 19.87687572 23.33136253 26.79303215 28.97715224 31.34701963 34.36700253 37.49560651 40.87514357 44.45926305 48.08248973 51.64873683 55.43488023 59.66081624 63.64364118 67.2812303 71.21871241 75.19368114 78.13770704 80.65743874 82.68835098 86.5753871 90.62355584 
2.555664095 3.294514297 3.388834274 3.48315425 3.99168818 4.831593274 5.671498368 7.195644531 8.733065953 10.27048737 11.8079088 14.50141821 16.6855383 18.86965839 21.23952578 24.25950868 27.27949159 30.30739094 33.85078839 37.41703549 40.98328258 44.76942598 48.99536199 53.22129801 57.36890827 61.30639037 65.2813591 69.25632783 72.51122062 76.55938936 80.6075581 84.65572684 
2.749019692 3.141292186 3.255821663 3.35014164 3.85867557 4.698580664 5.5927168 6.779519212 8.316940633 9.854362055 11.61402131 13.89928075 16.21328568 18.39740577 20.80957955 23.99054784 27.01053074 30.03051365 33.4753687 37.0416158 40.61156945 44.37471758 48.53641106 52.76234707 56.98828308 60.99113707 64.9661058 68.8253903 72.54296036 76.36043671 80.40860544 84.45677418 
2.929000411 3.321272905 3.7135454 3.923303301 4.431837232 5.422837369 6.565812404 7.752614816 9.306406614 11.1464005 12.98639439 15.27165383 17.77954604 20.19703157 22.60920535 25.81956704 29.02992873 32.08136508 35.52622014 39.09912685 42.67461352 46.43776165 50.57623271 54.71470377 58.93590758 62.93876156 66.72587007 70.47501317 74.19258323 77.870687 81.5698871 85.61805584 
3.07195524 3.464227734 3.856500229 4.248772724 5.18917474 6.332149776 7.475124812 8.695546386 10.53554027 12.37553416 14.21552805 16.63686685 19.14475906 21.65265128 24.31664782 27.5270095 30.73737119 33.96026189 37.52382304 41.09930971 44.67479638 48.43794451 52.57641557 56.71488663 60.83708298 64.5486404 68.29778351 72.04692661 75.59425214 79.2723559 82.95045966 86.62856343 
3.065876209 3.458148704 3.912532142 4.561553945 5.602524848 6.957055031 8.127701837 9.348123411 11.1881173 13.14549668 15.31800486 17.81655494 20.47812597 22.98904421 25.65304075 28.86340244 32.1746074 35.60224049 39.20303536 42.84646833 46.421955 50.18510313 54.32357419 58.40657563 62.44861907 66.00758171 69.55690671 73.30604981 76.75328182 79.82312497 83.3540827 87.03218647 
3.059797179 3.618541447 4.26756325 4.916585054 5.957555956 7.312086139 8.666616321 10.00070044 12.09323682 14.265745 16.43825318 18.93680326 21.59837429 24.25994532 26.98943368 30.3889529 33.81658599 37.24421909 40.84501396 44.49528363 48.1455533 51.93226175 55.97606828 60.01811171 64.06015515 67.61911779 71.11769534 74.61627289 78.01240503 81.08224817 84.15209132 87.43580951 
2.924433668 3.573455472 4.222477275 5.073111862 6.238072022 7.592602205 9.004572292 10.64771789 12.94829316 15.12797596 17.30048414 19.85804759 22.56391998 25.22549102 28.05729806 31.48493116 34.91256426 38.33279258 41.98679833 45.66457714 49.31484681 53.09031702 57.11887611 61.16091955 65.20296298 68.76192563 72.26050317 75.85080139 79.24214909 82.31199223 85.33137396 88.0992943 
2.745975332 3.472794316 4.400791948 5.32878958 6.49374974 8.020535386 9.581502272 11.22464787 13.52522314 15.82579841 18.07670932 20.63427278 23.38436387 26.13445496 28.97127622 32.39498254 35.81477916 39.23457579 42.88858154 46.60950418 50.32657863 54.10204883 58.12792012 62.15379141 66.18952806 69.77364971 73.42220106 77.0707524 80.4621001 83.313559 86.08147934 88.84939969 
2.495334218 3.597823418 4.52582105 5.453818682 6.791311693 8.395212177 9.956179063 11.61895226 14.0708767 16.37145197 18.67202725 21.30578155 24.07101009 26.82110119 29.72001573 33.13981235 36.55960898 40.00637459 43.66841754 47.38934018 51.10543493 54.91732213 58.94319342 62.96906471 66.96731368 70.61649965 74.26169955 77.91025089 81.07760044 83.73974588 86.50766623 89.27558657 
2.182357102 3.290634505 4.398911907 5.466021527 6.803514538 8.468603852 10.13369317 11.81896612 14.29618977 16.77341342 19.19067094 21.82442524 24.62476906 27.42511287 30.32930287 33.76897069 37.22493472 40.68089874 44.34125916 48.04615432 51.75104949 55.5629367 59.56751264 63.56114432 67.554776 71.20396197 74.81009223 78.4211961 81.58854564 84.15439292 86.72024021 89.42204213 
1.89496081 3.074051412 4.210182007 5.31845941 6.734304083 8.396720195 10.06180951 11.81713597 14.29435962 16.77245883 19.26427498 21.96177624 24.76212005 27.62608679 30.69631037 34.34935826 37.83904552 41.29500955 44.93671794 48.63538555 52.34028072 56.14142139 60.13505307 64.12395139 68.1008113 71.68479623 75.25498245 78.8611127 82.01246347 84.5944695 87.16031679 89.72616407 
1.600609516 2.779700118 3.95879072 5.137881323 6.614419635 8.276318124 9.938216614 11.70588175 14.19450915 16.6863253 19.17814145 21.94880881 24.85251115 27.7562135 30.82643708 34.47948497 38.13253286 41.78461359 45.46608486 49.16086307 52.85564127 56.64444671 60.62130661 64.59816652 68.57861667 72.22660314 75.76147869 79.29635425 82.42311103 85.00598744 87.58886385 90.17174026 
1.040470898 2.320620987 3.625571067 4.930521146 6.459223943 8.192105139 9.924986336 11.73926698 14.20474317 16.67021937 19.13569557 21.91074615 24.83279869 27.75485123 30.83328415 34.3891323 37.94498044 41.50082858 45.22358095 48.99402023 52.76445952 56.59283885 60.59935513 64.60587141 68.6123877 72.43208651 76.22843314 80.02477977 83.25898359 85.90643248 88.55388137 91.18860657 
0.08280708793 1.32769758 2.572588072 3.817478563 5.124558727 6.481390629 7.838222531 9.273481855 11.33616056 13.39883926 15.46151796 18.17358122 21.21033676 24.24709229 27.35284309 30.70007728 34.04731147 37.39454566 41.67146811 46.21401578 50.75656345 55.30968483 59.88395365 64.45822246 69.03249127 72.90800934 76.69618356 80.48435778 84.1123569 87.54013715 90.9679174 94.39569765 
