0.2057572329 2.816206895 5.426656557 8.037106219 10.79599416 13.67363272 16.55127128 19.46463424 22.66379233 25.86295041 29.0621085 32.55205504 36.1873958 39.82273655 43.55380489 47.61991978 51.68603467 55.75214956 60.01782798 64.34052456 68.66322113 72.96381505 77.22020366 81.47659227 85.73298087 88.99904874 92.14132651 95.28360429 96.92948955 96.70488416 96.48027878 96.2556734 
0.8766801553 3.343914119 5.811148083 8.278382046 11.14850304 14.19948791 17.25047279 20.30035312 23.37040301 26.44317982 29.51595663 33.29631282 37.36898187 41.44165091 45.48188543 49.40859912 53.33531281 57.2620265 61.49795065 65.8796944 70.26143815 74.39161358 78.24352049 82.09542741 85.94733433 89.41643225 92.83767904 96.25892583 98.55980944 99.2591341 99.95845875 100.6577834 
1.131087437 3.694550229 6.28711029 8.879670352 11.87883909 15.20329476 18.52775043 21.75722353 24.79826754 27.83931155 30.88035556 34.75518099 39.03584591 43.31651083 47.470229 51.17233921 54.8721921 58.57204498 62.73043103 66.98052944 71.23062786 75.26507738 78.86822912 82.47138086 86.10464724 89.63144842 93.14056156 96.6496747 99.07254201 100.1376021 101.2026621 102.1828084 
1.497389227 4.089949289 6.786660749 9.550898939 12.82792734 16.5151879 20.01943355 23.31239904 26.35344305 29.28469968 32.17278913 35.98926222 40.29417896 44.66357007 48.79104468 52.07181157 55.42428873 59.12414162 63.07981736 67.10858536 71.29818679 75.33263631 78.93578805 82.2933542 85.63524468 89.00059712 92.36888231 95.85515002 98.27801734 99.36856016 100.9321962 102.4958323 
1.877603643 4.69310556 7.457343751 10.22158194 13.49861034 17.1858709 20.87313147 24.5265911 27.2620692 30.15015865 33.0382481 36.82368558 41.19224705 45.56163816 49.68911277 52.96987966 56.25064655 59.31044933 63.06401656 67.09278456 71.11998685 74.73535605 78.06274555 81.40463602 84.7465265 88.11187894 91.48016413 94.84058598 97.53442261 99.1827727 100.7464088 102.3100449 
2.265513487 5.105946342 7.946379198 10.74692805 14.02395645 17.78562246 21.59949562 25.28031491 27.89670321 30.51309152 33.30189048 37.08732796 41.32143947 45.58126971 49.70874433 52.86478768 55.65515225 58.44551681 62.19908405 66.02108777 69.79455484 73.40992403 76.70909748 80.00827093 83.34404357 86.70939601 90.01591168 93.31712867 96.0109653 97.94557646 99.88018763 101.4557345 
2.689738272 5.530171127 8.370603982 11.16061198 14.43044179 18.23525283 22.04912598 25.66607203 27.93178371 30.54817201 33.16456032 36.85943076 41.09354227 45.32765377 48.98293121 51.651292 54.44165657 57.23202113 60.65765673 64.4311238 68.20459088 71.81996007 75.11913352 78.41830697 81.62681676 84.83501859 88.13623559 91.43745258 94.13128921 96.06590037 98.00051154 100.2870653 
3.15601441 5.996447265 8.685095059 11.34328374 14.61311355 18.37225627 22.14662743 25.76357347 27.80510259 29.84663171 32.36747853 36.06234897 40.15538456 44.10708054 47.74636058 50.29218484 52.83800909 55.61490225 59.0303763 62.62445307 66.30830874 69.92367794 73.19815016 76.34869997 79.49924977 82.68970803 85.88515484 89.14528837 91.83912499 93.90907532 96.33172772 98.75438011 
3.590918093 6.176462615 8.8346513 11.49283998 14.7626698 18.52181251 22.28095522 25.73156457 27.77309369 29.81462281 31.84733085 34.9109742 38.86267018 42.81436616 46.36970473 48.86665167 51.41247592 53.95830018 57.31943194 60.91350871 64.50758547 67.76841458 70.91603236 74.06658216 77.21713197 80.40759023 83.60303704 86.79848385 89.67954615 92.10219855 94.52485094 96.94750334 
3.931704411 6.383293099 8.88486097 11.54304965 14.81287947 18.57202218 22.04024162 25.31102461 27.35255373 29.18916242 30.74824642 33.73078806 37.42505851 41.35322051 44.90855908 47.0766467 49.42005512 51.96587937 55.32701114 58.88678031 62.10558471 65.24818455 68.23837526 71.32081192 74.47136172 77.66181998 80.81900168 83.82551452 86.69326119 89.38755014 91.89539938 94.31805177 
4.27249073 6.724079417 9.175668105 11.62725679 14.77082221 18.19526193 21.61970165 24.89048464 26.53099398 28.09007799 29.649162 32.63170363 36.32597409 40.02024454 43.44741343 45.61550105 47.78358867 49.97345857 53.14774587 56.36655028 59.58535469 62.72795453 65.71814523 68.70833594 71.72559147 74.80098868 77.80750152 80.81401436 83.68176103 86.37604998 89.07033893 91.68860021 
4.152377545 6.603966233 9.055554921 11.35538665 13.66425686 16.57142351 19.99586323 23.21304121 24.77212521 26.33120922 28.09403071 30.40025229 33.64358341 37.33785386 40.69297258 42.8610602 45.02914781 47.41008275 50.14040667 53.24732643 56.46613084 59.63687091 62.68815466 65.67834537 68.66853608 71.67323535 74.67974819 77.63178844 80.43918522 83.13347417 85.87351641 89.3703944 
3.917758742 6.36934743 8.589998776 10.79384636 13.10271656 15.49560487 18.073078 21.29025597 22.86152559 24.70214181 26.54275802 28.84897961 31.38800387 34.26210746 37.61722617 39.82468011 42.24774037 44.67080063 47.40112456 50.2192381 53.19809329 56.36883337 59.44344477 62.51805617 65.51190088 68.51660015 71.43392129 74.33180433 77.1392011 80.13575835 83.63263633 87.12951432 
3.580829325 5.658828105 7.862675686 10.06652327 12.37539347 14.76828178 17.16117009 19.4665385 21.30749893 23.14811515 24.98873137 27.29495295 29.83397721 32.37300147 34.93401379 37.35683031 39.77989057 42.20295083 44.97858743 47.79670097 50.61481452 53.51842735 56.59303875 59.66765015 62.73659722 65.64938921 68.54727224 71.44515528 74.54109108 78.03796906 81.53484705 84.76808757 
2.80999137 4.498571222 6.432252825 8.636100405 10.94497061 13.33785892 15.66194944 17.89752218 19.74072402 21.58240864 23.42302485 25.72924643 28.2682707 30.9607912 33.63150384 36.04349376 38.46320968 40.88626994 43.76089146 46.71750789 49.53562143 52.43923426 55.51384566 58.57087586 61.60293943 64.51573141 67.41361444 70.04111516 73.05016277 76.54704076 79.47795487 81.89541153 
2.039153415 3.727733267 5.416313118 7.205677544 9.514547752 11.80831402 14.09293313 16.32850587 18.1717077 20.01490953 21.85731834 24.16901441 26.91364783 29.65828126 32.3289939 34.74098382 37.15297374 39.56958905 42.44421057 45.44784958 48.4514886 51.36004117 54.40515449 57.43721806 60.46928163 63.31262022 65.93140354 68.55018685 71.55923446 74.18782217 76.60527883 79.02273548 
1.932861518 3.62144137 5.310021221 6.599906538 6.646111979 8.768381249 11.05300035 13.23030224 14.79611331 16.63931514 18.48251697 20.9266732 23.67130663 26.41594005 28.80704167 31.51733982 33.92932974 36.34131966 39.2134811 42.21712011 45.22075913 48.59582002 51.8610314 54.89309496 57.92515853 60.60273143 63.22151474 65.84029806 68.36960285 70.78705951 73.20451616 75.89266664 
2.491115678 4.17969553 4.898675323 4.548903275 4.595108716 4.958096148 6.542151119 8.719453003 10.03821712 11.45714267 13.3003445 15.74450073 18.3916629 20.45154318 22.74832909 25.87428467 28.78455169 31.19654161 34.06870305 37.11533157 40.2885837 43.66816066 47.46038728 50.93850658 53.97057015 56.65314672 59.29203743 61.91144878 64.44075357 66.85821023 69.66481632 72.505205 
3.049369839 3.197444107 2.84767206 2.497900012 2.544105453 2.907092885 3.270080317 4.208603769 5.527367891 6.846132012 8.164896133 10.27307003 12.33295031 14.3928306 16.68961651 19.81557209 22.94152766 26.05176356 29.01442007 32.18767221 35.36092435 38.74050131 42.53272792 46.32495453 50.01598176 52.69855834 55.33744904 57.97633974 60.59657732 63.436966 66.27735468 69.11774335 
3.411783387 2.811110927 2.444320825 2.094548778 2.140754219 2.50374165 2.863271059 3.315277991 4.634042112 5.952806233 7.299794381 9.168241549 11.25387445 13.31375474 15.63403364 18.84938532 21.97534089 25.10129647 28.26403826 31.4372904 34.63900628 38.00055093 41.64881389 45.4410405 49.23326711 52.00030625 54.63919695 57.48156885 60.3847613 63.16073252 66.0011212 68.84150988 
3.728019984 3.127347524 2.526675064 2.079694834 2.125900274 2.479253184 2.822915467 3.274922399 4.595765544 5.952956125 7.310146706 9.178593874 11.30266934 13.40881962 15.72909851 18.96077252 22.19244653 25.33586838 28.49861017 31.72300343 34.96720895 38.3287536 41.92497651 45.52119943 49.30282146 52.06986059 55.03918547 58.07528909 60.97848154 63.71553502 66.45847934 69.29886802 
3.988646102 3.387973642 2.787301183 2.186628723 2.073396665 2.417058949 2.760721232 3.21699777 4.574188351 5.931378932 7.288569513 9.200291525 11.32436699 13.44844245 15.81865092 19.05032493 22.28199893 25.53403745 28.90377181 32.14797733 35.39218286 38.75372751 42.34995042 45.94617333 49.50022472 52.55977055 55.59587417 58.63197779 61.46653661 64.20359009 66.94064357 69.67769705 
4.025433058 3.424760599 2.840172362 2.305987592 2.148738657 2.293038389 2.610623714 3.066900252 4.424090833 5.854132031 7.417684318 9.320421016 11.39274992 13.51580646 15.88601493 19.11768894 22.51327241 26.09809681 29.55648372 32.96246762 36.20667314 39.5682178 43.16444071 46.61692903 49.96328571 52.99883082 56.00350625 59.03960987 61.83381626 64.32565111 67.00338306 69.74043655 
4.062220015 3.504657014 2.970472244 2.436287474 2.279038539 2.423338271 2.567638003 2.916802735 4.430723726 5.994276013 7.5578283 9.460564997 11.5328939 13.6052228 15.95337894 19.49250737 23.07733177 26.66215616 30.12054307 33.54280499 36.96506691 40.38270809 43.73363334 47.07999002 50.4263467 53.46189181 56.45858548 59.45527915 62.24144834 64.73328319 67.22511804 69.80317604 
3.925609067 3.391424297 2.857239527 2.461515882 2.389418749 2.533718482 2.742508637 3.261176702 4.920583554 6.489505844 8.053058131 10.07776161 12.24165102 14.31397992 16.72241893 20.30724333 23.89206773 27.17816027 30.66700566 34.13968482 37.56194674 41.04929384 44.62174445 47.96810112 51.3144578 54.35000291 57.34669658 60.42661163 63.27452166 65.76635651 68.21879496 70.47491173 
3.731198818 3.25044263 2.907849416 2.565256203 2.49315907 2.830857935 3.206933652 3.725601717 5.385008568 7.04441542 8.666649913 10.6913534 12.94663248 15.20191156 17.62071376 21.04711975 24.31579611 27.58447247 31.07331786 34.62506868 38.16976672 41.65711383 45.27463131 48.89214879 52.34425228 55.40262503 58.5353952 61.66816536 64.51607538 66.83741262 69.09352939 71.34964616 
3.414681284 3.240251491 2.897658277 2.555065063 2.69260695 3.128708412 3.504784129 4.026809695 5.712106367 7.371513218 9.03092007 11.06824242 13.31478624 15.57006532 18.05054379 21.31922015 24.58789652 27.88029073 31.37620442 34.92795524 38.46453589 42.00463471 45.62215219 49.23966967 52.96289884 56.25129517 59.39189176 62.52466192 65.17461853 67.32098007 69.57709684 71.83321361 
2.992713665 2.823862159 2.655010653 2.446484363 2.584026249 3.105676216 3.627326182 4.18080881 5.87043317 7.56005753 9.23942407 11.27674642 13.50302652 15.72930662 18.20674083 21.49289289 24.79337665 28.0938604 31.58448724 35.08587673 38.58726622 42.12736504 45.82638067 49.56728039 53.3081801 56.59657643 59.82840984 63.04862869 65.6985853 67.74502496 69.79146463 71.97897493 
2.567237679 2.507460486 2.381511542 2.212660036 2.462037779 3.035890664 3.557540631 4.20896553 5.89858989 7.590455385 9.317432001 11.37727761 13.6035577 15.81946031 18.27491555 21.59148934 24.89472628 28.19521003 31.69617988 35.23257115 38.73396064 42.31518687 46.05608659 49.8034422 53.56721715 56.82902544 60.04432772 63.27616113 66.08903694 68.36580909 70.41224875 72.45868841 
2.118273084 2.058495891 1.998718698 1.938941504 2.290099451 2.874060593 3.458021735 4.186916985 5.904690094 7.631666711 9.358643327 11.4055131 13.61493446 15.82435582 18.27981106 21.59638485 24.91295865 28.22760405 31.68341211 35.2416637 38.79991529 42.42667467 46.19044961 49.95422456 53.74708508 57.08439498 60.28345744 63.4825199 66.34634281 68.63552162 70.92470044 73.21387925 
1.4127685 1.537335688 1.707140973 1.876946258 2.3175721 3.015153267 3.712734433 4.516245818 6.167198949 7.81815208 9.469105211 11.50236383 13.70430511 15.90624639 18.35247825 21.47524773 24.59801721 27.72078669 31.16327091 34.6971022 38.23093349 41.87896849 45.8829983 49.88702812 53.89105794 57.36642085 60.7757004 64.18497995 67.18739366 69.77442511 72.36145657 74.88979763 
-0.6057447025 0.1061429493 0.8180306012 1.529918253 1.49990589 0.8763735162 0.2528411419 -0.1009833591 1.702855126 3.506693611 5.310532096 7.169086542 9.054998969 10.9409114 13.08770769 16.1475975 19.20748731 22.26737713 25.47162682 28.71712219 31.96261756 35.42363055 39.31567876 43.20772697 47.09977517 51.59539871 56.16646916 60.7375396 64.88937244 68.51715826 72.14494409 75.77272991 
