0.447994202 8.076610836 15.70522747 23.3338441 30.96967787 38.61128533 46.25289279 53.84522545 61.04335966 68.24149388 75.4396281 82.28546158 88.95514469 95.6248278 102.1194216 108.0012027 113.8829839 119.764765 124.85564 129.7205418 134.5854437 139.0019825 142.5217953 146.041608 149.5614208 151.4059425 153.0410527 154.676163 155.2633912 154.5407667 153.8181423 153.0955179 
2.229389056 9.44189185 16.65439464 23.86689744 31.29079045 38.94699356 46.60319667 54.13054886 60.81172136 67.51025124 74.20878111 81.0355228 87.92037319 94.80522359 101.4358953 107.1769415 112.9179878 118.659034 123.7902774 128.7681599 133.7460423 138.263266 141.7968342 145.3304024 148.8639707 150.7452129 152.4199145 154.094616 154.9655579 154.688231 154.4109041 154.1335772 
2.689539404 9.777925975 16.8287828 23.87963963 31.25761306 38.89727977 46.53694648 54.05343895 60.5499838 67.04652865 73.5430735 80.35891104 87.26405188 94.16919272 100.810935 106.4704285 112.1291023 117.7877762 122.9435062 127.9700695 132.9966328 137.5444555 141.1347973 144.725139 148.3086077 150.2475679 152.0101581 153.7727484 154.7335704 154.6921822 154.650794 154.5546273 
2.922329067 9.973185894 16.97903348 23.95569924 31.3363926 39.04030804 46.71181356 54.22446673 60.72101159 67.10808925 73.45212563 80.17023165 87.10320207 94.11015843 100.801305 106.3871171 111.9853968 117.6440706 122.8265523 127.872979 132.9049717 137.4527945 141.0431362 144.5700184 148.0928501 150.0679824 151.8496522 153.6153376 154.5761596 154.5352888 154.5040231 154.4727573 
3.103116928 10.01783255 16.99449832 23.97116408 31.35185744 39.05577288 46.75968832 54.26626579 60.56792382 66.9119602 73.25599658 80.01284739 87.01953576 94.02649212 100.7176387 106.3034508 111.889263 117.4673136 122.6297758 127.6762025 132.7223142 137.2528746 140.8024408 144.3252725 147.8481041 149.8232364 151.6049063 153.3895285 154.4153423 154.4025237 154.3712579 154.3399922 
3.22837486 10.11296246 16.99755005 23.93033585 31.31102921 38.98187799 46.6295253 54.12394382 60.39253204 66.66112026 72.97758486 79.73443567 86.69769368 93.66925943 100.360406 105.9418371 111.5104234 117.0790097 122.2414719 127.2462871 132.2413344 136.7718947 140.3734813 143.975068 147.5091787 149.484311 151.2891727 153.0960239 154.1218377 154.1713547 154.2208718 154.1921997 
3.232413827 10.11700142 17.00158902 23.8708454 31.1210441 38.75865212 46.40629943 53.88729773 60.0822063 66.35079453 72.61938275 79.35108417 86.31434219 93.27760021 99.84663223 105.4224294 110.9910156 116.5596019 121.708053 126.7031002 131.6981474 136.2287078 139.8302944 143.431881 147.0588372 149.1455132 150.9523643 152.7592155 153.7850292 153.8345463 153.8840634 153.900934 
3.096085734 9.980673331 16.81911207 23.64829001 30.8984887 38.48550401 46.08938985 53.57038815 59.71819438 65.86600061 72.11451489 78.84621631 85.74885509 92.59076133 99.15291939 104.7359589 110.3189983 115.8883808 121.0388703 126.0699035 131.0829269 135.6134873 139.2219859 142.8651605 146.5083351 148.6126417 150.5245898 152.3722629 153.3980766 153.4350396 153.4392856 153.4435316 
2.952499868 9.760488608 16.58966654 23.41884447 30.66904317 38.25605848 45.84307379 53.18748805 59.33529428 65.48310051 71.63283632 78.22331263 85.06521887 91.9071251 98.45361368 104.0275291 109.6105686 115.1936081 120.3473094 125.3783426 130.4093758 134.9839644 138.6281772 142.2713518 145.9145264 148.018833 149.9307811 151.8427292 153.0035149 153.0077609 153.0120069 153.0162529 
2.787140683 9.556056554 16.33955059 23.16872852 30.41892722 38.00594253 45.38855082 52.60661641 58.75442264 64.94705437 71.2003935 77.74137397 84.42617513 91.25371873 97.80020731 103.3127341 108.8579883 114.4410277 119.594729 124.6224468 129.6172137 134.1803766 137.8803314 141.5476236 145.1907982 147.2951048 149.2386215 151.3064399 152.5100748 152.6334801 152.6750996 152.6793456 
2.621781499 9.39069737 16.15961324 22.92852911 30.10398315 37.45583116 44.80767917 52.02574476 58.26127243 64.51461155 70.76795068 77.30893115 83.99373231 90.67853346 97.14680094 102.6593277 108.1718545 113.6884474 118.824092 123.818859 128.8136259 133.3767888 137.0767436 140.7766983 144.4670699 146.6663018 148.7341202 150.8019386 152.0055735 152.1289788 152.2523841 152.3424382 
2.350812919 9.11972879 15.88864466 22.66529565 29.67735975 36.95129859 44.3031466 51.53293807 57.78627719 64.03961632 70.35721281 76.83123996 83.45950942 90.14431057 96.56860631 102.0811331 107.5936599 113.1070962 118.1961908 123.1834285 128.1781954 132.7669643 136.5225102 140.222465 143.9224198 146.1715867 148.2394051 150.3988833 151.7040675 151.8274729 151.9241846 151.5793396 
2.0536068 8.82252267 15.60320951 22.38475285 29.39681695 36.59329767 43.81757966 51.04737113 57.30455351 63.64668592 69.98881833 76.46284548 83.00282 89.5848015 96.00909723 101.5217922 107.0354086 112.5490249 117.6381195 122.6059221 127.5845418 132.1733107 135.9500835 139.7268562 143.4301359 145.6793028 147.8972021 150.1478094 151.4529937 151.4000482 151.0552033 150.7103583 
1.766605892 8.568324908 15.34986824 22.13141158 29.14347568 36.3399564 43.53643712 50.64091871 57.00783558 63.34996799 69.6921004 76.16612755 82.70610206 89.24607658 95.56279936 101.079031 106.5926474 112.1062637 117.2049353 122.172738 127.1405407 131.7113334 135.4881061 139.2648789 143.0450777 145.4681185 147.7187258 149.9693332 151.095291 150.7504461 150.4056011 149.8587208 
1.522886213 8.387035632 15.21189112 21.99343445 29.00549856 36.20197928 43.35226194 50.4098754 56.93817721 63.35723677 69.69936918 76.17339632 82.71337084 89.18741767 95.4570234 101.0894253 106.6389267 112.152543 117.2721356 122.2692115 127.2370142 131.8078069 135.5845796 139.3719864 143.1744943 145.5975351 147.8481424 150.2133203 151.3760957 151.0312508 150.2526863 149.0806399 
1.279166533 8.143315953 15.00746537 21.85545733 28.86752143 35.99744121 43.12121863 50.17883208 56.7071339 63.23543571 69.70663795 76.17831377 82.62997774 89.0816417 95.35124744 100.9836494 106.6160513 112.1988224 117.318415 122.3254293 127.3324437 131.9042804 135.6988951 139.5014031 143.303911 145.7563816 148.1252533 150.494125 151.6569004 150.6466518 149.4746054 148.3025591 
1.124981753 7.989131172 14.85328059 21.16767317 25.49514311 32.40119176 39.52496917 46.41083987 52.12158282 58.64988464 65.17818645 71.65539637 78.10706033 84.5587243 90.27148342 96.01943172 101.6518337 107.2842356 112.430225 117.4372393 122.4442537 128.2452869 132.5954568 136.3979647 140.2004726 144.1010233 146.469895 148.8387667 149.6338971 148.4618507 147.2898044 148.6876862 
1.06033187 7.92448129 13.45165661 17.5051382 21.83260814 26.37926876 32.56351357 39.44938427 44.43200123 49.70982579 56.23812761 62.71533752 69.02949125 74.51512107 80.09482172 86.00377029 91.82917431 97.46157624 102.6075656 107.852305 113.7972528 119.6232591 125.2113827 130.0616712 133.8641791 138.2983136 142.8114013 145.2472455 146.0423758 144.8703294 147.3928119 150.2360213 
0.9956819884 5.735640053 9.789121644 13.84260323 18.17007317 22.71673379 27.2633944 32.48792867 37.47054563 42.45316259 47.43577955 53.36719974 58.85282955 64.33845937 69.91816002 75.82710859 81.73605716 87.63891689 93.28532951 99.23027725 105.175225 111.0012313 116.5893549 122.1774785 127.5278857 131.9620201 136.4751079 140.9881956 143.2547281 146.0979375 148.941147 151.7843564 
1.016618536 5.641252425 9.733474089 13.78695568 18.11442562 22.66108623 27.30094289 32.35899922 37.34161618 42.32423314 47.60761876 53.1949145 58.7604797 64.24610952 69.83302067 75.76940684 81.67835541 87.58730398 93.52425191 99.46919965 105.3399332 110.9356283 116.2880252 121.8761488 127.4642724 132.0968085 136.6098963 140.8759123 144.0962979 146.5431479 149.3863573 152.2295668 
1.057735373 5.682369262 10.30700315 14.58177046 18.90924039 23.71555781 28.78304407 33.8411004 38.84587243 44.23798003 49.63008764 55.21738338 60.90227319 66.53152376 72.11843491 78.05983075 84.00122659 89.91553594 95.85248387 101.6640903 107.4240397 113.0197348 118.2869211 123.5541074 129.124867 133.7574032 137.8692698 141.9000521 145.1204377 147.3278275 149.5714636 152.4146731 
1.095347652 5.719981541 10.34461543 14.96924932 20.03008252 25.09756877 30.16505502 35.26861032 40.66071792 46.05282552 51.44493312 57.15870974 62.84359955 68.52848936 74.27038051 80.21177635 86.15317219 92.09914465 97.89566856 103.655618 109.4155675 115.0112625 120.2784489 125.5456352 130.7910441 134.8875982 138.9183805 142.9491627 146.0297716 148.2371615 150.4445513 152.6519411 
1.118853643 5.743487532 10.46214663 15.47545447 20.68040501 26.03866969 31.14419026 36.24774555 41.63985315 47.14007373 52.83842964 58.62490863 64.45544916 70.14320691 75.88509806 81.8264939 87.80472595 93.82548708 99.58397167 105.2745047 111.0344542 116.6301492 121.8973356 127.0902972 132.2284523 136.2003947 140.0680018 144.0987841 147.0972127 148.8051993 150.891777 153.0991669 
1.142359635 6.019002939 11.03231078 16.04561863 21.25056917 26.60883385 31.96709854 37.22688078 42.85158204 48.54993795 54.24829386 60.03477285 65.86531338 71.69585391 77.49981561 83.51030725 89.53106838 95.55182951 101.3103141 106.9938625 112.677411 118.2490359 123.3895503 128.5277054 133.6658605 137.6378029 141.4639687 145.2901345 148.246834 149.9548206 151.6628072 153.5463926 
1.151638588 6.164946434 11.17825428 16.04257086 21.15589368 26.51415837 31.83700284 37.11122208 42.73146833 48.42544835 54.12380426 59.89806923 65.7194407 71.54998122 77.422793 83.44355413 89.46431525 95.54566874 101.4746026 107.2363444 112.9198928 118.4836803 123.7770143 128.9151694 134.0533245 138.0252669 141.8514327 145.8324764 148.8579199 150.5659064 152.3018678 154.1772345 
1.156175196 6.111991148 10.91913665 15.72628216 20.83960499 26.09164866 31.32261452 36.59683376 42.21708001 47.83732625 53.48786339 59.26212836 65.07434787 70.88656737 76.75834135 82.81123479 88.89612083 94.98100687 100.9099407 106.7943168 112.6677545 118.231542 123.5558075 128.880073 134.0908071 138.1052325 142.1846415 146.2640504 149.2894939 151.1185484 152.9939151 154.8692818 
1.133936901 5.789423163 10.59656867 15.40371418 20.36961997 25.54366187 30.77462773 36.03811594 41.57561477 47.19586102 52.81610726 58.49758573 64.27964495 70.09186445 75.96467651 82.04956255 88.13444859 94.22222848 100.1520247 106.0364008 111.9328683 117.6573012 122.9815667 128.3058322 133.7348613 138.1034688 142.1950805 146.2744894 149.4115308 151.3307182 153.2060849 155.0814516 
1.088576187 5.739031636 10.38948708 15.07572349 20.04162929 25.13454331 30.22745734 35.461114 40.98478095 46.5084479 52.06490025 57.74637872 63.45847329 69.17056787 75.03286898 81.11988726 87.20865416 93.29742106 99.2314312 105.1559478 111.0804644 116.8048974 122.2099301 127.6564712 133.1030124 137.4716199 141.7054856 145.9212423 149.0582837 151.0173657 152.9764476 154.879206 
0.9909560045 5.784570595 10.49133531 15.14179075 20.06836006 25.20697181 30.29988584 35.4406613 40.96432825 46.49143196 52.0723782 57.74075667 63.45285124 69.15721043 74.93037421 80.96126303 87.04012634 93.12889324 99.03248422 104.9115525 110.8360691 116.6012606 122.0478017 127.4648001 132.8066623 137.0983644 141.295187 145.5290528 148.6739731 150.4666738 152.4257557 154.3848377 
0.8627298972 5.656344488 10.44995908 15.24357367 20.12842853 25.27588891 30.42334929 35.48145854 41.01450897 46.59545522 52.17640146 57.80473848 63.50426654 69.2037946 74.97695838 81.0078472 87.03873601 93.06877037 98.95806956 104.8087531 110.6594367 116.3405131 121.6823753 127.0242375 132.3939791 136.7970793 140.9575114 145.1179435 148.3515542 150.1352929 151.9190315 153.7027701 
0.7402940205 5.169593853 9.509490872 13.84938789 18.49346455 23.23796134 27.98245813 32.77593457 37.96124825 43.14656193 48.33187562 53.8470361 59.41018381 64.97333151 70.66513274 76.61014919 82.55516563 88.50018207 94.43096527 100.3576818 106.2843984 112.0325677 117.6047221 123.1768765 128.7490309 133.394851 137.9248793 142.4549076 145.9394104 148.2808675 150.6223245 152.8538858 
0.2613425557 7.023954936 13.78656732 20.5491797 27.22948571 33.84394664 40.45840757 47.06765065 53.63515089 60.20265114 66.77015139 73.22614007 79.62637296 86.02660586 92.23315833 97.76182928 103.2905002 108.8191712 113.9094317 118.8744322 123.8394326 128.5020245 132.5597992 136.6175739 140.6753486 143.2002505 145.5335432 147.866836 149.2901606 149.5760249 149.8618892 150.1477536 
