0.1863164084 2.073873174 3.961429939 5.848986704 7.868748966 9.994275625 12.11980228 14.27159942 16.63356042 18.99552141 21.35748241 23.98919429 26.75578162 29.52236894 32.36272092 35.46124919 38.55977745 41.65830572 45.03559028 48.49251948 51.94944869 55.62273984 59.72875488 63.83476992 67.94078496 71.72433455 75.46757596 79.21081736 81.70015238 82.6221044 83.54405643 84.46600845 
-0.0615651356 1.573350644 3.208266424 4.843182203 6.981122923 9.387841783 11.79456064 14.17018532 16.35812896 18.5518142 20.74549945 23.71766284 26.94229593 30.16692902 33.41041845 36.71990503 40.02939161 43.33887819 46.90711618 50.58559597 54.26407575 57.86011395 61.60400998 65.34790601 69.09180204 72.82419409 76.55514813 80.28610218 82.47545667 83.008327 83.54119734 84.07406767 
-0.2095910523 1.539789657 3.323781793 5.107773928 7.364235294 9.998672044 12.63310879 15.15827954 17.28515072 19.4120219 21.53889308 24.72160767 28.40897539 32.09634311 35.592303 38.7598816 41.92603399 45.09218638 48.55215547 52.03881129 55.52546712 58.98546048 62.39212892 65.79879737 69.24629104 72.99964224 76.76251136 80.52538048 82.56732791 82.45812325 82.34891859 82.38878607 
-0.408625587 1.375366548 3.266878504 5.228101112 7.676681988 10.51514948 13.25069479 15.82873537 17.95560655 19.67166353 21.22619294 24.20261456 28.14399144 32.76066095 36.90995954 39.4234599 42.04863628 45.21478867 48.53736684 51.90463808 55.35866212 58.81865549 62.22532393 65.45018511 68.66344158 72.27624479 75.93899134 79.68561836 81.7275658 81.59294068 80.98637933 80.37981797 
-0.5119424435 1.293504924 3.254727532 5.21595014 7.664531016 10.50299851 13.341466 16.67505421 17.95010413 19.50463355 21.05916297 24.71155143 29.32874008 33.94540959 38.09470818 40.60820854 43.12170891 45.41334403 48.48146568 51.84873692 55.21347437 58.16107016 61.27971857 64.49297503 67.7062315 71.31903471 74.98178126 78.66245775 79.99878308 79.12817476 78.52161341 77.91505205 
-0.4472081685 1.282481482 3.012171132 4.863056425 7.311637301 10.75546924 14.62405966 18.18024659 19.23720558 20.29416457 21.66686179 25.31925026 30.02056826 34.70579327 38.85509186 41.24336004 43.26445811 45.28555618 48.35367783 51.38633921 54.34045298 57.28804876 60.22260861 63.15716845 66.33051057 69.94331379 73.74690681 77.56258184 78.89890717 77.13604537 75.37318358 74.72949713 
-0.4874561721 1.242233478 2.971923128 4.713728263 7.811278526 11.72759138 15.5961818 19.07848943 19.72983663 20.78679562 21.84375461 25.33028627 30.03160427 34.73292226 38.63428988 40.44354129 42.46463937 44.48573744 47.14938455 50.10349832 53.05761208 56.00520787 58.93976771 61.87432756 64.74611051 68.41699767 72.2326727 76.04834773 77.38467306 75.62181127 73.85894947 71.5524344 
-0.6492697575 1.080419893 2.846578649 4.620055758 7.717606021 11.87441481 15.95102838 19.43333602 19.82538139 20.21742676 21.16387723 24.65040889 29.2755387 33.82433793 37.71706614 39.3135458 40.91002545 42.90773185 45.56484913 48.40368618 51.30021541 54.2478112 57.16526754 59.99691813 62.82856872 66.49120877 70.25772251 74.05430221 75.39062754 73.41870443 70.90195486 68.3852053 
-0.8246778354 0.9151762126 2.688653321 4.46213043 7.559680693 11.71648948 15.87329827 19.47021652 19.86226189 20.25430726 20.64357779 23.44828789 27.99708712 32.54588634 36.40385867 37.98010072 39.57658038 41.17306004 43.73581767 46.57465472 49.41349178 52.19709429 55.02738273 57.85903332 60.6906839 64.35332396 68.11983769 71.88635143 72.73328892 70.21653935 67.69978979 65.18304022 
-1.040869391 0.6369837337 2.337969524 4.111446632 7.208996896 11.36580568 15.17262009 18.55319877 18.94524413 19.27282787 19.51311092 22.04192734 25.71501045 30.18375124 34.04172356 35.48180173 36.99447131 38.59095097 41.1537086 43.98526407 46.74445184 49.5029609 52.26011257 55.06011945 57.89177003 61.55441009 65.34495264 69.23010865 70.0566967 67.06007483 64.39281679 61.87606723 
-1.257060946 0.4207921786 2.098645303 3.776498427 6.747311643 10.50145699 14.25560233 17.63618101 17.90207795 18.142361 18.38264405 20.91146047 24.58454358 28.25762669 31.67958846 33.11966663 34.55974479 36.00884189 38.53194292 41.29113068 44.05031845 46.80882751 49.56597918 52.32313084 55.09285616 58.82774953 62.71290553 66.59806154 67.4246496 64.42802773 61.43140585 58.56909423 
-1.349594756 0.3282583686 2.006111493 3.348861896 5.606390982 9.062054757 12.8162001 16.1799163 16.42019935 16.6604824 16.57956941 18.7417437 22.28677845 25.95986156 29.13672135 30.57679951 32.01687768 33.30580243 36.12766873 39.02904261 41.78823037 44.38202556 46.78157988 49.53873155 52.29588321 56.0557054 59.94086141 63.41421524 63.78456983 60.78794795 57.84983512 55.87955946 
-1.411407103 0.266446021 1.434353944 2.565156568 4.822685654 7.98159591 11.24701696 14.61073316 14.83180536 14.6282475 14.42468964 16.58686392 19.93190428 23.37209348 26.54895327 27.96107546 29.22008492 30.47909439 33.30096069 36.56935752 39.6334794 42.22727459 44.49028463 46.75329467 49.48905831 53.2488805 56.45976462 59.52370038 59.89405497 57.28397203 55.31369637 53.3434207 
-1.373892042 -0.3660686325 0.7647339916 1.895536616 4.153065702 7.311975958 10.47088621 12.90279888 12.82334238 12.61978452 12.41622666 14.57840094 17.9234413 21.26848166 23.86145932 25.12512466 26.38413412 27.64314359 30.31531413 33.58371096 36.85210779 39.78537569 42.04838573 44.31139577 46.65033014 49.68864178 52.75257754 55.8165133 56.5877063 54.61743064 52.64715497 51.22528962 
-0.9151204876 -0.2878365331 0.5789603984 1.709763023 3.967292109 7.126202365 9.096232217 10.32202045 11.05065471 11.23228837 11.02873051 13.1909048 16.53594515 18.85551885 20.71561842 22.18609147 23.50898394 24.7679934 27.11315562 29.92399184 33.19238867 36.12565656 38.38866661 40.8873341 43.7206527 46.75896433 49.82290009 52.66742946 53.36811555 51.39783988 50.60486434 50.87996674 
-0.4563489328 0.1709350217 0.7982189763 1.523989429 3.781518516 5.227521309 6.515453783 7.741242011 8.469876275 9.198510538 9.641234365 11.76683508 13.73825651 15.70967794 17.56977751 19.04025057 20.51072362 21.89284322 24.23800544 26.89349701 29.54898858 32.46593744 35.12433805 37.95765665 40.79097525 43.77292773 46.61038322 49.44783871 50.14852479 49.98443906 50.25954146 50.53464386 
-0.5037958622 0.1234880923 0.7507720469 0.5835980668 -2.368070324 -1.40569292 -0.1177604461 0.9165127138 0.7334646464 1.46209891 2.190733173 3.747892215 5.719313647 7.690735079 8.422746373 9.739442977 11.20991603 12.68038909 15.07254321 17.72803478 20.38352635 23.39660866 26.52731567 29.36063427 32.19395286 35.33059471 38.1680502 41.00550569 42.70413758 42.97923998 43.25434238 47.60440545 
-1.057461276 -0.4301773213 -1.73496515 -5.16939938 -8.121067771 -10.68652349 -10.80341047 -9.769137311 -10.76413866 -11.42994591 -10.70131165 -9.144152607 -7.405428365 -7.068746538 -6.561899071 -5.459471859 -4.245858244 -2.775385189 -0.3832310669 2.262404045 4.879007404 7.891054284 11.69398821 15.09626695 17.92958554 21.18272977 24.48835219 27.34043041 29.0390623 29.3141647 35.44743056 42.08925152 
-1.611126689 -4.053528367 -7.487962597 -10.92239683 -13.87406522 -16.43952094 -19.00497666 -20.45478733 -21.44978869 -22.44479004 -23.43979139 -22.72675563 -22.39007381 -22.05339198 -21.54654452 -20.4441173 -19.34169009 -18.23115946 -15.85975369 -13.24315033 -10.62654697 -7.614500087 -3.811566165 -0.008632243845 3.665218224 6.918362448 10.22398487 13.5296073 16.64863472 23.29045567 29.93227663 36.57409759 
-1.68994562 -5.897084791 -9.383929992 -12.81836422 -15.77003261 -18.33548833 -20.39491298 -20.27213829 -21.26713964 -22.262141 -25.47722022 -25.70054491 -24.8274591 -24.49077727 -23.68978579 -21.46807424 -20.36564703 -19.26321982 -16.98310005 -14.36649669 -11.69441553 -8.740930877 -5.270188816 -1.467254894 2.335679027 5.696558287 9.002180713 12.47553197 17.40649795 23.99317939 30.63500035 37.27682131 
-1.656801241 -5.863940413 -10.07107958 -13.80488854 -16.75655694 -17.91214142 -17.64964473 -17.52687004 -18.6854057 -22.7029996 -26.7205935 -26.94391819 -25.27010827 -23.96966376 -23.16867228 -20.74259701 -18.31652174 -16.99540789 -14.71528812 -11.99900721 -9.244110839 -6.290626187 -2.939964978 0.4106962308 4.189160396 7.550039655 11.1280378 14.76108142 19.6920474 26.24541635 32.80382769 39.44564864 
-1.63607289 -5.843212061 -10.05035123 -14.2574904 -16.11704815 -15.85455145 -15.59205476 -15.80512369 -19.82271759 -23.84031149 -27.85790539 -28.20038541 -26.52657549 -24.85276557 -23.01178558 -20.58571031 -18.15963504 -15.76160254 -12.96147198 -10.20657561 -7.451679236 -4.498194584 -1.147533375 2.203127834 5.669427871 9.262173442 12.89521706 16.52826068 21.27586701 27.82923595 34.3826049 40.93597384 
-1.665320604 -5.872459775 -10.13148629 -14.55311327 -16.52234518 -16.52966103 -16.30245627 -16.5155252 -20.5331191 -24.52331112 -28.46328454 -28.99629993 -27.82583631 -26.16193757 -24.32095757 -21.89488231 -19.69451708 -17.75474437 -14.55192054 -11.06216583 -8.307269451 -5.353784799 -2.00312359 1.74167329 5.777494554 9.185179147 12.57589118 16.2089348 20.84873671 26.74698649 33.14187373 39.69524267 
-1.694568319 -6.040777644 -10.46240462 -14.8840316 -16.85326351 -16.86057936 -16.86789521 -17.22592672 -21.18456836 -25.12454178 -29.0645152 -29.59753059 -28.42706697 -27.25660334 -25.63012957 -23.62743163 -21.68765892 -19.74788621 -16.54506238 -12.9813668 -9.417671229 -6.209375014 -2.18608129 1.849739974 5.885561237 9.29324583 12.62241334 15.95158085 20.52941084 26.42766062 32.3259104 38.4545115 
-1.546069387 -5.967696367 -10.38932335 -12.3733304 -12.84345756 -12.85077341 -12.77043208 -12.42236679 -11.75154331 -15.43320879 -19.37318221 -20.15656322 -19.17404913 -18.0035855 -16.6621643 -14.72239158 -12.78261887 -10.01009611 -7.131433308 -3.828052565 -0.2643569903 3.159825427 6.453009914 10.48883118 14.52465244 17.93233703 21.26150454 24.24681673 28.40544147 34.30369125 40.03389369 44.92667587 
-1.338321573 -4.819333803 -5.867975078 -6.916616353 -7.386743503 -7.13118587 -6.823465353 -6.475400063 -5.80457659 -5.133753116 -6.25099467 -7.034375674 -6.239460469 -5.444545263 -4.124396957 -1.74301437 1.078058049 3.899130467 6.777793269 9.672910465 12.60444261 16.02862502 19.17378113 22.31893723 26.00741849 29.32078348 32.08770817 34.85463286 39.01325759 44.18424105 49.07702324 53.96980542 
-1.31048343 -5.773887877 -6.822529152 -7.871170427 -9.61587547 -10.38405796 -10.07633744 -10.10209401 -12.31382546 -11.64300198 -10.97217851 -9.849806309 -8.88824313 -8.093327924 -6.84815556 -4.027083142 -1.206010723 -0.3776318002 1.907175562 4.802292759 7.868977604 11.2271501 14.37230621 17.51746231 23.2120899 28.7145478 31.69148508 34.45840977 38.4138731 43.59369075 48.48647293 53.37925512 
-1.438012675 -6.014691041 -10.59136941 -14.36240294 -16.10710798 -18.40866404 -20.71022009 -21.29981385 -23.99338711 -26.68696037 -28.23843502 -27.11606282 -25.76791626 -24.4197697 -23.11652002 -21.76369733 -21.61497439 -21.46625145 -19.12165225 -15.65697155 -12.19229085 -8.834118355 -3.723453919 2.397337957 8.518129834 14.02058774 19.4457539 24.55925755 28.51472088 33.95585751 39.39699413 44.46919821 
-1.046837502 -1.748472458 -4.800967083 -9.377645449 -11.33175576 -11.58452611 -13.88608216 -16.23119569 -18.92476895 -21.4058204 -20.55736356 -19.37578024 -18.02763367 -16.90386161 -15.5497838 -12.89917105 -12.32234696 -12.17362402 -9.932304825 -6.852639886 -3.38795919 0.962091899 7.082883775 12.37272232 15.54919136 18.58358267 22.79377695 28.21894311 33.29959909 37.99005228 43.43118891 48.87232554 
-0.3767354108 -1.078370367 -1.780005324 -2.48164028 -2.684473817 -2.540529687 -2.396585557 -2.214379202 -1.383979109 -0.5355222657 0.3129345772 1.261129186 2.244768441 3.228407696 4.582485506 7.23309826 9.883711014 12.53097892 15.2687972 18.10800103 20.94720486 23.89883043 27.07529947 30.25176851 33.45543775 36.59757949 39.61421108 42.63084267 46.34950042 50.99951868 55.64953694 60.2995552 
-0.06202954434 -0.6632477478 -1.239823688 -1.816399627 -2.02888834 -1.985922294 -1.942956248 -1.827063857 -1.127760716 -0.428457575 0.270845566 1.216708231 2.241765654 3.266823077 4.636490292 6.950945798 9.265401304 11.57985681 14.35345426 17.25823513 20.163016 23.17605935 26.57720946 29.97835956 33.37950966 36.75581714 40.1290193 43.50222145 47.32684059 51.87381704 56.42079349 60.98807382 
0.3164238476 -0.6973972928 -1.711218433 -2.725039574 -3.588291313 -4.331087533 -5.073883753 -5.721105177 -5.603728245 -5.486351313 -5.368974381 -4.637857939 -3.599871742 -2.561885546 -1.291208037 0.7938890643 2.878986165 4.964083267 7.893031615 11.06308032 14.23312902 17.68566462 21.703174 25.72068339 29.73819277 33.79529995 37.85735686 41.91941377 45.66310899 49.00885209 52.35459519 55.70033829 
