0.40407926 6.17470802 11.94533678 17.71596554 23.52086933 29.35319314 35.18551695 41.00010963 46.67285318 52.34559674 58.0183403 63.64763113 69.25519559 74.86276005 80.33802571 85.3502456 90.36246549 95.37468539 100.2492405 105.0844627 109.919685 114.347584 117.9608367 121.5740894 125.1873421 127.8218854 130.3340899 132.8462945 134.3190468 134.4924836 134.6659205 134.8393573 
2.361538042 7.620915643 12.88029324 18.13967085 23.72154713 29.59625783 35.47096854 41.22300322 46.17616847 51.14649471 56.11682095 61.62799115 67.38060135 73.13321156 78.68818478 83.55142853 88.41467228 93.27791604 97.96146974 102.6280272 107.2945847 111.6543977 115.3801572 119.1059166 122.8316761 125.719373 128.5023121 131.2852512 133.3456254 134.2260261 135.1064268 135.9868275 
3.120217211 8.24868914 13.33757836 18.42646758 23.99207544 29.93905822 35.88604099 41.68553793 46.45616445 51.22679097 55.99741749 61.53443477 67.38510028 73.23576579 78.8442385 83.57326909 88.30095081 93.02863253 97.66306294 102.2458415 106.82862 111.165248 115.0095746 118.8539013 122.6838741 125.6052725 128.4395297 131.273787 133.4943051 134.9476494 136.4009937 137.7213162 
3.581379062 8.670268282 13.75072338 18.82571021 24.4619852 30.54729072 36.5628201 42.37909662 47.14972314 51.78726777 56.37248609 61.80133586 67.67084955 73.59047182 79.2145468 83.80420623 88.41748281 93.14516453 97.83894151 102.5230314 107.1335017 111.4701297 115.3144564 119.10019 122.8821837 125.7716919 128.5496394 131.374762 133.5952801 135.0445005 136.4171593 137.7898181 
3.964625949 8.953519068 14.0285059 19.10349272 24.73976771 30.82507323 36.91037875 42.77033469 47.26092915 51.84614746 56.43136578 61.89112131 67.810605 73.73022727 79.35430225 83.94396168 88.53362111 93.02774214 97.64372849 102.3278184 107.0114873 111.3398836 115.1124843 118.894478 122.6764717 125.5659799 128.3439274 131.1190457 133.3561004 134.7786418 136.1513006 137.5239594 
4.258622004 9.205645421 14.15266884 19.16667455 24.80294953 30.85335595 36.87927515 42.72639833 47.14315336 51.5599084 56.08356348 61.54331902 67.44034316 73.34166357 78.96573854 83.50147117 87.87909502 92.25671887 96.87270521 101.5011906 106.1166232 110.4450195 114.1993433 117.9536671 121.731698 124.6212062 127.3769297 130.1307469 132.3678016 133.9589033 135.5500049 136.9296772 
4.43778864 9.384812057 14.33183547 19.21900886 24.56123994 30.55495843 36.58087763 42.41661497 46.77085952 51.18761456 55.60436959 61.00797071 66.90499485 72.802019 78.17202944 82.49444173 86.87206558 91.24968943 95.73542724 100.3508598 104.9662924 109.2946887 113.0490125 116.8033363 120.4704078 123.3592898 126.113107 128.8669241 131.1039789 132.6950805 134.2861821 136.0702601 
4.483987072 9.431010489 14.19787789 18.92859292 24.270824 30.10226792 35.98782355 41.82356089 46.13784337 50.45212584 54.85184996 60.25545107 66.03833309 71.70685962 77.06392684 81.33088648 85.59784611 89.96937361 94.449075 98.95794139 103.5201406 107.8485369 111.579089 115.1903814 118.8016738 121.6998119 124.5088058 127.2840548 129.5211095 131.18642 133.0451233 134.9038266 
4.502941021 9.149812686 13.88052771 18.61124273 23.95347381 29.78491773 35.61636166 41.24559762 45.5598801 49.87416258 54.18400352 59.24495904 64.91348557 70.5820121 75.92274886 80.18019962 84.44715926 88.7141189 93.16922823 97.67809462 102.186961 106.2469383 109.8574675 113.4687599 117.0800523 119.9781905 122.7871843 125.5961782 128.1650172 130.0237204 131.8824237 133.741127 
4.440161525 8.932426039 13.48237478 18.21308981 23.55532088 29.38676481 35.13506432 40.71290681 45.02718929 49.23829141 53.30965589 58.30324684 63.75795104 69.40692982 74.74766658 78.94113916 83.16871965 87.43567929 91.89078862 96.36435121 100.4870483 104.4253632 107.9949139 111.5884763 115.1997687 118.0979069 120.8917354 123.6258504 126.2344694 128.6862182 130.730926 132.5896292 
4.377382029 8.869646543 13.36191106 17.85417557 23.13079853 28.86658602 34.60237351 40.180216 44.2925793 48.36394378 52.43530825 57.42889921 62.88360341 68.33830761 73.57258431 77.76605688 81.95952945 86.15723968 90.42007905 94.5427761 98.66547315 102.6037881 106.1733388 109.7428894 113.3194851 116.1720219 118.906137 121.640252 124.2488709 126.7006198 129.1523687 131.4381315 
3.998584405 8.490848919 12.98311343 17.55670851 22.61741552 28.18945736 33.92524485 39.47609645 43.54746092 47.6188254 51.74500627 56.61168785 61.97730162 67.43200581 72.60643632 76.79990889 80.99338147 85.05390545 89.07271742 93.16517812 97.28787518 101.2344158 104.8218247 108.3913754 111.9609261 114.7878673 117.5219823 120.3058014 122.9694873 125.4212361 127.8664782 130.2040871 
3.54127541 8.033539925 12.64956986 17.27460538 22.33531238 27.74455658 33.21223212 38.76308372 42.83772678 46.98483863 51.13195048 55.99863206 61.22509851 66.51776535 71.69219585 75.86107945 79.89529113 83.92950281 87.94831478 91.96272683 96.02057863 99.96711929 103.5613472 107.155575 110.7261938 113.553135 116.3686339 119.2018694 121.8655552 124.2743171 126.611926 128.9495349 
3.071605407 7.69608847 12.32112399 16.9461595 22.00686651 27.41611071 32.8253549 38.07024621 42.27670687 46.42381872 50.57093057 55.43761215 60.66407859 65.89054504 70.88384008 74.92581906 78.96003075 82.99424243 87.0853628 91.09977485 95.1141869 98.98853756 102.5827654 106.1769933 109.8085072 112.7574168 115.5906523 118.4238877 121.0817229 123.4193318 125.7569407 127.8633637 
2.549511249 7.17228483 11.79613436 16.42116988 21.48187689 26.89112108 32.10875332 37.15925345 41.7521662 46.08348764 50.23059949 55.09728107 60.32374751 65.40771061 70.29916169 74.68615342 78.82693972 82.8611514 87.11022849 91.34565867 95.36007073 99.23442138 102.8286492 106.5386072 110.4129105 113.3618202 116.1950556 119.2062986 121.9213371 124.258946 126.1002564 127.4913118 
2.027417091 6.650190672 11.27296425 15.89618026 20.95688727 26.09006202 31.19776057 36.24826069 40.84117344 45.43408619 49.8902684 54.75186756 59.78744989 64.82303221 69.7144833 74.10147503 78.48846676 82.72806037 86.97713746 91.28760467 95.59807187 99.4803052 103.2687072 107.1430106 111.0173139 114.0119485 117.0289307 120.0459128 122.7609512 124.3371492 125.7282046 127.11926 
1.799632425 6.422406006 11.04517959 15.07114803 16.96632564 21.82448526 26.93218381 31.73725601 35.16184134 39.75475409 44.34766684 49.23569265 54.27127497 59.3068573 62.71873903 66.7011348 71.08812653 75.47511826 79.80259092 84.11305812 88.42352533 92.40582981 96.42022864 100.294532 104.1688353 108.0797088 111.0966909 114.113673 116.408021 117.7990764 119.1901318 122.2821691 
1.866157251 6.488930832 9.660311811 11.23188006 13.12705767 15.28112277 19.31202305 24.11709525 26.50115666 29.30708266 33.89999541 38.78802121 43.54240546 46.60252075 49.74230795 53.16094683 56.87212447 61.2591162 65.58658885 69.76438333 73.55139631 77.51976346 81.85083894 85.9931714 89.86747472 94.08885687 98.35362388 101.4095793 103.7039273 105.0949827 108.9313697 112.9800393 
1.932682077 4.249475594 5.821043845 7.392612097 9.287789709 11.44185481 13.59591991 16.49693449 18.8809959 21.26505731 23.64911871 27.50585909 30.56597437 33.62608966 36.76587686 40.18451574 43.60315463 47.04311414 51.091304 54.87831698 58.66532996 62.63369711 66.96477259 71.29584807 75.56611415 79.78749631 84.05226331 88.31703032 91.53190079 95.58057036 99.62923993 103.6779095 
2.011047511 4.378261553 6.003796807 7.575365058 9.47054267 11.62460777 13.91205784 16.75427485 19.13833625 21.52239766 24.42389039 27.86371167 31.14661171 34.20672699 37.45607735 41.29162879 44.71026767 48.12890656 51.83405863 55.62107161 59.50776575 63.62314878 67.91315471 72.24423019 76.57530568 80.84744029 85.1122073 89.199821 92.78799112 96.29184078 100.3405104 104.3891799 
2.092204824 4.459418866 6.826632908 8.706464031 10.60164164 13.12733539 16.02682184 18.86903884 21.29121503 24.37974904 27.46828306 30.90810434 34.52356925 37.98396424 41.2333146 45.14498771 49.05666082 52.55675641 56.26190848 60.22801964 64.26351413 68.37889716 72.65405726 76.92921735 81.25726759 85.52940221 89.50648903 93.42543745 97.01360757 100.1883048 103.4128247 107.4614943 
2.154184683 4.521398725 6.888612768 9.25582681 12.09122684 14.9907133 17.89019975 20.81069149 23.8992255 26.98775952 30.07629354 33.73115758 37.34662249 40.9620874 44.64337636 48.55504946 52.46672257 56.39902258 60.5587896 64.5942841 68.62977859 72.74516162 77.02032171 81.29548181 85.57022277 89.5229825 93.44193091 97.36087933 100.7518273 103.9265245 107.1012218 110.275919 
2.138972886 4.506186928 6.9537555 9.653132742 12.62150466 15.80507232 18.74171708 21.66220882 24.75074283 28.0107203 31.58489691 35.37504974 39.27319067 42.89422164 46.57551059 50.4871837 54.56487816 58.83425182 63.12263182 67.39282682 71.42832131 75.54370434 79.81886444 84.09259596 88.36527265 92.30608283 96.20938368 100.1283321 103.4033253 105.8733745 108.8776083 112.0523056 
2.123761088 4.706343956 7.405721198 10.10509844 13.07347036 16.25703802 19.44060568 22.51372614 25.97110264 29.54527925 33.11945586 36.90960869 40.80774963 44.70589056 48.50764483 52.73073374 57.0001074 61.26948106 65.55786106 69.85167144 74.14548182 78.34224707 82.61496916 86.88764585 91.16032253 95.10113271 99.00045957 102.8997864 106.1707781 108.6408272 111.1108764 113.8286922 
2.033077563 4.732454806 7.431832048 10.33455563 13.42798292 16.61155058 19.86203711 23.32352394 27.08433444 30.66896673 34.24314334 38.13303953 42.10605783 46.00419877 49.98483587 54.25420952 58.52358318 62.85867363 67.24928071 71.58652915 75.88033953 80.24415882 84.70957708 88.98225377 93.25493046 97.19574063 101.0950675 105.0471876 108.3592372 110.8292864 113.2501094 115.4256264 
1.917236796 4.695080154 7.675831983 10.65658381 13.7500111 17.13426051 20.55833187 24.0198187 27.78062921 31.54143971 35.22987368 39.11976986 43.16752583 47.2152818 51.20439382 55.5086173 59.84753907 64.18646084 68.57706792 72.98244223 77.38174007 81.74555935 86.24939644 90.75323352 95.11605773 99.07134911 103.056999 107.0426489 110.3546985 112.6117092 114.7872262 116.9627432 
1.760436293 4.919427301 7.90017913 10.88093096 14.16589634 17.63296004 21.05703141 24.5366411 28.43719775 32.19800826 35.95881876 39.96787229 44.04135875 48.08911472 52.2015742 56.54049597 60.87941774 65.30117464 69.71646795 74.12184226 78.54183975 83.01239863 87.51623571 92.0200728 96.4927281 100.449325 104.4276347 108.4132846 111.510337 113.5868115 115.7623285 117.9378455 
1.568263556 4.733167081 7.898070607 11.02092218 14.30588756 17.83422379 21.36256002 24.86470026 28.78861658 32.71253289 36.58108032 40.59013384 44.72330888 48.85648391 52.97791054 57.37786662 61.82787643 66.27788624 70.69827578 75.15219554 79.60611531 84.07667419 88.55647176 93.02391479 97.49135782 101.4479547 105.3406958 109.2443299 112.3413823 114.3276878 116.3139933 118.4276002 
1.386084962 4.631345653 7.82785633 10.99275986 14.40852775 18.01069161 21.53902784 25.11131742 29.03523374 32.9649877 36.98619808 41.08205156 45.21522659 49.39123788 53.6756473 58.24581352 62.71638343 67.16639324 71.66628109 76.15726896 80.61118873 85.06961625 89.53705928 93.98377595 98.37777914 102.2216711 106.0550829 109.947824 112.952198 114.8508354 116.8371409 118.8234463 
1.197483445 4.442744136 7.688004827 10.93326552 14.42044716 18.03690655 21.65336595 25.34520915 29.37468362 33.39589399 37.41710437 41.56694201 45.76970663 49.97247125 54.25688067 58.82704689 63.39721311 67.96688997 72.47207945 76.98621816 81.50035687 85.9744504 90.36845359 94.76245678 99.14984684 102.9867314 106.7618594 110.5369874 113.4749147 115.3688299 117.262745 119.1566602 
0.8606217309 4.229346872 7.62837018 11.02739349 14.58246249 18.29723943 22.01201636 25.7684263 29.8579003 33.94737429 38.03684829 42.21019565 46.44565621 50.68111678 54.98327557 59.50426111 64.02524665 68.54623219 73.02681539 77.49585507 81.96489475 86.4103639 90.74974086 95.08911783 99.42849479 103.2627267 107.0338155 110.8049042 113.740372 115.6295229 117.5186737 119.4087634 
0.1802475919 4.067920818 7.955594044 11.84326727 15.70636432 19.54980042 23.39323652 27.27799125 31.49329493 35.70859862 39.9239023 44.40440519 49.01750767 53.63061015 58.2447176 62.86234246 67.47996731 72.09759217 76.66253099 81.21241665 85.76230232 90.26642701 94.67902974 99.09163247 103.5042352 107.3116457 111.0434072 114.7751686 117.3247479 118.3965995 119.4684511 120.5403027 
