0.1276724832 1.538799692 2.9499269 4.361054108 5.865125645 7.443552646 9.021979647 10.61578902 12.33265734 14.04952567 15.766394 17.55516541 19.37988837 21.20461133 23.06287136 25.03851119 27.01415101 28.98979084 31.44894974 34.04625695 36.64356415 39.47138887 42.76024859 46.04910832 49.33796805 52.63209225 55.92687452 59.22165679 61.88076808 63.74529064 65.6098132 67.47433576 
1.225916297 2.415636276 3.605356255 4.795076234 6.056959179 7.505873921 8.954788664 10.39832475 11.67384048 12.93760544 14.2013704 16.03618219 18.08636964 20.13655708 22.27569168 24.72614133 27.17659099 29.62704064 32.46218412 35.3912681 38.32035208 41.22643956 44.14367805 47.06091655 49.97815504 52.83859515 55.69193546 58.54527578 61.03131652 63.10504089 65.17876526 67.25248963 
1.602364832 2.605499542 3.552215381 4.49893122 5.657117187 6.984479257 8.311841327 9.675551778 11.07605862 12.47656546 13.8770723 15.83717346 18.12469332 20.41221318 22.6808376 25.19370482 27.70719936 30.22069389 33.08504824 36.06476145 39.04447467 41.95426381 44.72420482 47.49414583 50.28191888 52.91766185 55.42884971 57.94003757 60.36194148 62.67224044 64.98253941 67.23791227 
1.701026314 2.647742153 3.463519725 4.194403256 5.399539764 6.984078655 8.438886127 9.774375394 11.17488224 12.55527743 13.92776494 15.91027402 18.29617277 20.94361539 23.49079173 25.68703607 27.93756545 30.45105998 33.18122088 35.97328647 38.90170933 41.81149848 44.58143949 47.06857427 49.53765758 52.10983117 54.69489104 57.21806257 59.63996648 61.95874205 64.43488753 66.91103301 
1.850483382 2.524824169 3.2557077 3.986591231 5.191727739 6.776266629 8.36080552 10.03269306 11.21704992 12.58953743 13.96202495 16.2458704 18.89387774 21.54132036 24.08849669 26.28474104 28.48098538 30.46401583 33.01852075 35.81058634 38.60121355 41.11077977 43.56104392 46.03012724 48.49921056 51.07138414 53.65644401 56.26910215 59.17987673 61.78105396 64.25719944 66.73334492 
2.124280748 2.771123267 3.417965785 4.108799469 5.313935977 7.027856098 8.832557525 10.55201987 11.58956957 12.62711927 13.87720707 16.16105252 18.90057694 21.6225952 24.16977153 26.24566696 27.96870959 29.69175223 32.24625716 34.84837312 37.40589957 39.91546579 42.32911156 44.74275733 47.20390099 49.77607458 52.57792951 55.39838144 58.30915602 61.33283391 64.35651181 66.85023679 
2.367883468 3.014725987 3.661568505 4.351998701 5.792237945 7.620820337 9.425521764 11.08167623 11.77165328 12.80920298 13.84675267 16.01895219 18.75847661 21.49800104 23.69768755 25.18279786 26.9058405 28.62888313 30.90702346 33.46454991 36.02207636 38.53164258 40.94528835 43.35893412 45.75383432 48.53402073 51.35447265 54.17492458 57.08569916 60.10937705 63.13305495 66.59968255 
2.576521909 3.223364427 4.001411247 4.80578718 6.246026424 8.194956316 10.10375541 11.75990988 12.22768869 12.69546751 13.63832139 15.81052091 18.40598015 20.85710492 23.04045507 24.28659405 25.53273302 27.22950366 29.5002646 31.92751649 34.41996648 36.9295327 39.33807126 41.72098769 44.10390412 46.88603286 49.71806314 52.54301236 55.45378693 58.64780069 62.28572003 65.92363937 
2.798106045 3.626753929 4.431129863 5.235505796 6.67574504 8.624674932 10.57360482 12.28324529 12.75102411 13.21880292 13.67840479 15.10475656 17.55588133 20.00700611 22.1046162 23.30083058 24.54696956 25.79310854 27.95789089 30.38514278 32.81239466 35.11923753 37.50002934 39.88294577 42.26586221 45.04799095 47.88002123 50.71205151 54.11477513 57.75269447 61.3906138 65.02853314 
3.05852727 3.931932631 4.78863889 5.593014823 7.033254067 8.982183959 10.74641323 12.341886 12.80966481 13.08748684 13.10804951 14.34213255 16.18297579 18.5783083 20.67591839 21.53622709 22.57561314 23.82175211 25.98653446 28.39639309 30.63338945 32.88029245 35.14700875 37.48056873 39.86348516 42.6456139 45.4860278 48.35945219 51.82288055 56.02381387 59.83831846 63.4762378 
3.318948494 4.192353855 5.065759216 5.939164577 7.332184903 9.068619419 10.80505394 12.40052671 12.49656889 12.51713156 12.53769422 13.77177727 15.61262051 17.45346375 19.24722058 20.10752928 20.96783799 21.85039569 23.92045166 26.15744802 28.39444437 30.64134738 32.90806368 35.17477998 37.46110811 40.26844592 43.14187031 46.01529471 49.47872306 53.67965639 57.88058971 61.92394246 
3.408692606 4.282097967 5.155503328 5.710531869 6.520122458 7.974691457 9.711125973 11.25690806 11.27747073 11.29803339 11.2200233 12.01684738 13.62825526 15.46909849 17.09204517 17.95235387 18.81266257 19.26245719 20.99047929 23.19381366 25.43081002 27.66357891 29.89960976 32.16632606 34.43304236 37.23905474 40.11247913 42.76012625 45.97341716 50.17435048 54.44276834 59.82749291 
3.45603379 4.329439151 4.718352083 5.072011743 5.881602332 7.055937665 8.330854483 9.876636572 9.891303566 9.775654644 9.660005721 10.45682979 11.70989036 13.13343738 14.75638405 15.54076777 15.90931616 16.27786455 18.00588666 20.12232982 22.28713425 24.51990315 26.74421712 28.9685311 31.23341209 34.03942447 36.54316829 38.96634527 42.17963618 46.82640485 52.21112942 57.595854 
3.31361283 3.563442761 3.917102421 4.270762081 5.08035267 6.254688003 7.429023336 8.245714358 8.174832753 8.059183831 7.943534908 8.74035898 9.993419549 11.24648012 12.18596431 12.55972233 12.92827072 13.29681912 14.92041861 17.03686177 19.15330493 21.30570503 23.53001901 25.75433298 27.98081781 30.38371073 32.80688772 35.2300647 38.97904567 44.36377025 49.74849482 54.3155938 
2.36639351 2.294938996 2.42570213 2.77936179 3.588952379 4.763287712 5.282842777 5.435256315 5.655878819 5.679180762 5.56353184 6.360355912 7.613416481 8.348080211 8.917077774 9.522239995 9.962269268 10.33081766 11.7263074 13.52357202 15.64001518 17.79241528 20.01672926 22.24778123 24.48840166 26.89129458 29.31447156 31.77557031 35.53673755 40.92146213 44.55094852 46.58803621 
1.41917419 1.347719675 1.276265161 1.287961499 2.097552088 2.328497317 2.472384734 2.624798272 2.845420776 3.06604328 3.183528771 3.961864067 4.520528871 5.079193675 5.648191238 6.253353458 6.858515679 7.364816208 8.760305942 10.44920749 12.13810903 14.27912553 16.51474465 18.75536507 20.9959855 23.40861942 25.87094081 28.33326219 32.09442944 34.78630324 36.82339093 38.86047862 
1.54016965 1.468715136 1.397260621 0.6976489468 -2.265037007 -2.361963655 -2.218076238 -2.264544858 -2.990674744 -2.770052241 -2.549429737 -2.1034457 -1.544780896 -0.986116092 -0.5520704018 0.5879476294 1.19310985 1.79827207 3.246342654 4.935244199 6.624145744 9.151966433 12.01702156 14.25764199 16.49826242 18.67039211 21.1327135 23.59503488 25.86836351 27.9054512 29.94253889 30.94777692 
2.729379891 2.657925376 1.058832114 -2.22411699 -5.186802944 -7.893278377 -8.78854014 -8.83500876 -10.40432567 -11.63178524 -11.41116273 -10.9651787 -10.49979329 -10.59643303 -10.25264691 -8.367370226 -6.868815272 -6.263653052 -4.815582468 -3.136038354 -1.484056125 1.042781562 5.319330166 8.754611981 10.99523241 13.06411306 15.11152623 17.56088838 19.83421701 21.87130469 22.42500532 22.8499311 
3.918590132 1.420015282 -1.862933823 -5.145882928 -8.108568881 -10.81504431 -13.52151975 -15.40547266 -16.97478958 -18.54410649 -20.1134234 -20.10373005 -20.20036979 -20.29700954 -19.95322341 -18.06794673 -16.18267005 -14.32557817 -12.89720545 -11.24522322 -9.593240996 -7.066403309 -2.789854705 1.486693899 5.492202397 7.561083047 9.608496225 11.6559094 13.47730793 13.90223372 14.3271595 14.75208529 
4.857859648 1.201237294 -2.107057291 -5.390006395 -8.352692349 -11.05916778 -13.67858967 -15.8262712 -17.39558811 -18.96490503 -21.79966796 -21.90961833 -21.37330078 -21.46994052 -21.40823396 -20.5963337 -18.71105702 -16.82578034 -15.1219549 -13.46997267 -10.92084202 -7.746448036 -5.32823553 -1.051686927 3.224861677 5.519956569 7.567369747 10.47054836 13.79929344 15.73113902 16.1560648 16.58099059 
5.738196033 2.081573679 -1.575048675 -5.002772741 -7.965458695 -10.42939115 -12.64936825 -14.79704978 -16.45958136 -19.75177824 -23.04397513 -23.1539255 -21.67275262 -20.63215132 -20.57044476 -19.95452615 -19.33860754 -17.66304798 -15.95922254 -12.69532429 -8.806963517 -5.632569536 -3.886109138 -2.139648741 2.000012008 4.2951069 7.732202024 11.4501434 14.77888848 17.62113818 20.3255832 20.75050898 
6.339618768 2.682996414 -0.9736259402 -4.630248294 -8.248774514 -10.46875162 -12.68872872 -15.02784135 -18.32003823 -21.61223512 -24.904432 -25.3956149 -23.91444202 -22.43326914 -21.14437498 -20.52845637 -19.91253776 -19.31678838 -16.40518203 -12.51682126 -8.628460486 -5.454066506 -3.707606108 -1.96114571 0.1301343587 3.300137758 7.018079138 10.73602052 13.20517984 16.04742954 18.88967924 21.73192894 
5.818379019 2.161756665 -1.996755584 -7.7280507 -11.86463995 -14.72546451 -17.02926554 -19.36837817 -22.66057505 -27.37042482 -34.67836355 -34.35779471 -30.2229721 -28.68954732 -27.40065316 -26.78473455 -26.33115367 -26.06499908 -23.45904188 -20.12844763 -16.24008686 -13.06569288 -11.31923248 -8.397511702 -4.607994751 -2.64754274 -0.5134711902 3.20447019 5.168244918 4.939311331 7.038602487 9.880852188 
5.29713927 0.2953352798 -5.435959836 -11.16725495 -15.3038442 -18.16466876 -21.02549332 -23.70891499 -30.05104239 -37.35898111 -44.66691984 -44.346351 -40.21152838 -36.07670577 -33.65693134 -33.34551897 -33.07936438 -32.81320979 -30.20725259 -26.93278035 -23.65830812 -20.67731925 -16.92515776 -13.13564081 -9.346123862 -7.38567185 -5.653852956 -3.922034061 -2.36330541 -2.592238997 -2.821172584 -1.970224565 
5.289555975 -0.4417391414 -6.173034257 -12.40725166 -16.85313161 -19.71395617 -23.09681891 -27.55776908 -29.81025049 -36.83497032 -44.14290905 -47.59071329 -46.28480939 -42.14998677 -38.87486816 -38.60871357 -38.34255899 -37.25861159 -33.76139659 -30.13703932 -26.86256708 -23.88741376 -21.27605769 -17.48654074 -13.69702379 -11.73657177 -10.00475288 -6.488891399 -4.007899214 -4.236832801 -3.547344612 1.718859911 
5.453191497 -0.4721683762 -6.899367584 -13.32656679 -17.77244675 -22.19880192 -26.93581068 -31.39676085 -33.64924226 -35.90172367 -40.11470923 -43.56251347 -45.08025046 -46.59798745 -43.64305741 -42.94322481 -41.81159977 -40.67997473 -37.18275974 -33.00966189 -28.88550879 -25.91035547 -23.53383998 -21.15732448 -17.91884731 -15.46903197 -10.82009916 -6.171166361 -3.690174176 0.0555890836 5.321793607 10.58799813 
4.372199745 0.5959933999 -5.831205807 -12.25840501 -16.94755545 -21.09150004 -25.82850881 -30.25854699 -32.2726649 -34.52514631 -36.77762773 -37.50369444 -38.55306101 -40.070798 -40.99978788 -39.86816284 -38.7365378 -37.05846898 -33.39840475 -29.2253069 -25.38802467 -22.55700588 -20.18049038 -17.80397488 -14.90544412 -11.30822478 -6.7363437 -2.087410897 2.416123201 7.187972859 12.45417738 17.72038191 
2.216365877 -1.471902204 -5.160170284 -9.473886922 -14.16303735 -17.46174877 -20.76046018 -24.87969746 -26.85397103 -28.8282446 -30.89696029 -31.62302701 -31.58588637 -31.54874573 -32.31450711 -30.7802532 -28.91580661 -27.05136002 -23.50832853 -20.45005809 -17.39178765 -14.56076885 -11.78180706 -8.79601732 -5.810227582 -2.213008247 1.460639788 5.248633981 9.752168079 14.0739538 18.39573952 23.35292966 
1.781696965 0.2388465614 -2.605557233 -6.293825313 -8.455024351 -9.777277568 -13.07598898 -16.22754063 -18.2018142 -20.03689214 -19.69123857 -19.55126029 -19.51411966 -18.88699667 -17.69933725 -15.83945491 -13.97578931 -12.11134271 -9.866063874 -7.241256814 -4.182986372 -1.148876164 1.836913574 4.747067441 7.46485606 10.14881123 13.32108081 16.99472885 20.08653345 22.5510728 26.87285852 31.19464424 
2.102891425 0.5600410216 -0.9828093821 -2.525659786 -4.380063129 -5.319606934 -6.259150739 -7.963483699 -7.933897612 -7.588244043 -7.242590474 -7.023717491 -6.028121769 -5.032526048 -3.844866632 -1.984984286 -0.1251019407 1.722118673 3.915873867 6.269961918 8.624049969 11.09937154 13.81716016 16.53494878 19.50893518 23.19555937 25.87528536 28.55501136 32.06229833 34.42679864 36.79129896 39.15579928 
-0.7890490987 -4.568554142 -8.896934066 -13.22531399 -16.62452269 -20.22372519 -23.82292768 -27.27390217 -29.5390526 -31.80420302 -34.06935345 -35.25444341 -36.67117225 -38.08790109 -38.33319545 -37.74581721 -37.15843896 -36.57106071 -33.83147261 -30.47696741 -27.12246221 -23.88890124 -19.05484878 -14.22079632 -9.386743861 -3.529110212 2.456471084 8.442052381 14.019242 20.55159769 27.08395337 32.79505367 
-0.09144757525 -1.295843632 -2.500239689 -3.704635746 -5.059971962 -6.536060305 -8.012148648 -9.371355828 -9.795513706 -10.21967158 -10.64382946 -10.41273051 -9.854003149 -9.295275786 -8.596924542 -7.409889717 -6.222854892 -5.035820066 -3.194231139 -1.165626755 0.8629776298 3.208606839 6.188285697 9.167964554 12.14764341 16.0943592 20.16195461 24.22955001 28.45665199 32.88313717 37.30962235 41.73610753 
